DIMENSION: 6
EDGE_WEIGHT_TYPE: EXPLICIT
EDGE_WEIGHT_FORMAT: FULL_MATRIX
EDGE_WEIGHT_SECTION:
32767 36 32767 32767 62 32767 
36 32767 37 67 32767 32767 
32767 37 32767 68 43 27 
32767 67 68 32767 83 40 
62 32767 43 83 32767 92 
32767 32767 27 40 92 32767 
EOF