DIMENSION: 6
EDGE_WEIGHT_TYPE: EXPLICIT
EDGE_WEIGHT_FORMAT: FULL_MATRIX
EDGE_WEIGHT_SECTION:
32767 11 11 79 32767 94 
11 32767 32767 24 65 97 
11 32767 32767 66 61 32 
79 24 66 32767 29 28 
32767 65 61 29 32767 63 
94 97 32 28 63 32767 
EOF