DIMENSION: 26
EDGE_WEIGHT_TYPE: EXPLICIT
EDGE_WEIGHT_FORMAT: FULL_MATRIX
EDGE_WEIGHT_SECTION:
32767 32767 33 76 98 34 95 61 32767 32767 32767 32767 32767 32767 45 6 32767 87 32767 30 32767 97 32767 92 61 32767 
32767 32767 32767 32767 32767 73 32 32767 32767 32767 58 32767 57 32767 10 32 32767 54 32767 32767 24 32767 32767 32767 80 32767 
33 32767 32767 31 21 32767 32767 32767 32767 60 32767 32767 7 32767 32767 32767 32767 32767 32767 32767 30 32767 32767 77 32767 32767 
76 32767 31 32767 32767 27 32767 32767 51 2 59 32767 32767 28 23 54 32767 32767 32767 99 28 88 66 32767 32767 32767 
98 32767 21 32767 32767 32767 32767 32767 32767 32767 21 85 69 32767 32767 11 50 32767 84 49 32767 39 32767 56 32767 30 
34 73 32767 27 32767 32767 50 72 32767 44 74 32767 15 32767 77 32767 32767 7 17 32767 32767 32767 33 5 42 15 
95 32 32767 32767 32767 50 32767 32767 38 32767 32767 32767 32767 32767 32767 32767 50 58 43 17 84 32767 86 71 32767 86 
61 32767 32767 32767 32767 72 32767 32767 61 32767 9 32767 32767 71 12 76 32767 32767 98 32767 65 32767 100 81 100 14 
32767 32767 32767 51 32767 32767 38 61 32767 32767 35 89 95 32767 32767 1 56 42 65 32767 32767 32767 32767 32767 89 89 
32767 32767 60 2 32767 44 32767 32767 32767 32767 49 23 32767 32767 48 51 100 32767 44 22 32767 63 80 42 32767 32767 
32767 58 32767 59 21 74 32767 9 35 49 32767 46 32767 32767 32767 32767 75 32767 41 79 32767 28 32767 83 32767 32767 
32767 32767 32767 32767 85 32767 32767 32767 89 23 46 32767 87 19 9 77 40 40 32767 74 32767 32767 51 32767 32767 32767 
32767 57 7 32767 69 15 32767 32767 95 32767 32767 87 32767 32767 6 79 32767 32767 32767 41 32767 12 41 32767 32767 32767 
32767 32767 32767 28 32767 32767 32767 71 32767 32767 32767 19 32767 32767 32767 73 98 83 97 58 32767 32767 32767 95 32767 85 
45 10 32767 23 32767 77 32767 12 32767 48 32767 9 6 32767 32767 32767 41 78 23 32767 67 32767 32767 40 32767 37 
6 32 32767 54 11 32767 32767 76 1 51 32767 77 79 73 32767 32767 61 32767 32767 32767 32767 33 32767 79 32767 64 
32767 32767 32767 32767 50 32767 50 32767 56 100 75 40 32767 98 41 61 32767 62 54 28 11 32767 32767 41 32767 15 
87 54 32767 32767 32767 7 58 32767 42 32767 32767 40 32767 83 78 32767 62 32767 77 34 7 83 63 32767 32767 96 
32767 32767 32767 32767 84 17 43 98 65 44 41 32767 32767 97 23 32767 54 77 32767 8 32767 32767 43 90 1 64 
30 32767 32767 99 49 32767 17 32767 32767 22 79 74 41 58 32767 32767 28 34 8 32767 74 32767 32767 32767 32767 32767 
32767 24 30 28 32767 32767 84 65 32767 32767 32767 32767 32767 32767 67 32767 11 7 32767 74 32767 18 32767 100 32767 32767 
97 32767 32767 88 39 32767 32767 32767 32767 63 28 32767 12 32767 32767 33 32767 83 32767 32767 18 32767 32767 32767 32767 32767 
32767 32767 32767 66 32767 33 86 100 32767 80 32767 51 41 32767 32767 32767 32767 63 43 32767 32767 32767 32767 32767 62 32767 
92 32767 77 32767 56 5 71 81 32767 42 83 32767 32767 95 40 79 41 32767 90 32767 100 32767 32767 32767 24 32767 
61 80 32767 32767 32767 42 32767 100 89 32767 32767 32767 32767 32767 32767 32767 32767 32767 1 32767 32767 32767 62 24 32767 66 
32767 32767 32767 32767 30 15 86 14 89 32767 32767 32767 32767 85 37 64 15 96 64 32767 32767 32767 32767 32767 66 32767 
EOF