DIMENSION: 26
EDGE_WEIGHT_TYPE: EXPLICIT
EDGE_WEIGHT_FORMAT: FULL_MATRIX
EDGE_WEIGHT_SECTION:
32767 19 13 32767 32767 69 73 32767 2 32767 32767 32767 32767 32767 81 43 61 32767 96 37 37 40 32767 32767 32767 77 
19 32767 32767 32767 87 2 2 32767 32767 71 32767 32767 81 7 25 53 2 32767 32767 32767 17 51 40 32767 32767 53 
13 32767 32767 87 32767 32767 13 72 32767 1 32767 32767 32767 43 32767 26 32767 100 79 32767 32767 32767 47 8 32767 50 
32767 32767 87 32767 32767 32767 74 32767 47 69 93 83 12 32767 32767 32767 32767 15 6 15 88 86 32767 17 86 32767 
32767 87 32767 32767 32767 24 50 77 32767 32767 32767 32767 18 32767 32767 99 39 57 8 32767 45 32767 61 88 32767 63 
69 2 32767 32767 24 32767 28 32767 32767 17 32767 40 19 25 32767 63 32767 32767 80 98 92 32767 36 39 1 32767 
73 2 13 74 50 28 32767 58 66 32767 47 28 63 32767 32 59 84 29 32767 32767 32 32767 70 24 68 32767 
32767 32767 72 32767 77 32767 58 32767 32767 86 100 71 32767 32767 30 32767 32767 32767 32767 32767 32767 52 32767 32767 32767 32767 
2 32767 32767 47 32767 32767 66 32767 32767 34 35 32767 54 32767 32767 32767 22 99 2 32767 32767 32767 32767 32767 36 8 
32767 71 1 69 32767 17 32767 86 34 32767 13 32767 87 32767 32767 32767 32767 29 7 32767 82 32767 56 41 32767 16 
32767 32767 32767 93 32767 32767 47 100 35 13 32767 32767 32767 32767 46 76 32767 45 32767 32767 55 84 17 32767 32767 32767 
32767 32767 32767 83 32767 40 28 71 32767 32767 32767 32767 32767 32767 32767 2 32767 32767 32 32767 32767 85 32767 3 2 32767 
32767 81 32767 12 18 19 63 32767 54 87 32767 32767 32767 32767 32767 97 32767 32767 32767 57 32767 32767 32767 32767 32767 78 
32767 7 43 32767 32767 25 32767 32767 32767 32767 32767 32767 32767 32767 36 26 32767 75 61 32767 32767 32767 51 81 48 88 
81 25 32767 32767 32767 32767 32 30 32767 32767 46 32767 32767 36 32767 32767 91 32767 32767 74 32767 98 89 20 56 41 
43 53 26 32767 99 63 59 32767 32767 32767 76 2 97 26 32767 32767 57 63 76 18 57 36 32767 48 44 32767 
61 2 32767 32767 39 32767 84 32767 22 32767 32767 32767 32767 32767 91 57 32767 69 18 64 32767 35 58 32767 32767 32767 
32767 32767 100 15 57 32767 29 32767 99 29 45 32767 32767 75 32767 63 69 32767 99 9 32767 32767 32767 32767 90 54 
96 32767 79 6 8 80 32767 32767 2 7 32767 32 32767 61 32767 76 18 99 32767 32767 40 32767 32767 58 32767 75 
37 32767 32767 15 32767 98 32767 32767 32767 32767 32767 32767 57 32767 74 18 64 9 32767 32767 63 32767 33 28 9 94 
37 17 32767 88 45 92 32 32767 32767 82 55 32767 32767 32767 32767 57 32767 32767 40 63 32767 26 1 51 32767 18 
40 51 32767 86 32767 32767 32767 52 32767 32767 84 85 32767 32767 98 36 35 32767 32767 32767 26 32767 32767 85 32767 94 
32767 40 47 32767 61 36 70 32767 32767 56 17 32767 32767 51 89 32767 58 32767 32767 33 1 32767 32767 32767 32767 1 
32767 32767 8 17 88 39 24 32767 32767 41 32767 3 32767 81 20 48 32767 32767 58 28 51 85 32767 32767 52 39 
32767 32767 32767 86 32767 1 68 32767 36 32767 32767 2 32767 48 56 44 32767 90 32767 9 32767 32767 32767 52 32767 32767 
77 53 50 32767 63 32767 32767 32767 8 16 32767 32767 78 88 41 32767 32767 54 75 94 18 94 1 39 32767 32767 
EOF