DIMENSION: 26
EDGE_WEIGHT_TYPE: EXPLICIT
EDGE_WEIGHT_FORMAT: FULL_MATRIX
EDGE_WEIGHT_SECTION:
32767 32767 47 32767 32767 32767 32767 88 32767 65 32767 32767 56 69 3 32767 89 32767 32767 32767 88 32767 92 32767 32767 13 
32767 32767 32767 29 81 32767 97 80 69 90 32767 55 32767 12 33 32767 32767 32767 32767 52 32767 32767 32767 98 32767 30 
47 32767 32767 63 32767 32767 32767 32767 70 32767 32767 32767 32767 18 51 32767 32767 32767 66 12 32767 32767 32767 32767 18 27 
32767 29 63 32767 32767 32767 32767 81 39 40 2 46 41 25 26 22 96 32767 32767 32767 32767 39 32767 17 32767 32767 
32767 81 32767 32767 32767 79 55 32767 32767 32767 27 4 31 32767 32767 65 32767 13 32767 34 16 32767 14 57 32767 87 
32767 32767 32767 32767 79 32767 16 32767 1 32767 36 9 32767 84 32767 32767 32767 12 32767 32767 41 22 32767 66 46 32767 
32767 97 32767 32767 55 16 32767 32767 32767 32767 74 32767 63 32767 24 32767 32767 21 87 32767 32767 32767 65 44 32767 75 
88 80 32767 81 32767 32767 32767 32767 32767 32767 30 34 32767 59 5 44 32767 32767 31 32767 32767 32767 87 18 23 57 
32767 69 70 39 32767 1 32767 32767 32767 32767 83 32767 54 32767 39 10 32767 14 82 32767 32767 32767 71 32767 32767 32767 
65 90 32767 40 32767 32767 32767 32767 32767 32767 32767 32767 32767 87 32767 99 76 77 32767 32767 19 6 32767 72 32767 32767 
32767 32767 32767 2 27 36 74 30 83 32767 32767 56 84 57 88 32767 19 94 32767 32767 73 56 32767 32767 45 32767 
32767 55 32767 46 4 9 32767 34 32767 32767 56 32767 2 32767 32767 32767 69 52 32767 32767 32767 32767 32767 32767 71 32767 
56 32767 32767 41 31 32767 63 32767 54 32767 84 2 32767 32767 76 7 32767 32767 32767 69 32767 60 98 32767 32767 66 
69 12 18 25 32767 84 32767 59 32767 87 57 32767 32767 32767 32767 17 32767 98 50 40 32767 39 32767 32767 45 32767 
3 33 51 26 32767 32767 24 5 39 32767 88 32767 76 32767 32767 32767 30 40 32767 32767 22 20 59 32767 32767 32767 
32767 32767 32767 22 65 32767 32767 44 10 99 32767 32767 7 17 32767 32767 32767 32767 60 93 17 90 29 32767 11 32767 
89 32767 32767 96 32767 32767 32767 32767 32767 76 19 69 32767 32767 30 32767 32767 92 96 79 32767 72 32767 32767 32767 92 
32767 32767 32767 32767 13 12 21 32767 14 77 94 52 32767 98 40 32767 92 32767 30 32767 32767 32767 28 32767 32767 32767 
32767 32767 66 32767 32767 32767 87 31 82 32767 32767 32767 32767 50 32767 60 96 30 32767 32767 32767 32767 32767 69 7 32767 
32767 52 12 32767 34 32767 32767 32767 32767 32767 32767 32767 69 40 32767 93 79 32767 32767 32767 32767 32767 36 32767 32767 9 
88 32767 32767 32767 16 41 32767 32767 32767 19 73 32767 32767 32767 22 17 32767 32767 32767 32767 32767 41 32767 32767 32767 32767 
32767 32767 32767 39 32767 22 32767 32767 32767 6 56 32767 60 39 20 90 72 32767 32767 32767 41 32767 32767 32767 4 46 
92 32767 32767 32767 14 32767 65 87 71 32767 32767 32767 98 32767 59 29 32767 28 32767 36 32767 32767 32767 32767 32767 32767 
32767 98 32767 17 57 66 44 18 32767 72 32767 32767 32767 32767 32767 32767 32767 32767 69 32767 32767 32767 32767 32767 49 4 
32767 32767 18 32767 32767 46 32767 23 32767 32767 45 71 32767 45 32767 11 32767 32767 7 32767 32767 4 32767 49 32767 51 
13 30 27 32767 87 32767 75 57 32767 32767 32767 32767 66 32767 32767 32767 92 32767 32767 9 32767 46 32767 4 51 32767 
EOF