DIMENSION: 26
EDGE_WEIGHT_TYPE: EXPLICIT
EDGE_WEIGHT_FORMAT: FULL_MATRIX
EDGE_WEIGHT_SECTION:
32767 32767 32767 32767 19 63 73 11 32767 32767 54 31 56 27 59 19 27 7 32767 33 32767 32767 13 32767 43 42 
32767 32767 32767 100 32767 32767 32767 76 32767 54 89 32767 32767 32767 50 32767 95 52 32767 32767 86 32767 32767 32767 16 32767 
32767 32767 32767 32767 70 40 34 32767 31 40 32767 4 3 32767 38 32767 32767 32767 32767 65 32767 32767 32767 50 32767 32767 
32767 100 32767 32767 7 67 85 32767 95 67 62 52 32767 32767 32767 32767 27 88 71 80 32767 35 32767 41 50 2 
19 32767 70 7 32767 32767 96 32767 45 32767 32767 32767 37 12 32767 32767 79 32767 32767 84 32767 32767 32767 84 32767 32767 
63 32767 40 67 32767 32767 32767 32767 6 14 13 25 32767 95 32767 58 32767 32767 32767 32767 32767 32767 93 92 49 32767 
73 32767 34 85 96 32767 32767 32767 32767 22 32767 32767 32767 32767 32767 2 32767 32767 76 32767 34 99 32 32767 22 46 
11 76 32767 32767 32767 32767 32767 32767 32767 47 41 32767 32767 32767 32767 81 81 38 91 32767 98 32767 32767 38 10 32767 
32767 32767 31 95 45 6 32767 32767 32767 32767 32767 95 57 32767 32767 32767 32767 10 72 31 32767 32767 66 32767 32767 45 
32767 54 40 67 32767 14 22 47 32767 32767 32767 23 32767 32767 84 68 73 84 32767 32 99 12 34 27 14 32767 
54 89 32767 62 32767 13 32767 41 32767 32767 32767 32767 32767 32767 30 56 32767 32767 32767 77 32767 32767 32767 66 25 30 
31 32767 4 52 32767 25 32767 32767 95 23 32767 32767 41 97 88 16 67 77 33 83 32767 34 32767 32767 32767 64 
56 32767 3 32767 37 32767 32767 32767 57 32767 32767 41 32767 58 24 30 32767 22 32767 48 32767 63 32767 14 32767 32767 
27 32767 32767 32767 12 95 32767 32767 32767 32767 32767 97 58 32767 23 37 29 32767 39 96 12 32767 45 82 32767 32 
59 50 38 32767 32767 32767 32767 32767 32767 84 30 88 24 23 32767 26 32767 40 32767 5 32767 32767 32767 95 94 58 
19 32767 32767 32767 32767 58 2 81 32767 68 56 16 30 37 26 32767 32767 32767 32767 32767 72 32767 68 32767 32767 32767 
27 95 32767 27 79 32767 32767 81 32767 73 32767 67 32767 29 32767 32767 32767 32767 32767 32767 25 99 32767 32767 3 32767 
7 52 32767 88 32767 32767 32767 38 10 84 32767 77 22 32767 40 32767 32767 32767 97 32767 32767 35 32767 32767 32767 32767 
32767 32767 32767 71 32767 32767 76 91 72 32767 32767 33 32767 39 32767 32767 32767 97 32767 32767 32767 40 32767 32767 32767 32767 
33 32767 65 80 84 32767 32767 32767 31 32 77 83 48 96 5 32767 32767 32767 32767 32767 32767 32767 62 32767 84 32767 
32767 86 32767 32767 32767 32767 34 98 32767 99 32767 32767 32767 12 32767 72 25 32767 32767 32767 32767 32767 32767 55 5 32767 
32767 32767 32767 35 32767 32767 99 32767 32767 12 32767 34 63 32767 32767 32767 99 35 40 32767 32767 32767 57 32767 32767 12 
13 32767 32767 32767 32767 93 32 32767 66 34 32767 32767 32767 45 32767 68 32767 32767 32767 62 32767 57 32767 32767 32767 76 
32767 32767 50 41 84 92 32767 38 32767 27 66 32767 14 82 95 32767 32767 32767 32767 32767 55 32767 32767 32767 43 35 
43 16 32767 50 32767 49 22 10 32767 14 25 32767 32767 32767 94 32767 3 32767 32767 84 5 32767 32767 43 32767 32767 
42 32767 32767 2 32767 32767 46 32767 45 32767 30 64 32767 32 58 32767 32767 32767 32767 32767 32767 12 76 35 32767 32767 
EOF