DIMENSION: 22
EDGE_WEIGHT_TYPE: EXPLICIT
EDGE_WEIGHT_FORMAT: FULL_MATRIX
EDGE_WEIGHT_SECTION:
32767 32767 32767 8 32767 32767 32767 66 32767 32767 32767 32767 58 32767 99 32767 32767 62 32767 32767 32767 32767 
32767 32767 32767 32767 32767 32767 32767 32767 32767 32767 70 97 16 32767 94 32767 51 9 32767 32767 32767 70 
32767 32767 32767 32767 32767 32767 32767 66 32767 18 32767 32767 76 32767 32767 32767 44 32767 38 58 32767 32767 
8 32767 32767 32767 41 6 33 32767 32767 32767 32767 32767 11 32767 32767 32767 32767 32767 32767 81 94 32767 
32767 32767 32767 41 32767 17 32767 32767 32767 32767 32767 32767 79 32767 32767 34 54 32767 62 32767 39 16 
32767 32767 32767 6 17 32767 27 24 23 4 32767 32767 32767 32767 32767 32767 32767 32767 32767 81 42 32767 
32767 32767 32767 33 32767 27 32767 32767 27 61 73 32767 16 32767 91 32767 90 13 89 32767 32767 32767 
66 32767 66 32767 32767 24 32767 32767 32767 32767 44 32767 37 16 76 32767 32767 32767 63 32767 32767 32767 
32767 32767 32767 32767 32767 23 27 32767 32767 32767 32767 32767 20 32767 73 32767 32767 68 32767 32767 10 40 
32767 32767 18 32767 32767 4 61 32767 32767 32767 32767 32767 77 8 32767 32767 32767 32767 32767 32767 15 32767 
32767 70 32767 32767 32767 32767 73 44 32767 32767 32767 32767 72 49 93 90 32767 32767 32767 32767 10 32767 
32767 97 32767 32767 32767 32767 32767 32767 32767 32767 32767 32767 32767 32767 76 32767 32767 13 84 14 32767 66 
58 16 76 11 79 32767 16 37 20 77 72 32767 32767 32767 32767 32767 32767 84 32767 32767 16 44 
32767 32767 32767 32767 32767 32767 32767 16 32767 8 49 32767 32767 32767 32767 53 32767 3 32767 32767 32767 28 
99 94 32767 32767 32767 32767 91 76 73 32767 93 76 32767 32767 32767 32767 32767 32767 32767 32767 32767 7 
32767 32767 32767 32767 34 32767 32767 32767 32767 32767 90 32767 32767 53 32767 32767 68 32767 32767 83 12 32767 
32767 51 44 32767 54 32767 90 32767 32767 32767 32767 32767 32767 32767 32767 68 32767 15 32767 32767 3 32767 
62 9 32767 32767 32767 32767 13 32767 68 32767 32767 13 84 3 32767 32767 15 32767 6 32767 32767 32767 
32767 32767 38 32767 62 32767 89 63 32767 32767 32767 84 32767 32767 32767 32767 32767 6 32767 32767 6 95 
32767 32767 58 81 32767 81 32767 32767 32767 32767 32767 14 32767 32767 32767 83 32767 32767 32767 32767 11 43 
32767 32767 32767 94 39 42 32767 32767 10 15 10 32767 16 32767 32767 12 3 32767 6 11 32767 5 
32767 70 32767 32767 16 32767 32767 32767 40 32767 32767 66 44 28 7 32767 32767 32767 95 43 5 32767 
EOF