DIMENSION: 30
EDGE_WEIGHT_TYPE: EXPLICIT
EDGE_WEIGHT_FORMAT: FULL_MATRIX
EDGE_WEIGHT_SECTION:
32767 59 19 32767 17 32767 8 32767 91 32767 32767 32767 37 73 74 32767 32767 22 32767 32767 15 32767 26 30 32767 46 32767 5 43 68 
59 32767 60 26 56 37 11 32767 80 32767 32767 60 71 32767 78 32767 32767 4 47 32767 32767 36 45 26 31 67 42 32767 90 32767 
19 60 32767 1 40 99 83 25 10 84 36 32767 32 57 13 50 11 77 32767 46 64 32767 14 32767 68 75 32767 58 89 25 
32767 26 1 32767 11 4 50 32767 12 9 33 20 32767 26 98 29 89 32767 32767 32767 70 26 89 45 7 44 58 86 32767 57 
17 56 40 11 32767 32767 82 46 30 88 58 32767 79 66 3 64 32767 65 100 13 15 32767 32767 32767 26 68 82 61 51 12 
32767 37 99 4 32767 32767 32767 32767 1 51 85 32767 45 1 19 79 32767 1 22 14 13 32767 15 38 32767 66 32767 16 38 38 
8 11 83 50 82 32767 32767 30 32767 49 73 74 99 93 32767 5 32767 19 65 100 8 97 32767 96 77 93 74 92 23 35 
32767 32767 25 32767 46 32767 30 32767 8 32767 12 46 99 95 32767 32767 3 19 83 21 32767 91 32767 32767 32767 32767 50 32767 57 80 
91 80 10 12 30 1 32767 8 32767 32767 25 32767 34 90 97 63 88 40 4 32767 88 32767 7 33 77 32767 32767 10 32767 11 
32767 32767 84 9 88 51 49 32767 32767 32767 18 39 55 4 70 13 3 32767 42 67 32767 32767 32767 32767 40 49 36 64 32767 22 
32767 32767 36 33 58 85 73 12 25 18 32767 32767 28 46 29 65 99 40 32767 32767 40 56 40 30 32767 65 32767 100 32767 26 
32767 60 32767 20 32767 32767 74 46 32767 39 32767 32767 12 32767 32767 61 81 5 60 32767 17 99 32767 38 67 32767 31 32767 32767 70 
37 71 32 32767 79 45 99 99 34 55 28 12 32767 59 84 32767 100 32767 32767 24 32767 35 32767 4 97 32767 87 85 77 64 
73 32767 57 26 66 1 93 95 90 4 46 32767 59 32767 1 87 71 2 69 60 32767 60 18 42 88 52 77 32767 92 32767 
74 78 13 98 3 19 32767 32767 97 70 29 32767 84 1 32767 7 62 86 14 21 76 86 32767 97 32767 3 32767 42 32767 100 
32767 32767 50 29 64 79 5 32767 63 13 65 61 32767 87 7 32767 8 73 56 93 75 88 36 66 89 38 99 32767 53 74 
32767 32767 11 89 32767 32767 32767 3 88 3 99 81 100 71 62 8 32767 32767 25 60 32767 32767 32767 47 69 32767 32767 2 32767 32767 
22 4 77 32767 65 1 19 19 40 32767 40 5 32767 2 86 73 32767 32767 97 32767 32767 85 32767 96 1 48 100 92 8 32767 
32767 47 32767 32767 100 22 65 83 4 42 32767 60 32767 69 14 56 25 97 32767 84 32767 53 5 44 87 33 32767 32767 19 32767 
32767 32767 46 32767 13 14 100 21 32767 67 32767 32767 24 60 21 93 60 32767 84 32767 66 84 33 38 73 32767 7 32767 32767 58 
15 32767 64 70 15 13 8 32767 88 32767 40 17 32767 32767 76 75 32767 32767 32767 66 32767 32767 32767 4 50 82 32767 40 43 99 
32767 36 32767 26 32767 32767 97 91 32767 32767 56 99 35 60 86 88 32767 85 53 84 32767 32767 31 47 12 32767 37 33 29 30 
26 45 14 89 32767 15 32767 32767 7 32767 40 32767 32767 18 32767 36 32767 32767 5 33 32767 31 32767 32767 10 37 49 67 51 97 
30 26 32767 45 32767 38 96 32767 33 32767 30 38 4 42 97 66 47 96 44 38 4 47 32767 32767 57 5 30 54 38 29 
32767 31 68 7 26 32767 77 32767 77 40 32767 67 97 88 32767 89 69 1 87 73 50 12 10 57 32767 56 32767 39 38 62 
46 67 75 44 68 66 93 32767 32767 49 65 32767 32767 52 3 38 32767 48 33 32767 82 32767 37 5 56 32767 7 37 66 87 
32767 42 32767 58 82 32767 74 50 32767 36 32767 31 87 77 32767 99 32767 100 32767 7 32767 37 49 30 32767 7 32767 19 32 88 
5 32767 58 86 61 16 92 32767 10 64 100 32767 85 32767 42 32767 2 92 32767 32767 40 33 67 54 39 37 19 32767 95 32767 
43 90 89 32767 51 38 23 57 32767 32767 32767 32767 77 92 32767 53 32767 8 19 32767 43 29 51 38 38 66 32 95 32767 87 
68 32767 25 57 12 38 35 80 11 22 26 70 64 32767 100 74 32767 32767 32767 58 99 30 97 29 62 87 88 32767 87 32767 
EOF