DIMENSION: 30
EDGE_WEIGHT_TYPE: EXPLICIT
EDGE_WEIGHT_FORMAT: FULL_MATRIX
EDGE_WEIGHT_SECTION:
32767 89 68 32767 26 69 11 73 32767 32767 72 44 63 32767 32767 89 74 76 96 6 65 86 17 37 82 32767 45 32767 92 24 
89 32767 39 28 32767 32767 27 18 52 72 8 9 14 32767 32767 32767 94 5 34 84 87 66 93 32767 48 32767 32767 32767 88 32767 
68 39 32767 48 40 24 32767 28 98 43 32767 32767 70 90 37 53 29 32767 80 32767 32767 61 32767 1 99 3 77 32767 71 47 
32767 28 48 32767 32767 17 90 23 85 32767 33 30 79 51 43 5 97 12 32767 32767 32767 91 32767 32767 22 64 70 46 32 33 
26 32767 40 32767 32767 32767 75 32767 17 69 44 64 100 24 32767 59 51 65 4 91 100 32767 32767 32767 17 32767 32767 32767 11 32767 
69 32767 24 17 32767 32767 32767 99 65 9 77 7 53 24 32767 14 37 56 11 32767 53 86 92 81 13 32767 73 32767 32767 32767 
11 27 32767 90 75 32767 32767 95 30 32767 68 68 19 43 32767 81 55 48 45 39 76 32767 26 32767 32767 91 15 73 43 32767 
73 18 28 23 32767 99 95 32767 61 31 66 26 80 32767 77 8 80 32767 57 47 72 56 32767 89 34 39 60 32767 74 32767 
32767 52 98 85 17 65 30 61 32767 54 32767 32767 85 32767 64 32767 21 36 32767 5 44 9 80 32767 32767 32767 38 22 32767 32767 
32767 72 43 32767 69 9 32767 31 54 32767 73 32767 32767 32767 32767 73 66 54 6 9 32767 55 26 22 32767 70 15 18 21 47 
72 8 32767 33 44 77 68 66 32767 73 32767 99 57 26 32767 32767 27 93 97 32767 30 26 32767 43 86 66 10 45 65 32767 
44 9 32767 30 64 7 68 26 32767 32767 99 32767 32767 32767 32767 32767 32767 32767 32767 54 7 64 32767 89 33 19 32767 27 42 8 
63 14 70 79 100 53 19 80 85 32767 57 32767 32767 95 32 97 32767 91 25 39 32767 32767 50 32767 32767 97 92 11 42 73 
32767 32767 90 51 24 24 43 32767 32767 32767 26 32767 95 32767 32767 32767 76 94 11 43 32767 19 17 32767 32767 7 30 55 40 32767 
32767 32767 37 43 32767 32767 32767 77 64 32767 32767 32767 32 32767 32767 23 26 43 4 32767 49 40 100 72 58 27 48 32767 32767 32767 
89 32767 53 5 59 14 81 8 32767 73 32767 32767 97 32767 23 32767 32767 13 81 94 84 85 96 29 11 37 12 32 52 32767 
74 94 29 97 51 37 55 80 21 66 27 32767 32767 76 26 32767 32767 99 23 74 41 16 91 82 32767 32767 78 60 61 10 
76 5 32767 12 65 56 48 32767 36 54 93 32767 91 94 43 13 99 32767 32767 69 15 32767 84 58 50 41 32767 8 23 21 
96 34 80 32767 4 11 45 57 32767 6 97 32767 25 11 4 81 23 32767 32767 62 82 64 20 32767 32767 41 53 3 39 32767 
6 84 32767 32767 91 32767 39 47 5 9 32767 54 39 43 32767 94 74 69 62 32767 96 32767 32767 32767 91 32767 32767 11 17 28 
65 87 32767 32767 100 53 76 72 44 32767 30 7 32767 32767 49 84 41 15 82 96 32767 31 52 90 49 45 86 68 24 71 
86 66 61 91 32767 86 32767 56 9 55 26 64 32767 19 40 85 16 32767 64 32767 31 32767 32767 59 98 32767 11 92 35 77 
17 93 32767 32767 32767 92 26 32767 80 26 32767 32767 50 17 100 96 91 84 20 32767 52 32767 32767 15 20 32767 68 38 32767 89 
37 32767 1 32767 32767 81 32767 89 32767 22 43 89 32767 32767 72 29 82 58 32767 32767 90 59 15 32767 98 83 32767 90 71 32767 
82 48 99 22 17 13 32767 34 32767 32767 86 33 32767 32767 58 11 32767 50 32767 91 49 98 20 98 32767 39 32767 30 32767 1 
32767 32767 3 64 32767 32767 91 39 32767 70 66 19 97 7 27 37 32767 41 41 32767 45 32767 32767 83 39 32767 32767 67 32767 23 
45 32767 77 70 32767 73 15 60 38 15 10 32767 92 30 48 12 78 32767 53 32767 86 11 68 32767 32767 32767 32767 32767 32767 32767 
32767 32767 32767 46 32767 32767 73 32767 22 18 45 27 11 55 32767 32 60 8 3 11 68 92 38 90 30 67 32767 32767 32767 31 
92 88 71 32 11 32767 43 74 32767 21 65 42 42 40 32767 52 61 23 39 17 24 35 32767 71 32767 32767 32767 32767 32767 41 
24 32767 47 33 32767 32767 32767 32767 32767 47 32767 8 73 32767 32767 32767 10 21 32767 28 71 77 89 32767 1 23 32767 31 41 32767 
EOF