DIMENSION: 30
EDGE_WEIGHT_TYPE: EXPLICIT
EDGE_WEIGHT_FORMAT: FULL_MATRIX
EDGE_WEIGHT_SECTION:
32767 76 62 79 3 52 35 34 90 32767 32767 32767 37 46 32767 53 18 37 41 2 95 66 84 62 22 8 25 50 84 32767 
76 32767 96 61 32767 79 3 21 32767 32767 32767 32767 16 10 88 77 32767 53 32767 16 32767 24 37 32767 76 32767 79 23 13 21 
62 96 32767 5 63 30 62 39 19 82 99 32767 87 67 6 40 91 32767 32 12 36 74 71 42 53 93 10 90 29 99 
79 61 5 32767 87 32767 81 32767 32767 92 32767 79 76 32767 32767 91 59 8 29 46 1 99 16 17 32767 32767 4 68 32767 98 
3 32767 63 87 32767 33 97 92 32767 34 95 17 32 32767 32767 32767 85 35 32767 32767 90 32767 97 27 39 87 71 13 79 70 
52 79 30 32767 33 32767 51 63 35 56 15 41 31 32767 79 84 32767 64 1 32767 13 15 32767 61 16 44 55 32767 32767 41 
35 3 62 81 97 51 32767 32767 23 32767 1 85 32767 100 50 62 27 32767 90 61 62 7 32767 61 32767 56 32767 32767 85 32767 
34 21 39 32767 92 63 32767 32767 21 57 70 6 23 10 26 18 58 41 28 12 61 95 79 32767 32767 60 32767 32767 32767 28 
90 32767 19 32767 32767 35 23 21 32767 93 72 37 20 29 63 32767 16 46 32767 32767 74 32767 79 67 32767 32767 62 9 3 8 
32767 32767 82 92 34 56 32767 57 93 32767 32767 79 31 76 94 50 71 32 2 32767 43 14 32767 32767 32767 63 1 40 48 32767 
32767 32767 99 32767 95 15 1 70 72 32767 32767 32767 92 12 26 32767 32767 32767 60 24 13 6 73 32767 71 38 19 18 47 32767 
32767 32767 32767 79 17 41 85 6 37 79 32767 32767 32767 8 76 70 80 63 67 35 69 32767 80 32767 32767 8 75 32767 92 43 
37 16 87 76 32 31 32767 23 20 31 92 32767 32767 21 32767 48 64 19 13 73 32767 32767 96 32767 27 32767 83 89 52 48 
46 10 67 32767 32767 32767 100 10 29 76 12 8 21 32767 1 32767 3 7 32767 57 32767 22 24 26 97 32767 75 31 93 14 
32767 88 6 32767 32767 79 50 26 63 94 26 76 32767 1 32767 30 83 50 32767 81 26 8 32767 32767 32767 32767 32767 9 32767 26 
53 77 40 91 32767 84 62 18 32767 50 32767 70 48 32767 30 32767 52 9 32767 32 43 87 42 70 32767 32767 32767 32767 75 71 
18 32767 91 59 85 32767 27 58 16 71 32767 80 64 3 83 52 32767 26 36 11 64 63 49 12 97 40 32767 32767 32767 4 
37 53 32767 8 35 64 32767 41 46 32 32767 63 19 7 50 9 26 32767 32767 72 33 32767 55 37 40 93 38 66 32767 88 
41 32767 32 29 32767 1 90 28 32767 2 60 67 13 32767 32767 32767 36 32767 32767 60 73 32767 7 32767 11 80 70 32767 81 87 
2 16 12 46 32767 32767 61 12 32767 32767 24 35 73 57 81 32 11 72 60 32767 32767 78 32767 32767 32767 32767 46 32767 33 67 
95 32767 36 1 90 13 62 61 74 43 13 69 32767 32767 26 43 64 33 73 32767 32767 32767 69 32 27 4 32767 32767 32767 32767 
66 24 74 99 32767 15 7 95 32767 14 6 32767 32767 22 8 87 63 32767 32767 78 32767 32767 53 48 38 64 58 56 80 35 
84 37 71 16 97 32767 32767 79 79 32767 73 80 96 24 32767 42 49 55 7 32767 69 53 32767 29 6 89 32767 68 58 9 
62 32767 42 17 27 61 61 32767 67 32767 32767 32767 32767 26 32767 70 12 37 32767 32767 32 48 29 32767 46 86 70 21 22 32767 
22 76 53 32767 39 16 32767 32767 32767 32767 71 32767 27 97 32767 32767 97 40 11 32767 27 38 6 46 32767 66 58 70 25 47 
8 32767 93 32767 87 44 56 60 32767 63 38 8 32767 32767 32767 32767 40 93 80 32767 4 64 89 86 66 32767 32767 32767 19 54 
25 79 10 4 71 55 32767 32767 62 1 19 75 83 75 32767 32767 32767 38 70 46 32767 58 32767 70 58 32767 32767 32767 32767 32767 
50 23 90 68 13 32767 32767 32767 9 40 18 32767 89 31 9 32767 32767 66 32767 32767 32767 56 68 21 70 32767 32767 32767 32767 32767 
84 13 29 32767 79 32767 85 32767 3 48 47 92 52 93 32767 75 32767 32767 81 33 32767 80 58 22 25 19 32767 32767 32767 32767 
32767 21 99 98 70 41 32767 28 8 32767 32767 43 48 14 26 71 4 88 87 67 32767 35 9 32767 47 54 32767 32767 32767 32767 
EOF