DIMENSION: 30
EDGE_WEIGHT_TYPE: EXPLICIT
EDGE_WEIGHT_FORMAT: FULL_MATRIX
EDGE_WEIGHT_SECTION:
32767 32767 49 99 96 32767 81 32767 17 32767 32767 46 50 51 91 85 81 44 93 66 32767 16 32767 7 73 32767 32767 32 32767 29 
32767 32767 10 32767 18 22 64 44 32767 88 33 90 32767 32767 32767 83 84 48 32767 8 65 32767 59 90 32767 5 87 100 8 54 
49 10 32767 33 31 29 22 37 56 32767 72 32767 32767 54 32767 97 46 32767 32767 9 29 50 9 99 32767 73 10 27 45 73 
99 32767 33 32767 32 32767 45 31 32767 32767 32767 69 15 26 32767 9 31 98 39 32767 95 30 32 48 6 18 33 84 32767 98 
96 18 31 32 32767 94 77 32767 7 99 74 39 62 39 32767 32767 33 32767 50 95 68 11 81 42 10 32767 93 26 32767 32767 
32767 22 29 32767 94 32767 32767 32767 32767 76 65 32767 32767 32767 44 69 32767 32767 32767 24 32767 65 64 73 3 26 66 67 38 14 
81 64 22 45 77 32767 32767 23 29 55 32767 61 32767 32767 63 100 19 94 32767 32767 4 32767 32767 32 56 74 35 32767 100 32767 
32767 44 37 31 32767 32767 23 32767 2 32767 32767 38 57 34 32767 32767 53 21 70 32767 32767 41 64 92 2 98 17 51 53 84 
17 32767 56 32767 7 32767 29 2 32767 25 88 47 27 1 32767 32767 100 8 32767 99 6 62 48 32767 67 32767 32767 32767 21 18 
32767 88 32767 32767 99 76 55 32767 25 32767 16 69 32767 17 32767 68 32767 32767 32767 32767 96 32767 32767 32767 25 32767 91 92 19 61 
32767 33 72 32767 74 65 32767 32767 88 16 32767 6 32767 32767 61 32767 32767 97 32767 32767 32767 32767 32767 39 65 81 68 79 67 32767 
46 90 32767 69 39 32767 61 38 47 69 6 32767 30 67 57 32767 70 32767 66 32767 89 11 1 82 96 6 38 24 6 32767 
50 32767 32767 15 62 32767 32767 57 27 32767 32767 30 32767 39 24 37 17 32767 32767 30 23 22 46 98 18 68 96 32767 4 32767 
51 32767 54 26 39 32767 32767 34 1 17 32767 67 39 32767 32767 51 32767 32767 68 14 32767 99 12 32767 32767 89 56 63 44 6 
91 32767 32767 32767 32767 44 63 32767 32767 32767 61 57 24 32767 32767 37 95 76 32767 60 32767 32767 61 59 59 32767 31 58 24 4 
85 83 97 9 32767 69 100 32767 32767 68 32767 32767 37 51 37 32767 85 20 32767 8 37 83 32767 42 32767 72 32767 32767 1 51 
81 84 46 31 33 32767 19 53 100 32767 32767 70 17 32767 95 85 32767 32767 74 22 94 87 77 20 66 55 9 78 8 73 
44 48 32767 98 32767 32767 94 21 8 32767 97 32767 32767 32767 76 20 32767 32767 32767 3 12 32767 15 55 79 65 32767 93 98 41 
93 32767 32767 39 50 32767 32767 70 32767 32767 32767 66 32767 68 32767 32767 74 32767 32767 65 84 42 32767 22 100 12 76 32767 90 27 
66 8 9 32767 95 24 32767 32767 99 32767 32767 32767 30 14 60 8 22 3 65 32767 24 94 52 15 32767 32767 28 71 32767 65 
32767 65 29 95 68 32767 4 32767 6 96 32767 89 23 32767 32767 37 94 12 84 24 32767 62 55 50 9 86 14 32767 95 32 
16 32767 50 30 11 65 32767 41 62 32767 32767 11 22 99 32767 83 87 32767 42 94 62 32767 32767 35 11 25 14 92 32767 32767 
32767 59 9 32 81 64 32767 64 48 32767 32767 1 46 12 61 32767 77 15 32767 52 55 32767 32767 32767 64 29 43 36 32767 16 
7 90 99 48 42 73 32 92 32767 32767 39 82 98 32767 59 42 20 55 22 15 50 35 32767 32767 32767 74 32767 32767 66 32767 
73 32767 32767 6 10 3 56 2 67 25 65 96 18 32767 59 32767 66 79 100 32767 9 11 64 32767 32767 32767 29 32767 50 12 
32767 5 73 18 32767 26 74 98 32767 32767 81 6 68 89 32767 72 55 65 12 32767 86 25 29 74 32767 32767 68 48 77 32767 
32767 87 10 33 93 66 35 17 32767 91 68 38 96 56 31 32767 9 32767 76 28 14 14 43 32767 29 68 32767 4 15 53 
32 100 27 84 26 67 32767 51 32767 92 79 24 32767 63 58 32767 78 93 32767 71 32767 92 36 32767 32767 48 4 32767 55 62 
32767 8 45 32767 32767 38 100 53 21 19 67 6 4 44 24 1 8 98 90 32767 95 32767 32767 66 50 77 15 55 32767 15 
29 54 73 98 32767 14 32767 84 18 61 32767 32767 32767 6 4 51 73 41 27 65 32 32767 16 32767 12 32767 53 62 15 32767 
EOF