DIMENSION: 30
EDGE_WEIGHT_TYPE: EXPLICIT
EDGE_WEIGHT_FORMAT: FULL_MATRIX
EDGE_WEIGHT_SECTION:
32767 93 32767 75 49 1 2 21 75 3 92 32767 62 97 86 29 29 41 58 47 77 32767 25 32767 45 32767 88 46 94 92 
93 32767 32767 32767 92 32767 56 30 32767 87 63 5 32767 29 53 36 12 61 91 32767 97 7 32767 61 32767 32767 91 32767 19 32767 
32767 32767 32767 23 95 10 27 15 94 31 37 32767 41 73 33 73 59 50 91 32767 77 32767 39 31 92 29 32767 65 16 32767 
75 32767 23 32767 32767 32767 60 32767 33 47 44 32767 24 52 29 32767 11 32767 30 37 32767 96 69 33 54 79 94 71 52 12 
49 92 95 32767 32767 49 61 32767 32767 15 53 96 32767 91 32767 32767 65 38 79 32767 55 32767 58 15 32767 76 29 32767 43 32767 
1 32767 10 32767 49 32767 65 32767 55 39 32767 55 32767 24 4 50 92 32767 32767 97 85 58 17 22 17 47 45 32767 35 5 
2 56 27 60 61 65 32767 32767 32767 18 32767 66 61 4 85 32767 32767 32767 70 61 61 56 43 32767 77 32767 92 83 3 32767 
21 30 15 32767 32767 32767 32767 32767 32767 32767 82 4 44 59 31 44 16 100 36 32767 32767 25 56 91 27 90 22 82 89 86 
75 32767 94 33 32767 55 32767 32767 32767 61 51 32767 18 32767 69 1 49 32767 4 32767 20 22 32767 44 32767 73 12 72 32767 32767 
3 87 31 47 15 39 18 32767 61 32767 32767 89 32767 47 61 56 24 65 32767 36 26 9 84 32767 32767 32767 55 32767 84 32767 
92 63 37 44 53 32767 32767 82 51 32767 32767 72 32767 32767 61 68 11 32767 28 32767 15 7 32 32767 79 58 26 72 32767 85 
32767 5 32767 32767 96 55 66 4 32767 89 72 32767 46 32767 7 68 34 51 32767 32 54 90 68 16 32767 57 37 76 64 82 
62 32767 41 24 32767 32767 61 44 18 32767 32767 46 32767 7 59 14 37 32767 67 83 37 32767 4 32767 95 32 32767 11 80 96 
97 29 73 52 91 24 4 59 32767 47 32767 32767 7 32767 10 53 81 32767 69 19 32767 1 17 67 34 67 32767 32767 32767 35 
86 53 33 29 32767 4 85 31 69 61 61 7 59 10 32767 71 32767 83 67 89 32767 52 32767 32767 32767 32767 32767 61 46 55 
29 36 73 32767 32767 50 32767 44 1 56 68 68 14 53 71 32767 21 32767 32767 53 80 32767 39 67 99 48 6 64 72 57 
29 12 59 11 65 92 32767 16 49 24 11 34 37 81 32767 21 32767 77 40 46 28 46 23 55 32767 46 32767 32767 26 32767 
41 61 50 32767 38 32767 32767 100 32767 65 32767 51 32767 32767 83 32767 77 32767 23 54 63 54 71 10 90 32767 69 29 32767 88 
58 91 91 30 79 32767 70 36 4 32767 28 32767 67 69 67 32767 40 23 32767 46 32767 32767 96 99 3 34 10 84 19 32767 
47 32767 32767 37 32767 97 61 32767 32767 36 32767 32 83 19 89 53 46 54 46 32767 28 32767 35 54 32767 98 65 61 43 95 
77 97 77 32767 55 85 61 32767 20 26 15 54 37 32767 32767 80 28 63 32767 28 32767 83 96 94 16 32767 31 32767 27 58 
32767 7 32767 96 32767 58 56 25 22 9 7 90 32767 1 52 32767 46 54 32767 32767 83 32767 74 70 32767 19 98 64 60 32767 
25 32767 39 69 58 17 43 56 32767 84 32 68 4 17 32767 39 23 71 96 35 96 74 32767 1 32767 96 44 53 88 32767 
32767 61 31 33 15 22 32767 91 44 32767 32767 16 32767 67 32767 67 55 10 99 54 94 70 1 32767 79 38 77 91 32767 32767 
45 32767 92 54 32767 17 77 27 32767 32767 79 32767 95 34 32767 99 32767 90 3 32767 16 32767 32767 79 32767 17 73 18 32767 65 
32767 32767 29 79 76 47 32767 90 73 32767 58 57 32 67 32767 48 46 32767 34 98 32767 19 96 38 17 32767 47 11 80 32767 
88 91 32767 94 29 45 92 22 12 55 26 37 32767 32767 32767 6 32767 69 10 65 31 98 44 77 73 47 32767 32767 94 32767 
46 32767 65 71 32767 32767 83 82 72 32767 72 76 11 32767 61 64 32767 29 84 61 32767 64 53 91 18 11 32767 32767 93 78 
94 19 16 52 43 35 3 89 32767 84 32767 64 80 32767 46 72 26 32767 19 43 27 60 88 32767 32767 80 94 93 32767 96 
92 32767 32767 12 32767 5 32767 86 32767 32767 85 82 96 35 55 57 32767 88 32767 95 58 32767 32767 32767 65 32767 32767 78 96 32767 
EOF