DIMENSION: 30
EDGE_WEIGHT_TYPE: EXPLICIT
EDGE_WEIGHT_FORMAT: FULL_MATRIX
EDGE_WEIGHT_SECTION:
32767 7 32767 45 94 72 32767 68 32767 95 83 99 35 100 35 23 32767 13 98 32767 32767 63 4 32767 32767 81 43 32767 47 14 
7 32767 20 32767 19 60 41 80 19 23 32767 38 32767 31 32767 64 1 52 75 43 32767 69 35 77 32767 8 79 32767 21 43 
32767 20 32767 14 48 89 72 32767 70 43 32767 59 3 12 32767 72 32767 2 8 44 77 27 32767 67 3 25 32767 68 15 67 
45 32767 14 32767 32767 30 92 84 54 1 99 57 81 32767 32767 83 33 15 27 32767 32767 32767 95 49 68 32767 32767 6 65 32767 
94 19 48 32767 32767 32767 94 51 82 60 34 88 32767 89 100 32767 76 62 56 8 71 32767 4 95 93 32767 93 49 2 23 
72 60 89 30 32767 32767 32767 46 32767 67 38 69 16 10 100 42 32767 37 29 32767 12 4 1 64 76 32767 32767 34 70 93 
32767 41 72 92 94 32767 32767 32767 32767 32767 32767 13 32767 18 8 70 10 42 84 32767 12 98 89 70 33 100 68 32767 32767 32767 
68 80 32767 84 51 46 32767 32767 32767 49 72 70 56 51 87 32767 32767 68 20 47 32767 32767 32767 18 75 32767 6 99 38 53 
32767 19 70 54 82 32767 32767 32767 32767 32767 8 34 97 7 32767 22 32767 69 4 16 44 32767 32767 48 29 32767 51 1 65 67 
95 23 43 1 60 67 32767 49 32767 32767 58 32767 4 32767 20 52 88 32767 60 34 25 33 38 56 32767 89 32767 56 50 77 
83 32767 32767 99 34 38 32767 72 8 58 32767 30 32767 14 53 15 60 82 85 23 4 44 31 13 32767 80 19 28 16 14 
99 38 59 57 88 69 13 70 34 32767 30 32767 55 42 25 37 32767 32767 86 6 22 32767 32767 32767 43 100 63 32767 32767 23 
35 32767 3 81 32767 16 32767 56 97 4 32767 55 32767 76 32767 89 9 96 32767 85 32767 62 56 12 40 19 31 32767 37 9 
100 31 12 32767 89 10 18 51 7 32767 14 42 76 32767 32 60 32767 32767 32767 42 94 33 40 95 81 32767 21 94 19 32767 
35 32767 32767 32767 100 100 8 87 32767 20 53 25 32767 32 32767 8 63 98 26 75 32767 17 29 64 29 32767 32767 43 50 60 
23 64 72 83 32767 42 70 32767 22 52 15 37 89 60 8 32767 70 32767 24 32767 86 87 32 10 60 42 68 32767 32767 67 
32767 1 32767 33 76 32767 10 32767 32767 88 60 32767 9 32767 63 70 32767 32767 61 77 7 32767 32767 95 32767 84 32 39 46 78 
13 52 2 15 62 37 42 68 69 32767 82 32767 96 32767 98 32767 32767 32767 30 44 32767 32767 32767 93 32767 53 99 32767 18 32767 
98 75 8 27 56 29 84 20 4 60 85 86 32767 32767 26 24 61 30 32767 32767 41 32767 32767 74 87 65 32767 21 88 65 
32767 43 44 32767 8 32767 32767 47 16 34 23 6 85 42 75 32767 77 44 32767 32767 65 7 36 8 90 32767 64 66 32767 64 
32767 32767 77 32767 71 12 12 32767 44 25 4 22 32767 94 32767 86 7 32767 41 65 32767 66 39 47 24 32767 63 62 46 32767 
63 69 27 32767 32767 4 98 32767 32767 33 44 32767 62 33 17 87 32767 32767 32767 7 66 32767 35 99 32767 40 32767 32767 76 60 
4 35 32767 95 4 1 89 32767 32767 38 31 32767 56 40 29 32 32767 32767 32767 36 39 35 32767 32767 12 32767 50 8 13 32767 
32767 77 67 49 95 64 70 18 48 56 13 32767 12 95 64 10 95 93 74 8 47 99 32767 32767 32767 32767 38 5 43 25 
32767 32767 3 68 93 76 33 75 29 32767 32767 43 40 81 29 60 32767 32767 87 90 24 32767 12 32767 32767 85 32767 11 36 83 
81 8 25 32767 32767 32767 100 32767 32767 89 80 100 19 32767 32767 42 84 53 65 32767 32767 40 32767 32767 85 32767 53 58 32767 32767 
43 79 32767 32767 93 32767 68 6 51 32767 19 63 31 21 32767 68 32 99 32767 64 63 32767 50 38 32767 53 32767 32767 80 87 
32767 32767 68 6 49 34 32767 99 1 56 28 32767 32767 94 43 32767 39 32767 21 66 62 32767 8 5 11 58 32767 32767 13 17 
47 21 15 65 2 70 32767 38 65 50 16 32767 37 19 50 32767 46 18 88 32767 46 76 13 43 36 32767 80 13 32767 32767 
14 43 67 32767 23 93 32767 53 67 77 14 23 9 32767 60 67 78 32767 65 64 32767 60 32767 25 83 32767 87 17 32767 32767 
EOF