DIMENSION: 30
EDGE_WEIGHT_TYPE: EXPLICIT
EDGE_WEIGHT_FORMAT: FULL_MATRIX
EDGE_WEIGHT_SECTION:
32767 8 32767 32767 32767 32767 32767 28 32767 73 87 72 30 32767 32767 32767 32767 8 32767 32767 85 34 36 32767 43 32767 86 21 4 32767 
8 32767 32767 61 50 32767 34 32767 32767 52 78 32767 80 60 77 9 75 11 5 32767 32767 8 35 92 42 96 88 79 14 22 
32767 32767 32767 76 32767 37 32767 32767 33 32767 32767 17 6 56 10 4 17 34 87 18 96 24 32767 60 29 32767 32767 32767 32767 32767 
32767 61 76 32767 1 93 32767 55 21 98 85 64 32767 60 32767 83 32767 94 43 32767 1 12 32767 15 26 32767 55 32767 4 10 
32767 50 32767 1 32767 32767 69 32767 32767 41 23 32767 37 65 97 13 32767 27 25 69 10 35 55 30 32767 33 58 32767 32767 48 
32767 32767 37 93 32767 32767 32767 64 32767 45 26 1 20 89 32767 82 57 32767 39 32767 71 6 32767 17 93 4 78 32767 55 81 
32767 34 32767 32767 69 32767 32767 62 32767 64 96 71 32767 61 32767 32767 7 75 98 32 70 1 32767 56 98 32767 32767 45 2 39 
28 32767 32767 55 32767 64 62 32767 23 84 43 75 32767 32767 73 96 76 97 50 56 32767 80 30 41 58 44 32767 64 18 32767 
32767 32767 33 21 32767 32767 32767 23 32767 11 32767 17 32767 93 32767 32767 36 44 4 74 32767 66 3 48 34 1 100 61 68 32767 
73 52 32767 98 41 45 64 84 11 32767 34 40 10 67 32767 70 34 25 58 33 9 32767 9 72 29 32767 58 60 32767 32767 
87 78 32767 85 23 26 96 43 32767 34 32767 32767 32767 32767 96 95 32767 48 46 81 14 32767 32767 50 32767 8 33 2 45 32767 
72 32767 17 64 32767 1 71 75 17 40 32767 32767 4 80 32767 41 97 74 80 84 32767 25 81 71 86 32767 71 83 51 32767 
30 80 6 32767 37 20 32767 32767 32767 10 32767 4 32767 74 32767 45 24 32767 49 55 32767 63 3 5 41 32767 7 35 47 77 
32767 60 56 60 65 89 61 32767 93 67 32767 80 74 32767 32767 2 71 3 43 94 32 68 48 16 32767 9 32767 15 32767 32767 
32767 77 10 32767 97 32767 32767 73 32767 32767 96 32767 32767 32767 32767 12 69 74 93 32767 95 62 32767 32767 55 18 10 16 32767 32767 
32767 9 4 83 13 82 32767 96 32767 70 95 41 45 2 12 32767 32767 56 80 32767 32767 60 71 24 77 10 56 32767 32767 88 
32767 75 17 32767 32767 57 7 76 36 34 32767 97 24 71 69 32767 32767 75 32767 65 43 31 32767 21 18 30 57 32767 32 32767 
8 11 34 94 27 32767 75 97 44 25 48 74 32767 3 74 56 75 32767 27 32767 32767 12 92 32 32767 61 45 38 11 47 
32767 5 87 43 25 39 98 50 4 58 46 80 49 43 93 80 32767 27 32767 66 79 61 3 32767 93 80 4 17 94 32767 
32767 32767 18 32767 69 32767 32 56 74 33 81 84 55 94 32767 32767 65 32767 66 32767 32767 12 32767 32767 83 32767 31 32767 48 4 
85 32767 96 1 10 71 70 32767 32767 9 14 32767 32767 32 95 32767 43 32767 79 32767 32767 67 96 32767 88 69 87 7 56 32767 
34 8 24 12 35 6 1 80 66 32767 32767 25 63 68 62 60 31 12 61 12 67 32767 91 32767 21 25 11 32767 32767 54 
36 35 32767 32767 55 32767 32767 30 3 9 32767 81 3 48 32767 71 32767 92 3 32767 96 91 32767 91 32767 80 19 80 89 37 
32767 92 60 15 30 17 56 41 48 72 50 71 5 16 32767 24 21 32 32767 32767 32767 32767 91 32767 29 55 18 32767 32767 17 
43 42 29 26 32767 93 98 58 34 29 32767 86 41 32767 55 77 18 32767 93 83 88 21 32767 29 32767 83 6 74 42 35 
32767 96 32767 32767 33 4 32767 44 1 32767 8 32767 32767 9 18 10 30 61 80 32767 69 25 80 55 83 32767 20 28 32767 32767 
86 88 32767 55 58 78 32767 32767 100 58 33 71 7 32767 10 56 57 45 4 31 87 11 19 18 6 20 32767 41 32767 29 
21 79 32767 32767 32767 32767 45 64 61 60 2 83 35 15 16 32767 32767 38 17 32767 7 32767 80 32767 74 28 41 32767 58 27 
4 14 32767 4 32767 55 2 18 68 32767 45 51 47 32767 32767 32767 32 11 94 48 56 32767 89 32767 42 32767 32767 58 32767 67 
32767 22 32767 10 48 81 39 32767 32767 32767 32767 32767 77 32767 32767 88 32767 47 32767 4 32767 54 37 17 35 32767 29 27 67 32767 
EOF