DIMENSION: 26
EDGE_WEIGHT_TYPE: EXPLICIT
EDGE_WEIGHT_FORMAT: FULL_MATRIX
EDGE_WEIGHT_SECTION:
32767 32767 70 65 100 35 77 68 32767 32767 34 78 29 56 52 29 67 24 78 97 32767 48 44 75 84 32 
32767 32767 84 32767 36 66 46 32767 74 51 7 77 32767 23 36 5 95 35 32767 32767 80 72 65 10 59 36 
70 84 32767 32767 35 85 52 85 60 17 51 97 13 32767 76 32767 41 6 36 38 43 32767 79 80 22 32767 
65 32767 32767 32767 78 76 35 78 86 75 100 48 69 55 64 82 32767 68 83 32767 96 25 32767 32767 96 32767 
100 36 35 78 32767 81 37 34 53 24 44 51 32767 94 35 55 33 93 25 72 32767 82 32767 71 32767 32767 
35 66 85 76 81 32767 58 1 21 47 2 32767 36 44 32767 32767 55 22 32767 93 57 21 32767 5 63 4 
77 46 52 35 37 58 32767 2 58 43 56 8 40 96 2 94 13 84 32767 10 87 77 21 21 45 5 
68 32767 85 78 34 1 2 32767 95 32767 94 52 18 61 80 21 32767 3 32767 89 75 62 29 32767 68 32767 
32767 74 60 86 53 21 58 95 32767 62 5 85 32767 32767 12 13 32 7 40 32767 32767 32767 90 37 32767 12 
32767 51 17 75 24 47 43 32767 62 32767 32767 90 49 17 87 54 36 5 95 32767 11 72 10 15 36 17 
34 7 51 100 44 2 56 94 5 32767 32767 78 40 51 58 80 11 70 24 69 37 47 8 6 56 91 
78 77 97 48 51 32767 8 52 85 90 78 32767 91 27 32767 29 66 3 48 69 32767 68 32767 56 60 32 
29 32767 13 69 32767 36 40 18 32767 49 40 91 32767 73 75 95 60 28 22 65 94 39 92 15 32767 8 
56 23 32767 55 94 44 96 61 32767 17 51 27 73 32767 34 13 14 32767 19 41 32767 100 32767 41 43 39 
52 36 76 64 35 32767 2 80 12 87 58 32767 75 34 32767 75 29 87 32767 32767 32767 58 33 49 6 32767 
29 5 32767 82 55 32767 94 21 13 54 80 29 95 13 75 32767 15 29 64 32767 32767 58 64 41 32767 21 
67 95 41 32767 33 55 13 32767 32 36 11 66 60 14 29 15 32767 32767 16 32767 17 32767 1 81 100 14 
24 35 6 68 93 22 84 3 7 5 70 3 28 32767 87 29 32767 32767 69 32767 84 32767 91 53 58 43 
78 32767 36 83 25 32767 32767 32767 40 95 24 48 22 19 32767 64 16 69 32767 66 1 12 32767 32767 64 78 
97 32767 38 32767 72 93 10 89 32767 32767 69 69 65 41 32767 32767 32767 32767 66 32767 100 1 94 7 5 31 
32767 80 43 96 32767 57 87 75 32767 11 37 32767 94 32767 32767 32767 17 84 1 100 32767 67 1 32767 44 97 
48 72 32767 25 82 21 77 62 32767 72 47 68 39 100 58 58 32767 32767 12 1 67 32767 62 55 30 61 
44 65 79 32767 32767 32767 21 29 90 10 8 32767 92 32767 33 64 1 91 32767 94 1 62 32767 15 30 10 
75 10 80 32767 71 5 21 32767 37 15 6 56 15 41 49 41 81 53 32767 7 32767 55 15 32767 40 100 
84 59 22 96 32767 63 45 68 32767 36 56 60 32767 43 6 32767 100 58 64 5 44 30 30 40 32767 87 
32 36 32767 32767 32767 4 5 32767 12 17 91 32 8 39 32767 21 14 43 78 31 97 61 10 100 87 32767 
EOF