DIMENSION: 26
EDGE_WEIGHT_TYPE: EXPLICIT
EDGE_WEIGHT_FORMAT: FULL_MATRIX
EDGE_WEIGHT_SECTION:
32767 15 6 27 99 92 79 32767 40 43 49 32767 69 80 63 17 88 25 32767 82 64 87 68 35 30 83 
15 32767 31 95 51 60 75 65 32767 12 63 17 32767 93 73 37 94 84 38 59 94 45 57 74 30 84 
6 31 32767 96 32767 45 25 21 32767 32767 82 62 76 15 21 55 32 32767 52 32767 87 32767 32767 32767 71 33 
27 95 96 32767 91 79 2 82 32767 9 55 100 5 32767 3 45 20 32767 91 32767 61 87 83 32767 32767 34 
99 51 32767 91 32767 94 62 32767 94 44 51 4 32767 37 48 97 27 32767 32767 61 81 55 32767 100 46 25 
92 60 45 79 94 32767 37 41 1 22 32 77 32767 55 32767 91 94 32767 32767 32767 18 68 60 89 25 42 
79 75 25 2 62 37 32767 32767 32767 85 69 17 38 6 13 69 82 95 7 32767 66 51 32767 58 32767 18 
32767 65 21 82 32767 41 32767 32767 26 63 74 80 18 56 70 32767 15 32767 22 41 47 6 52 18 8 78 
40 32767 32767 32767 94 1 32767 26 32767 86 32767 65 52 54 88 26 15 32767 60 66 38 35 37 62 99 18 
43 12 32767 9 44 22 85 63 86 32767 42 100 55 92 57 81 45 89 32767 6 20 47 32767 3 61 32767 
49 63 82 55 51 32 69 74 32767 42 32767 78 32767 81 96 32767 39 13 23 13 15 41 32767 61 79 15 
32767 17 62 100 4 77 17 80 65 100 78 32767 98 34 32767 22 37 32767 76 55 30 92 36 70 32767 41 
69 32767 76 5 32767 32767 38 18 52 55 32767 98 32767 55 14 32767 47 33 88 32767 32767 25 32767 100 32767 69 
80 93 15 32767 37 55 6 56 54 92 81 34 55 32767 55 67 62 32767 56 32 20 36 44 10 32767 98 
63 73 21 3 48 32767 13 70 88 57 96 32767 14 55 32767 32767 32767 32767 84 17 42 21 94 68 11 11 
17 37 55 45 97 91 69 32767 26 81 32767 22 32767 67 32767 32767 33 39 59 83 8 69 91 32767 32767 32767 
88 94 32 20 27 94 82 15 15 45 39 37 47 62 32767 33 32767 89 9 60 9 82 32767 56 77 34 
25 84 32767 32767 32767 32767 95 32767 32767 89 13 32767 33 32767 32767 39 89 32767 60 1 16 26 42 27 94 2 
32767 38 52 91 32767 32767 7 22 60 32767 23 76 88 56 84 59 9 60 32767 50 93 30 97 1 24 92 
82 59 32767 32767 61 32767 32767 41 66 6 13 55 32767 32 17 83 60 1 50 32767 44 5 92 5 5 37 
64 94 87 61 81 18 66 47 38 20 15 30 32767 20 42 8 9 16 93 44 32767 12 24 62 34 41 
87 45 32767 87 55 68 51 6 35 47 41 92 25 36 21 69 82 26 30 5 12 32767 23 32767 75 61 
68 57 32767 83 32767 60 32767 52 37 32767 32767 36 32767 44 94 91 32767 42 97 92 24 23 32767 32767 69 32767 
35 74 32767 32767 100 89 58 18 62 3 61 70 100 10 68 32767 56 27 1 5 62 32767 32767 32767 26 32767 
30 30 71 32767 46 25 32767 8 99 61 79 32767 32767 32767 11 32767 77 94 24 5 34 75 69 26 32767 46 
83 84 33 34 25 42 18 78 18 32767 15 41 69 98 11 32767 34 2 92 37 41 61 32767 32767 46 32767 
EOF