DIMENSION: 26
EDGE_WEIGHT_TYPE: EXPLICIT
EDGE_WEIGHT_FORMAT: FULL_MATRIX
EDGE_WEIGHT_SECTION:
32767 32767 82 67 90 21 74 75 13 88 28 1 32767 66 83 32767 81 37 32767 18 59 86 39 27 39 32767 
32767 32767 32767 18 4 36 57 10 32767 49 32767 32767 32767 37 32767 96 12 61 28 66 77 32767 60 32767 48 46 
82 32767 32767 84 57 11 20 89 32767 36 29 60 64 21 49 95 6 7 81 14 15 80 16 32767 40 95 
67 18 84 32767 32767 31 32767 94 47 17 32767 29 95 44 46 44 58 31 98 65 84 57 100 12 30 37 
90 4 57 32767 32767 37 6 32767 49 32767 9 60 77 32767 26 55 66 32767 32767 8 44 86 32767 74 32767 79 
21 36 11 31 37 32767 30 32767 29 4 32767 32 95 59 70 9 8 96 43 75 58 84 27 67 93 32 
74 57 20 32767 6 30 32767 63 61 32767 72 92 32767 32767 7 30 32 36 20 32767 32767 50 26 28 32767 60 
75 10 89 94 32767 32767 63 32767 32767 72 49 71 94 32767 53 56 61 1 89 19 73 73 80 32767 91 44 
13 32767 32767 47 49 29 61 32767 32767 32767 44 37 32767 32767 9 58 20 34 18 43 32767 32767 88 32767 20 89 
88 49 36 17 32767 4 32767 72 32767 32767 61 24 32767 33 62 32767 70 32767 86 75 35 32767 78 12 19 68 
28 32767 29 32767 9 32767 72 49 44 61 32767 32767 8 21 75 70 15 45 53 32767 90 38 38 52 12 63 
1 32767 60 29 60 32 92 71 37 24 32767 32767 20 71 89 52 43 2 32767 84 32767 36 32767 32767 32767 78 
32767 32767 64 95 77 95 32767 94 32767 32767 8 20 32767 30 37 22 32767 55 43 2 32767 32767 67 56 32767 73 
66 37 21 44 32767 59 32767 32767 32767 33 21 71 30 32767 89 39 39 69 32767 50 90 32767 41 6 5 65 
83 32767 49 46 26 70 7 53 9 62 75 89 37 89 32767 74 7 26 53 29 48 69 35 54 32767 32 
32767 96 95 44 55 9 30 56 58 32767 70 52 22 39 74 32767 87 32767 97 84 69 93 70 7 24 44 
81 12 6 58 66 8 32 61 20 70 15 43 32767 39 7 87 32767 3 32767 72 58 82 50 77 48 36 
37 61 7 31 32767 96 36 1 34 32767 45 2 55 69 26 32767 3 32767 32767 88 32767 32767 54 30 32767 32767 
32767 28 81 98 32767 43 20 89 18 86 53 32767 43 32767 53 97 32767 32767 32767 32767 97 26 32767 49 42 1 
18 66 14 65 8 75 32767 19 43 75 32767 84 2 50 29 84 72 88 32767 32767 32767 66 48 64 52 23 
59 77 15 84 44 58 32767 73 32767 35 90 32767 32767 90 48 69 58 32767 97 32767 32767 33 32767 87 77 89 
86 32767 80 57 86 84 50 73 32767 32767 38 36 32767 32767 69 93 82 32767 26 66 33 32767 88 77 30 97 
39 60 16 100 32767 27 26 80 88 78 38 32767 67 41 35 70 50 54 32767 48 32767 88 32767 36 32767 97 
27 32767 32767 12 74 67 28 32767 32767 12 52 32767 56 6 54 7 77 30 49 64 87 77 36 32767 32767 96 
39 48 40 30 32767 93 32767 91 20 19 12 32767 32767 5 32767 24 48 32767 42 52 77 30 32767 32767 32767 43 
32767 46 95 37 79 32 60 44 89 68 63 78 73 65 32 44 36 32767 1 23 89 97 97 96 43 32767 
EOF