DIMENSION: 26
EDGE_WEIGHT_TYPE: EXPLICIT
EDGE_WEIGHT_FORMAT: FULL_MATRIX
EDGE_WEIGHT_SECTION:
32767 78 43 32767 32767 81 32767 12 32767 85 51 32 50 15 51 46 23 32767 90 52 35 98 32767 2 32767 94 
78 32767 49 32767 20 3 32767 17 17 93 71 43 22 86 15 98 89 32 50 65 99 9 93 32767 9 10 
43 49 32767 99 18 65 49 30 32767 50 12 58 13 20 100 32767 92 47 84 32767 82 97 14 93 41 54 
32767 32767 99 32767 32767 32767 23 79 33 97 77 27 24 67 57 81 44 16 79 32767 85 18 72 32767 6 29 
32767 20 18 32767 32767 97 80 40 53 38 57 65 32767 32767 88 88 26 20 8 10 61 66 98 33 52 32767 
81 3 65 32767 97 32767 89 32767 58 32767 68 94 29 38 19 72 77 79 1 15 32767 3 56 41 54 63 
32767 32767 49 23 80 89 32767 32767 56 78 3 100 83 39 10 77 56 11 46 30 32767 83 48 32767 65 16 
12 17 30 79 40 32767 32767 32767 39 60 91 12 53 49 34 32767 45 68 12 32767 32767 66 94 73 32767 18 
32767 17 32767 33 53 58 56 39 32767 64 76 32767 32767 32767 23 35 44 32767 88 45 35 56 79 32767 56 73 
85 93 50 97 38 32767 78 60 64 32767 54 64 34 54 56 82 79 32767 56 56 11 13 32767 91 46 18 
51 71 12 77 57 68 3 91 76 54 32767 99 29 6 32767 32767 86 86 84 97 71 26 24 87 89 32767 
32 43 58 27 65 94 100 12 32767 64 99 32767 86 39 32767 32767 37 67 76 36 62 1 3 100 32767 74 
50 22 13 24 32767 29 83 53 32767 34 29 86 32767 12 31 92 89 91 97 33 22 14 70 32767 29 89 
15 86 20 67 32767 38 39 49 32767 54 6 39 12 32767 1 46 14 60 15 69 32767 38 48 13 24 32767 
51 15 100 57 88 19 10 34 23 56 32767 32767 31 1 32767 89 87 95 53 46 32767 91 91 13 93 36 
46 98 32767 81 88 72 77 32767 35 82 32767 32767 92 46 89 32767 27 19 10 5 69 25 56 98 32767 84 
23 89 92 44 26 77 56 45 44 79 86 37 89 14 87 27 32767 56 58 100 73 28 54 74 9 91 
32767 32 47 16 20 79 11 68 32767 32767 86 67 91 60 95 19 56 32767 32767 76 72 14 47 2 46 52 
90 50 84 79 8 1 46 12 88 56 84 76 97 15 53 10 58 32767 32767 78 58 32767 76 32 31 10 
52 65 32767 32767 10 15 30 32767 45 56 97 36 33 69 46 5 100 76 78 32767 4 33 79 32767 31 9 
35 99 82 85 61 32767 32767 32767 35 11 71 62 22 32767 32767 69 73 72 58 4 32767 72 25 30 27 40 
98 9 97 18 66 3 83 66 56 13 26 1 14 38 91 25 28 14 32767 33 72 32767 73 59 8 32767 
32767 93 14 72 98 56 48 94 79 32767 24 3 70 48 91 56 54 47 76 79 25 73 32767 65 32767 68 
2 32767 93 32767 33 41 32767 73 32767 91 87 100 32767 13 13 98 74 2 32 32767 30 59 65 32767 22 32767 
32767 9 41 6 52 54 65 32767 56 46 89 32767 29 24 93 32767 9 46 31 31 27 8 32767 22 32767 17 
94 10 54 29 32767 63 16 18 73 18 32767 74 89 32767 36 84 91 52 10 9 40 32767 68 32767 17 32767 
EOF