DIMENSION: 26
EDGE_WEIGHT_TYPE: EXPLICIT
EDGE_WEIGHT_FORMAT: FULL_MATRIX
EDGE_WEIGHT_SECTION:
32767 34 22 15 14 19 12 80 35 2 39 51 89 31 55 40 7 69 77 32 2 66 71 63 10 56 
34 32767 72 46 8 80 32767 20 32767 44 32767 20 11 90 32767 55 76 32767 32767 33 36 51 16 32767 95 54 
22 72 32767 57 10 34 97 42 32767 21 38 61 32 32767 67 19 15 10 51 79 69 68 21 47 2 82 
15 46 57 32767 91 6 8 85 32767 3 32767 31 77 32767 7 20 7 15 68 25 10 12 27 32767 76 75 
14 8 10 91 32767 16 91 39 31 26 10 28 32767 3 65 32767 26 32767 32767 26 13 25 28 41 90 89 
19 80 34 6 16 32767 21 93 37 65 32767 15 100 16 32767 79 83 28 82 51 78 1 32767 74 55 24 
12 32767 97 8 91 21 32767 32767 50 32767 40 32767 32767 2 86 24 32767 32767 32767 32767 85 45 35 38 49 15 
80 20 42 85 39 93 32767 32767 21 22 70 75 32767 28 4 56 32767 90 32767 26 32767 32767 61 90 37 82 
35 32767 32767 32767 31 37 50 21 32767 5 32767 29 32767 3 32767 32767 32767 68 17 1 32767 31 32767 32767 32767 80 
2 44 21 3 26 65 32767 22 5 32767 32767 32767 30 81 32767 99 92 22 64 27 53 89 64 98 28 99 
39 32767 38 32767 10 32767 40 70 32767 32767 32767 97 33 74 76 32767 27 32767 32767 12 75 19 50 35 97 54 
51 20 61 31 28 15 32767 75 29 32767 97 32767 59 41 18 100 57 89 94 63 78 32767 53 1 24 38 
89 11 32 77 32767 100 32767 32767 32767 30 33 59 32767 32767 69 32767 28 64 20 47 56 72 82 41 68 4 
31 90 32767 32767 3 16 2 28 3 81 74 41 32767 32767 89 22 38 91 32767 32767 90 24 5 52 79 92 
55 32767 67 7 65 32767 86 4 32767 32767 76 18 69 89 32767 85 40 98 92 78 8 43 62 16 7 3 
40 55 19 20 32767 79 24 56 32767 99 32767 100 32767 22 85 32767 32767 7 61 7 5 32767 32767 47 26 32767 
7 76 15 7 26 83 32767 32767 32767 92 27 57 28 38 40 32767 32767 30 2 33 34 80 32767 38 92 15 
69 32767 10 15 32767 28 32767 90 68 22 32767 89 64 91 98 7 30 32767 32767 75 6 15 95 60 21 93 
77 32767 51 68 32767 82 32767 32767 17 64 32767 94 20 32767 92 61 2 32767 32767 98 40 90 27 26 32767 31 
32 33 79 25 26 51 32767 26 1 27 12 63 47 32767 78 7 33 75 98 32767 82 8 71 38 33 9 
2 36 69 10 13 78 85 32767 32767 53 75 78 56 90 8 5 34 6 40 82 32767 14 49 32767 51 22 
66 51 68 12 25 1 45 32767 31 89 19 32767 72 24 43 32767 80 15 90 8 14 32767 32767 63 32767 84 
71 16 21 27 28 32767 35 61 32767 64 50 53 82 5 62 32767 32767 95 27 71 49 32767 32767 52 21 28 
63 32767 47 32767 41 74 38 90 32767 98 35 1 41 52 16 47 38 60 26 38 32767 63 52 32767 18 39 
10 95 2 76 90 55 49 37 32767 28 97 24 68 79 7 26 92 21 32767 33 51 32767 21 18 32767 32767 
56 54 82 75 89 24 15 82 80 99 54 38 4 92 3 32767 15 93 31 9 22 84 28 39 32767 32767 
EOF