DIMENSION: 26
EDGE_WEIGHT_TYPE: EXPLICIT
EDGE_WEIGHT_FORMAT: FULL_MATRIX
EDGE_WEIGHT_SECTION:
32767 25 66 31 32767 32767 55 33 61 78 11 45 86 79 68 66 96 51 52 22 73 76 23 32767 83 6 
25 32767 28 4 62 77 57 9 45 32767 17 7 37 10 32767 32767 72 32767 32767 32767 74 32767 32767 32767 32 95 
66 28 32767 25 82 40 58 41 45 48 94 87 32767 53 32767 78 7 96 23 64 85 13 83 80 39 56 
31 4 25 32767 30 46 66 21 32767 98 35 43 78 40 68 41 22 74 53 52 79 87 32767 27 40 68 
32767 62 82 30 32767 93 81 52 60 35 68 69 3 86 69 82 13 90 98 97 32767 32767 40 58 66 32767 
32767 77 40 46 93 32767 32767 17 32767 85 30 56 22 15 46 83 44 85 32767 74 31 91 53 95 50 53 
55 57 58 66 81 32767 32767 32767 32767 27 27 98 32767 44 94 68 32767 48 46 39 73 49 11 93 70 32767 
33 9 41 21 52 17 32767 32767 49 99 32767 19 72 10 44 4 95 21 37 75 64 36 99 51 5 18 
61 45 45 32767 60 32767 32767 49 32767 9 81 32767 43 6 32767 49 45 60 13 70 18 83 14 87 66 34 
78 32767 48 98 35 85 27 99 9 32767 32767 15 32767 57 15 32767 32767 69 31 32767 95 40 82 57 32767 42 
11 17 94 35 68 30 27 32767 81 32767 32767 32767 59 16 88 89 38 11 28 47 32767 26 49 73 23 80 
45 7 87 43 69 56 98 19 32767 15 32767 32767 85 10 31 83 43 32767 91 41 84 25 32 8 32767 50 
86 37 32767 78 3 22 32767 72 43 32767 59 85 32767 32767 72 33 98 57 35 51 6 32767 97 47 3 74 
79 10 53 40 86 15 44 10 6 57 16 10 32767 32767 49 96 83 6 32767 19 32767 69 71 8 32767 60 
68 32767 32767 68 69 46 94 44 32767 15 88 31 72 49 32767 100 88 60 73 61 25 4 47 95 69 32767 
66 32767 78 41 82 83 68 4 49 32767 89 83 33 96 100 32767 31 25 18 35 44 51 13 21 93 61 
96 72 7 22 13 44 32767 95 45 32767 38 43 98 83 88 31 32767 22 9 24 57 77 9 32767 85 32767 
51 32767 96 74 90 85 48 21 60 69 11 32767 57 6 60 25 22 32767 21 75 76 24 98 89 32767 1 
52 32767 23 53 98 32767 46 37 13 31 28 91 35 32767 73 18 9 21 32767 62 32767 32767 1 80 91 32767 
22 32767 64 52 97 74 39 75 70 32767 47 41 51 19 61 35 24 75 62 32767 32767 8 65 32767 63 38 
73 74 85 79 32767 31 73 64 18 95 32767 84 6 32767 25 44 57 76 32767 32767 32767 32767 32767 79 32767 19 
76 32767 13 87 32767 91 49 36 83 40 26 25 32767 69 4 51 77 24 32767 8 32767 32767 49 32767 10 72 
23 32767 83 32767 40 53 11 99 14 82 49 32 97 71 47 13 9 98 1 65 32767 49 32767 96 17 77 
32767 32767 80 27 58 95 93 51 87 57 73 8 47 8 95 21 32767 89 80 32767 79 32767 96 32767 72 77 
83 32 39 40 66 50 70 5 66 32767 23 32767 3 32767 69 93 85 32767 91 63 32767 10 17 72 32767 42 
6 95 56 68 32767 53 32767 18 34 42 80 50 74 60 32767 61 32767 1 32767 38 19 72 77 77 42 32767 
EOF