DIMENSION: 26
EDGE_WEIGHT_TYPE: EXPLICIT
EDGE_WEIGHT_FORMAT: FULL_MATRIX
EDGE_WEIGHT_SECTION:
32767 37 74 44 89 75 44 32767 32767 32767 23 70 32767 25 3 92 10 70 3 41 65 32767 6 72 8 22 
37 32767 64 11 35 10 32767 32767 32767 63 75 82 38 5 59 11 73 32767 85 35 6 85 37 82 4 46 
74 64 32767 41 57 66 32767 32767 32767 27 63 24 35 31 92 19 15 69 67 43 32767 20 93 81 56 32767 
44 11 41 32767 38 94 28 32767 58 41 32 51 45 32767 32767 32767 7 62 94 90 6 54 94 7 79 83 
89 35 57 38 32767 45 76 21 32767 32767 32767 95 46 32767 32767 42 95 32767 57 72 8 76 32767 58 77 57 
75 10 66 94 45 32767 48 16 17 32767 14 32767 19 76 54 74 76 71 3 85 37 32767 32767 32767 40 77 
44 32767 32767 28 76 48 32767 43 35 48 26 65 51 32767 32767 96 84 47 37 28 50 32767 89 32767 32767 40 
32767 32767 32767 32767 21 16 43 32767 34 24 21 40 24 79 56 20 69 43 89 28 32767 32767 10 15 17 32767 
32767 32767 32767 58 32767 17 35 34 32767 93 68 62 88 32767 24 83 35 57 32767 97 9 74 71 43 83 19 
32767 63 27 41 32767 32767 48 24 93 32767 32767 32767 91 69 50 2 64 64 5 99 12 62 32767 84 81 85 
23 75 63 32 32767 14 26 21 68 32767 32767 25 32767 11 32767 79 18 33 32767 81 44 5 38 100 54 32767 
70 82 24 51 95 32767 65 40 62 32767 25 32767 56 32767 41 64 80 52 5 16 64 42 32767 86 32 18 
32767 38 35 45 46 19 51 24 88 91 32767 56 32767 79 5 1 34 52 3 58 54 34 72 52 95 64 
25 5 31 32767 32767 76 32767 79 32767 69 11 32767 79 32767 27 10 94 63 8 9 54 67 32767 76 20 70 
3 59 92 32767 32767 54 32767 56 24 50 32767 41 5 27 32767 3 59 17 54 32767 48 80 32767 94 56 3 
92 11 19 32767 42 74 96 20 83 2 79 64 1 10 3 32767 14 67 29 59 32767 80 27 14 70 71 
10 73 15 7 95 76 84 69 35 64 18 80 34 94 59 14 32767 55 32767 86 26 32767 33 63 53 98 
70 32767 69 62 32767 71 47 43 57 64 33 52 52 63 17 67 55 32767 57 32 32767 64 39 29 87 30 
3 85 67 94 57 3 37 89 32767 5 32767 5 3 8 54 29 32767 57 32767 53 32 67 21 93 89 63 
41 35 43 90 72 85 28 28 97 99 81 16 58 9 32767 59 86 32 53 32767 22 25 20 73 47 100 
65 6 32767 6 8 37 50 32767 9 12 44 64 54 54 48 32767 26 32767 32 22 32767 22 25 92 3 32767 
32767 85 20 54 76 32767 32767 32767 74 62 5 42 34 67 80 80 32767 64 67 25 22 32767 21 39 77 87 
6 37 93 94 32767 32767 89 10 71 32767 38 32767 72 32767 32767 27 33 39 21 20 25 21 32767 32767 55 48 
72 82 81 7 58 32767 32767 15 43 84 100 86 52 76 94 14 63 29 93 73 92 39 32767 32767 35 14 
8 4 56 79 77 40 32767 17 83 81 54 32 95 20 56 70 53 87 89 47 3 77 55 35 32767 54 
22 46 32767 83 57 77 40 32767 19 85 32767 18 64 70 3 71 98 30 63 100 32767 87 48 14 54 32767 
EOF