DIMENSION: 26
EDGE_WEIGHT_TYPE: EXPLICIT
EDGE_WEIGHT_FORMAT: FULL_MATRIX
EDGE_WEIGHT_SECTION:
32767 66 47 27 89 79 99 51 76 40 32767 2 32767 96 31 62 97 75 32767 21 46 57 32767 32767 32767 67 
66 32767 51 65 32767 68 54 38 26 53 18 32767 32767 91 100 24 50 8 90 63 78 14 46 32767 32767 58 
47 51 32767 57 77 85 57 64 62 16 62 24 36 32767 13 99 87 32767 32767 74 30 46 72 12 18 7 
27 65 57 32767 32767 32767 69 93 32767 30 60 4 62 17 94 64 31 32767 86 49 52 32767 37 31 20 91 
89 32767 77 32767 32767 59 24 18 81 71 32767 34 55 57 36 98 12 24 32767 20 96 60 12 32767 81 96 
79 68 85 32767 59 32767 90 43 27 31 40 40 53 49 41 95 38 32767 92 93 32767 64 32767 32767 26 28 
99 54 57 69 24 90 32767 12 32767 3 29 32767 31 3 32767 49 71 80 27 72 32767 76 91 15 56 80 
51 38 64 93 18 43 12 32767 33 74 32767 5 36 52 49 92 32767 70 59 93 97 87 54 32767 33 73 
76 26 62 32767 81 27 32767 33 32767 61 21 66 96 44 90 28 32767 82 32767 32767 73 32767 11 15 57 43 
40 53 16 30 71 31 3 74 61 32767 38 80 71 19 61 13 1 31 26 32767 52 32767 61 84 59 25 
32767 18 62 60 32767 40 29 32767 21 38 32767 25 55 73 49 94 56 32767 8 94 27 81 56 90 83 70 
2 32767 24 4 34 40 32767 5 66 80 25 32767 32767 70 32767 32767 56 53 32767 32767 32767 76 32 10 51 40 
32767 32767 36 62 55 53 31 36 96 71 55 32767 32767 66 32767 32767 6 71 39 32767 32767 32767 25 43 100 79 
96 91 32767 17 57 49 3 52 44 19 73 70 66 32767 39 32767 22 25 37 54 12 9 94 96 42 21 
31 100 13 94 36 41 32767 49 90 61 49 32767 32767 39 32767 20 32767 32767 17 27 54 32 65 50 32767 3 
62 24 99 64 98 95 49 92 28 13 94 32767 32767 32767 20 32767 32767 32767 15 30 51 40 32767 50 32767 2 
97 50 87 31 12 38 71 32767 32767 1 56 56 6 22 32767 32767 32767 19 39 32767 3 96 90 20 51 32767 
75 8 32767 32767 24 32767 80 70 82 31 32767 53 71 25 32767 32767 19 32767 87 53 90 82 49 30 21 25 
32767 90 32767 86 32767 92 27 59 32767 26 8 32767 39 37 17 15 39 87 32767 32767 15 32767 70 17 16 60 
21 63 74 49 20 93 72 93 32767 32767 94 32767 32767 54 27 30 32767 53 32767 32767 32767 86 32767 30 71 37 
46 78 30 52 96 32767 32767 97 73 52 27 32767 32767 12 54 51 3 90 15 32767 32767 100 32767 29 95 26 
57 14 46 32767 60 64 76 87 32767 32767 81 76 32767 9 32 40 96 82 32767 86 100 32767 32767 40 29 52 
32767 46 72 37 12 32767 91 54 11 61 56 32 25 94 65 32767 90 49 70 32767 32767 32767 32767 97 10 100 
32767 32767 12 31 32767 32767 15 32767 15 84 90 10 43 96 50 50 20 30 17 30 29 40 97 32767 94 76 
32767 32767 18 20 81 26 56 33 57 59 83 51 100 42 32767 32767 51 21 16 71 95 29 10 94 32767 32767 
67 58 7 91 96 28 80 73 43 25 70 40 79 21 3 2 32767 25 60 37 26 52 100 76 32767 32767 
EOF