DIMENSION: 26
EDGE_WEIGHT_TYPE: EXPLICIT
EDGE_WEIGHT_FORMAT: FULL_MATRIX
EDGE_WEIGHT_SECTION:
32767 86 6 64 94 55 11 73 71 5 32 16 59 84 78 96 32767 33 58 32767 9 51 98 76 88 32767 
86 32767 92 45 32767 54 32767 32767 60 51 98 39 12 79 67 35 94 32767 81 32767 24 47 32767 100 18 10 
6 92 32767 90 66 7 32767 14 76 32767 10 79 83 29 82 83 23 66 73 60 95 58 100 66 89 37 
64 45 90 32767 44 20 25 15 32767 97 95 40 54 98 60 25 74 30 30 14 70 50 5 14 69 32767 
94 32767 66 44 32767 16 75 44 3 52 39 51 45 57 94 92 36 78 57 32767 32767 28 9 72 42 32767 
55 54 7 20 16 32767 46 5 32767 84 34 32767 32767 78 100 65 32767 32767 69 32767 96 32767 49 56 32767 74 
11 32767 32767 25 75 46 32767 70 32767 32767 61 9 86 29 34 76 40 82 92 60 78 51 19 32767 40 6 
73 32767 14 15 44 5 70 32767 66 32767 32767 98 50 32767 43 32767 34 37 32767 66 17 87 14 42 96 25 
71 60 76 32767 3 32767 32767 66 32767 13 32767 34 46 93 32767 76 11 31 80 73 42 62 15 26 2 24 
5 51 32767 97 52 84 32767 32767 13 32767 32767 61 27 81 96 32767 32767 20 20 31 29 32767 87 18 93 15 
32 98 10 95 39 34 61 32767 32767 32767 32767 32767 90 37 57 32767 90 55 79 32767 32767 15 64 55 96 79 
16 39 79 40 51 32767 9 98 34 61 32767 32767 32767 23 12 6 27 32767 36 32767 25 71 32767 32767 92 80 
59 12 83 54 45 32767 86 50 46 27 90 32767 32767 32767 16 54 68 32767 65 33 75 80 31 88 3 78 
84 79 29 98 57 78 29 32767 93 81 37 23 32767 32767 38 39 98 50 32767 32767 32767 48 48 55 55 80 
78 67 82 60 94 100 34 43 32767 96 57 12 16 38 32767 14 75 32767 13 88 26 88 58 37 100 82 
96 35 83 25 92 65 76 32767 76 32767 32767 6 54 39 14 32767 22 15 27 2 52 22 73 60 77 78 
32767 94 23 74 36 32767 40 34 11 32767 90 27 68 98 75 22 32767 32767 65 84 57 32767 31 32767 32767 48 
33 32767 66 30 78 32767 82 37 31 20 55 32767 32767 50 32767 15 32767 32767 99 54 32767 58 7 22 4 55 
58 81 73 30 57 69 92 32767 80 20 79 36 65 32767 13 27 65 99 32767 35 29 28 4 6 66 27 
32767 32767 60 14 32767 32767 60 66 73 31 32767 32767 33 32767 88 2 84 54 35 32767 28 19 66 87 32767 93 
9 24 95 70 32767 96 78 17 42 29 32767 25 75 32767 26 52 57 32767 29 28 32767 89 71 32767 32767 32 
51 47 58 50 28 32767 51 87 62 32767 15 71 80 48 88 22 32767 58 28 19 89 32767 53 15 38 32767 
98 32767 100 5 9 49 19 14 15 87 64 32767 31 48 58 73 31 7 4 66 71 53 32767 45 53 85 
76 100 66 14 72 56 32767 42 26 18 55 32767 88 55 37 60 32767 22 6 87 32767 15 45 32767 32767 55 
88 18 89 69 42 32767 40 96 2 93 96 92 3 55 100 77 32767 4 66 32767 32767 38 53 32767 32767 32767 
32767 10 37 32767 32767 74 6 25 24 15 79 80 78 80 82 78 48 55 27 93 32 32767 85 55 32767 32767 
EOF