DIMENSION: 28
EDGE_WEIGHT_TYPE: EXPLICIT
EDGE_WEIGHT_FORMAT: FULL_MATRIX
EDGE_WEIGHT_SECTION:
32767 81 32767 32767 29 64 43 4 26 32767 50 8 85 38 41 30 68 73 32767 32767 32767 66 80 93 41 44 32767 56 
81 32767 8 16 36 56 45 21 5 22 67 71 78 61 91 32767 9 50 32767 65 62 48 76 5 8 45 19 27 
32767 8 32767 32767 5 91 83 3 61 32767 32767 16 97 59 43 22 62 40 1 69 33 34 80 25 32767 37 79 53 
32767 16 32767 32767 16 1 32767 3 32767 16 48 32767 50 81 53 60 33 66 21 72 56 7 14 93 32767 2 77 43 
29 36 5 16 32767 2 32767 87 32767 32767 56 82 88 76 32767 32767 77 62 41 61 7 7 37 9 67 32767 28 39 
64 56 91 1 2 32767 75 14 40 73 53 35 32767 89 46 32767 52 88 32767 96 62 72 17 32767 81 57 32767 30 
43 45 83 32767 32767 75 32767 32767 5 35 68 65 39 20 32767 34 37 52 49 5 100 32767 71 67 41 95 32767 14 
4 21 3 3 87 14 32767 32767 58 6 98 18 32767 55 12 77 18 83 43 87 20 32767 14 76 21 58 32767 55 
26 5 61 32767 32767 40 5 58 32767 27 21 14 32767 32767 14 48 51 1 2 15 86 11 93 21 3 34 17 13 
32767 22 32767 16 32767 73 35 6 27 32767 89 24 78 50 32767 2 65 82 58 62 94 94 32767 73 39 57 71 32767 
50 67 32767 48 56 53 68 98 21 89 32767 94 43 100 80 32767 45 70 32767 24 4 32767 97 23 35 10 17 88 
8 71 16 32767 82 35 65 18 14 24 94 32767 26 76 89 73 89 14 13 81 99 34 85 32767 19 32767 62 61 
85 78 97 50 88 32767 39 32767 32767 78 43 26 32767 71 39 31 98 20 24 43 80 9 25 29 3 32767 24 93 
38 61 59 81 76 89 20 55 32767 50 100 76 71 32767 38 83 32767 80 63 65 62 19 28 31 32 32767 60 84 
41 91 43 53 32767 46 32767 12 14 32767 80 89 39 38 32767 50 84 32767 21 1 70 57 8 19 60 29 32767 11 
30 32767 22 60 32767 32767 34 77 48 2 32767 73 31 83 50 32767 32767 70 34 92 37 25 69 16 96 1 74 24 
68 9 62 33 77 52 37 18 51 65 45 89 98 32767 84 32767 32767 32767 84 61 23 32767 97 32767 30 99 68 47 
73 50 40 66 62 88 52 83 1 82 70 14 20 80 32767 70 32767 32767 16 65 39 89 27 32767 32767 32 2 32767 
32767 32767 1 21 41 32767 49 43 2 58 32767 13 24 63 21 34 84 16 32767 76 22 32767 29 37 23 74 32767 90 
32767 65 69 72 61 96 5 87 15 62 24 81 43 65 1 92 61 65 76 32767 18 54 66 50 64 97 32767 40 
32767 62 33 56 7 62 100 20 86 94 4 99 80 62 70 37 23 39 22 18 32767 100 11 12 75 32767 50 90 
66 48 34 7 7 72 32767 32767 11 94 32767 34 9 19 57 25 32767 89 32767 54 100 32767 5 33 8 46 37 32767 
80 76 80 14 37 17 71 14 93 32767 97 85 25 28 8 69 97 27 29 66 11 5 32767 32767 66 16 25 89 
93 5 25 93 9 32767 67 76 21 73 23 32767 29 31 19 16 32767 32767 37 50 12 33 32767 32767 67 32767 5 93 
41 8 32767 32767 67 81 41 21 3 39 35 19 3 32 60 96 30 32767 23 64 75 8 66 67 32767 87 32767 56 
44 45 37 2 32767 57 95 58 34 57 10 32767 32767 32767 29 1 99 32 74 97 32767 46 16 32767 87 32767 41 27 
32767 19 79 77 28 32767 32767 32767 17 71 17 62 24 60 32767 74 68 2 32767 32767 50 37 25 5 32767 41 32767 30 
56 27 53 43 39 30 14 55 13 32767 88 61 93 84 11 24 47 32767 90 40 90 32767 89 93 56 27 30 32767 
EOF