DIMENSION: 28
EDGE_WEIGHT_TYPE: EXPLICIT
EDGE_WEIGHT_FORMAT: FULL_MATRIX
EDGE_WEIGHT_SECTION:
32767 57 32767 97 32767 96 27 1 24 32767 34 32767 32767 38 32767 38 32767 41 65 32767 54 39 93 54 95 32767 32767 41 
57 32767 70 92 25 19 58 90 48 62 32 84 23 32767 32767 68 32767 3 52 32767 32767 4 53 70 32767 25 73 28 
32767 70 32767 12 32767 95 26 97 90 12 32767 63 27 32767 78 25 32767 52 32767 76 32767 61 32767 13 18 26 43 68 
97 92 12 32767 32767 72 13 58 80 47 73 1 74 32767 87 32767 51 32767 88 6 4 32767 32767 97 26 63 78 95 
32767 25 32767 32767 32767 87 9 70 92 19 32767 82 46 12 25 32767 38 67 31 62 44 16 100 32767 70 27 52 83 
96 19 95 72 87 32767 96 3 6 43 16 38 57 32767 17 99 43 59 72 3 44 32767 76 61 49 57 32767 24 
27 58 26 13 9 96 32767 74 79 97 32767 95 95 32767 24 79 16 32767 49 63 79 28 32767 64 76 16 29 100 
1 90 97 58 70 3 74 32767 58 80 16 22 81 20 38 32767 47 31 38 89 32767 78 66 30 92 46 32767 13 
24 48 90 80 92 6 79 58 32767 19 6 79 97 77 50 20 95 39 38 24 32767 40 78 32767 23 32767 32767 8 
32767 62 12 47 19 43 97 80 19 32767 1 32767 32767 37 91 40 25 69 40 21 5 55 37 56 40 32767 48 52 
34 32 32767 73 32767 16 32767 16 6 1 32767 40 21 32767 32767 11 83 20 32767 77 51 29 32767 17 31 87 32767 86 
32767 84 63 1 82 38 95 22 79 32767 40 32767 82 50 32767 32767 19 32 35 89 11 50 32767 78 74 32767 4 2 
32767 23 27 74 46 57 95 81 97 32767 21 82 32767 32767 39 32 86 32767 7 6 5 65 73 61 88 32767 56 49 
38 32767 32767 32767 12 32767 32767 20 77 37 32767 50 32767 32767 39 24 23 32767 7 92 79 54 32767 10 51 1 15 32767 
32767 32767 78 87 25 17 24 38 50 91 32767 32767 39 39 32767 25 72 78 32767 50 67 31 79 32767 32767 35 55 32767 
38 68 25 32767 32767 99 79 32767 20 40 11 32767 32 24 25 32767 16 49 47 84 93 53 19 57 31 32767 55 55 
32767 32767 32767 51 38 43 16 47 95 25 83 19 86 23 72 16 32767 60 32767 94 92 28 62 76 32767 11 96 84 
41 3 52 32767 67 59 32767 31 39 69 20 32 32767 32767 78 49 60 32767 40 32767 60 93 2 100 32767 69 6 14 
65 52 32767 88 31 72 49 38 38 40 32767 35 7 7 32767 47 32767 40 32767 32767 73 32767 48 32767 11 55 32767 65 
32767 32767 76 6 62 3 63 89 24 21 77 89 6 92 50 84 94 32767 32767 32767 25 32767 71 76 25 10 95 43 
54 32767 32767 4 44 44 79 32767 32767 5 51 11 5 79 67 93 92 60 73 25 32767 32767 64 70 23 88 32767 61 
39 4 61 32767 16 32767 28 78 40 55 29 50 65 54 31 53 28 93 32767 32767 32767 32767 15 32767 38 83 16 99 
93 53 32767 32767 100 76 32767 66 78 37 32767 32767 73 32767 79 19 62 2 48 71 64 15 32767 36 100 71 66 33 
54 70 13 97 32767 61 64 30 32767 56 17 78 61 10 32767 57 76 100 32767 76 70 32767 36 32767 33 75 22 35 
95 32767 18 26 70 49 76 92 23 40 31 74 88 51 32767 31 32767 32767 11 25 23 38 100 33 32767 75 19 21 
32767 25 26 63 27 57 16 46 32767 32767 87 32767 32767 1 35 32767 11 69 55 10 88 83 71 75 75 32767 40 79 
32767 73 43 78 52 32767 29 32767 32767 48 32767 4 56 15 55 55 96 6 32767 95 32767 16 66 22 19 40 32767 14 
41 28 68 95 83 24 100 13 8 52 86 2 49 32767 32767 55 84 14 65 43 61 99 33 35 21 79 14 32767 
EOF