DIMENSION: 28
EDGE_WEIGHT_TYPE: EXPLICIT
EDGE_WEIGHT_FORMAT: FULL_MATRIX
EDGE_WEIGHT_SECTION:
32767 6 75 23 13 32767 32767 36 10 83 32767 69 26 57 38 32767 32 55 76 64 32767 86 93 36 40 32767 11 82 
6 32767 32767 32767 19 32767 9 32767 32767 56 7 64 32767 32767 100 82 45 94 68 47 35 32767 78 86 71 23 18 81 
75 32767 32767 25 13 99 32767 42 92 33 32767 32767 32767 26 32767 56 49 3 7 76 57 41 32767 83 2 100 97 32767 
23 32767 25 32767 8 32767 20 32767 31 72 32767 32767 89 32767 64 58 32767 66 44 98 74 50 35 32767 52 32767 91 11 
13 19 13 8 32767 89 87 32767 32767 92 97 93 32767 36 38 10 38 32767 46 75 32767 65 73 72 64 32767 51 17 
32767 32767 99 32767 89 32767 83 61 49 32767 37 50 31 19 32767 93 15 31 96 32767 95 57 18 73 15 32767 63 63 
32767 9 32767 20 87 83 32767 56 3 32767 32767 26 58 22 32767 69 37 49 32767 66 77 32767 71 25 84 37 99 77 
36 32767 42 32767 32767 61 56 32767 94 8 47 68 99 82 1 64 62 62 81 13 34 32767 84 63 32767 37 96 92 
10 32767 92 31 32767 49 3 94 32767 50 20 36 32767 51 77 33 32767 32767 25 55 97 43 23 32767 32767 1 58 31 
83 56 33 72 92 32767 32767 8 50 32767 35 34 80 77 46 20 78 50 21 22 32767 96 32767 63 32767 32767 32767 73 
32767 7 32767 32767 97 37 32767 47 20 35 32767 16 52 17 50 32767 59 32767 88 27 32767 32767 32767 72 88 94 9 74 
69 64 32767 32767 93 50 26 68 36 34 16 32767 59 58 95 32767 83 39 91 44 32767 32767 32767 81 93 32767 81 76 
26 32767 32767 89 32767 31 58 99 32767 80 52 59 32767 7 7 21 32767 68 32767 83 73 94 55 92 11 9 32767 65 
57 32767 26 32767 36 19 22 82 51 77 17 58 7 32767 32767 62 32767 68 9 53 32767 20 32767 32767 29 76 52 62 
38 100 32767 64 38 32767 32767 1 77 46 50 95 7 32767 32767 58 87 32767 24 70 44 42 67 79 61 32767 63 32767 
32767 82 56 58 10 93 69 64 33 20 32767 32767 21 62 58 32767 91 19 57 32767 52 49 76 13 49 1 50 53 
32 45 49 32767 38 15 37 62 32767 78 59 83 32767 32767 87 91 32767 43 12 13 15 64 75 77 32767 80 56 58 
55 94 3 66 32767 31 49 62 32767 50 32767 39 68 68 32767 19 43 32767 32767 15 32767 32767 21 83 43 100 32767 12 
76 68 7 44 46 96 32767 81 25 21 88 91 32767 9 24 57 12 32767 32767 37 43 46 84 81 54 84 22 30 
64 47 76 98 75 32767 66 13 55 22 27 44 83 53 70 32767 13 15 37 32767 58 80 79 32767 56 32767 32767 68 
32767 35 57 74 32767 95 77 34 97 32767 32767 32767 73 32767 44 52 15 32767 43 58 32767 14 21 84 5 74 32767 61 
86 32767 41 50 65 57 32767 32767 43 96 32767 32767 94 20 42 49 64 32767 46 80 14 32767 74 18 41 99 27 77 
93 78 32767 35 73 18 71 84 23 32767 32767 32767 55 32767 67 76 75 21 84 79 21 74 32767 85 15 1 27 62 
36 86 83 32767 72 73 25 63 32767 63 72 81 92 32767 79 13 77 83 81 32767 84 18 85 32767 32767 7 33 22 
40 71 2 52 64 15 84 32767 32767 32767 88 93 11 29 61 49 32767 43 54 56 5 41 15 32767 32767 41 17 93 
32767 23 100 32767 32767 32767 37 37 1 32767 94 32767 9 76 32767 1 80 100 84 32767 74 99 1 7 41 32767 32767 19 
11 18 97 91 51 63 99 96 58 32767 9 81 32767 52 63 50 56 32767 22 32767 32767 27 27 33 17 32767 32767 35 
82 81 32767 11 17 63 77 92 31 73 74 76 65 62 32767 53 58 12 30 68 61 77 62 22 93 19 35 32767 
EOF