DIMENSION: 28
EDGE_WEIGHT_TYPE: EXPLICIT
EDGE_WEIGHT_FORMAT: FULL_MATRIX
EDGE_WEIGHT_SECTION:
32767 34 99 43 32767 83 26 32767 19 95 72 46 43 61 28 68 61 22 32767 73 64 16 25 64 63 32767 32767 79 
34 32767 16 31 19 32767 2 6 55 8 52 40 95 80 1 32767 8 32767 39 32767 97 55 74 69 8 99 90 32767 
99 16 32767 69 45 4 2 93 16 21 86 2 13 32767 62 32767 21 24 12 96 16 95 16 78 32767 93 70 32767 
43 31 69 32767 28 47 19 54 32767 74 26 32767 32767 32767 74 20 65 67 94 32767 51 32 13 87 49 6 18 32767 
32767 19 45 28 32767 95 27 91 64 32767 28 32767 22 32767 56 32767 39 100 70 69 61 54 11 2 32767 44 37 32767 
83 32767 4 47 95 32767 17 32767 38 1 35 32767 17 4 32767 24 53 79 61 32767 50 40 88 51 95 32767 38 37 
26 2 2 19 27 17 32767 32767 32767 41 75 18 32767 23 86 32767 32767 14 67 51 48 10 2 79 39 39 43 32767 
32767 6 93 54 91 32767 32767 32767 24 32767 31 33 24 84 56 32767 58 36 70 12 8 63 32767 32767 32767 32767 32767 79 
19 55 16 32767 64 38 32767 24 32767 93 32767 32767 32767 30 13 75 7 27 93 23 72 18 43 32767 98 69 87 37 
95 8 21 74 32767 1 41 32767 93 32767 37 25 32767 43 32767 1 32767 32767 9 20 99 34 95 46 41 68 26 23 
72 52 86 26 28 35 75 31 32767 37 32767 22 21 41 32767 41 32767 87 54 42 59 41 32767 38 21 64 80 22 
46 40 2 32767 32767 32767 18 33 32767 25 22 32767 44 32767 47 32767 99 35 39 35 6 55 31 32767 68 32767 70 32767 
43 95 13 32767 22 17 32767 24 32767 32767 21 44 32767 1 9 36 32767 32767 36 33 56 32767 67 23 85 56 32767 71 
61 80 32767 32767 32767 4 23 84 30 43 41 32767 1 32767 46 55 94 60 47 78 29 24 53 74 98 54 32767 32767 
28 1 62 74 56 32767 86 56 13 32767 32767 47 9 46 32767 28 74 9 57 86 18 32767 16 81 20 46 32767 32767 
68 32767 32767 20 32767 24 32767 32767 75 1 41 32767 36 55 28 32767 58 26 87 37 26 94 20 32 32767 82 46 19 
61 8 21 65 39 53 32767 58 7 32767 32767 99 32767 94 74 58 32767 66 61 34 65 54 87 35 32767 55 34 37 
22 32767 24 67 100 79 14 36 27 32767 87 35 32767 60 9 26 66 32767 16 38 54 14 7 56 63 32767 59 94 
32767 39 12 94 70 61 67 70 93 9 54 39 36 47 57 87 61 16 32767 83 45 68 32767 29 76 56 89 32767 
73 32767 96 32767 69 32767 51 12 23 20 42 35 33 78 86 37 34 38 83 32767 42 20 92 87 88 21 43 9 
64 97 16 51 61 50 48 8 72 99 59 6 56 29 18 26 65 54 45 42 32767 50 32767 32767 72 98 93 83 
16 55 95 32 54 40 10 63 18 34 41 55 32767 24 32767 94 54 14 68 20 50 32767 54 41 61 78 86 32767 
25 74 16 13 11 88 2 32767 43 95 32767 31 67 53 16 20 87 7 32767 92 32767 54 32767 26 66 32767 31 41 
64 69 78 87 2 51 79 32767 32767 46 38 32767 23 74 81 32 35 56 29 87 32767 41 26 32767 37 32767 8 98 
63 8 32767 49 32767 95 39 32767 98 41 21 68 85 98 20 32767 32767 63 76 88 72 61 66 37 32767 97 18 32767 
32767 99 93 6 44 32767 39 32767 69 68 64 32767 56 54 46 82 55 32767 56 21 98 78 32767 32767 97 32767 45 63 
32767 90 70 18 37 38 43 32767 87 26 80 70 32767 32767 32767 46 34 59 89 43 93 86 31 8 18 45 32767 88 
79 32767 32767 32767 32767 37 32767 79 37 23 22 32767 71 32767 32767 19 37 94 32767 9 83 32767 41 98 32767 63 88 32767 
EOF