DIMENSION: 28
EDGE_WEIGHT_TYPE: EXPLICIT
EDGE_WEIGHT_FORMAT: FULL_MATRIX
EDGE_WEIGHT_SECTION:
32767 44 5 4 32767 58 45 75 59 48 52 12 62 74 32767 60 2 32767 45 83 32767 14 97 69 32767 18 93 30 
44 32767 32767 41 66 59 62 35 45 59 100 67 94 23 78 31 32767 96 45 21 32767 86 88 59 62 39 83 43 
5 32767 32767 2 15 32767 92 32 32767 79 32767 30 6 33 84 5 46 96 93 60 86 32767 62 32767 43 45 10 32767 
4 41 2 32767 39 5 51 19 32767 28 65 45 59 2 32767 61 54 52 59 94 76 32767 32 47 42 32767 70 32767 
32767 66 15 39 32767 44 62 11 51 23 69 11 96 99 13 73 6 78 3 20 70 69 70 93 46 27 4 32767 
58 59 32767 5 44 32767 51 17 87 32767 83 70 59 25 85 93 76 87 81 40 98 32767 17 32767 32767 21 88 41 
45 62 92 51 62 51 32767 32767 52 32767 29 48 75 2 38 32767 21 80 32767 32767 87 98 32767 8 32767 32767 5 32767 
75 35 32 19 11 17 32767 32767 9 80 32767 32767 18 6 33 26 91 24 83 49 84 92 63 98 94 91 1 32767 
59 45 32767 32767 51 87 52 9 32767 70 87 60 100 8 40 32767 1 74 78 77 8 37 32767 28 36 7 37 31 
48 59 79 28 23 32767 32767 80 70 32767 10 64 38 26 3 54 8 15 77 36 28 7 73 19 9 61 30 40 
52 100 32767 65 69 83 29 32767 87 10 32767 27 99 48 20 74 32767 2 42 5 89 81 37 32767 37 32767 67 23 
12 67 30 45 11 70 48 32767 60 64 27 32767 5 88 38 5 17 50 68 49 99 32767 79 79 55 25 32767 32767 
62 94 6 59 96 59 75 18 100 38 99 5 32767 12 59 10 40 100 69 85 8 87 26 26 16 79 32767 3 
74 23 33 2 99 25 2 6 8 26 48 88 12 32767 32767 57 30 76 10 32767 32767 50 50 32767 32767 13 92 32767 
32767 78 84 32767 13 85 38 33 40 3 20 38 59 32767 32767 17 79 75 47 11 32767 84 53 79 25 71 39 60 
60 31 5 61 73 93 32767 26 32767 54 74 5 10 57 17 32767 80 29 32767 91 32767 69 33 63 32767 32767 99 32767 
2 32767 46 54 6 76 21 91 1 8 32767 17 40 30 79 80 32767 51 35 32767 9 75 32767 86 85 32767 8 32767 
32767 96 96 52 78 87 80 24 74 15 2 50 100 76 75 29 51 32767 100 78 16 29 80 27 32767 30 91 22 
45 45 93 59 3 81 32767 83 78 77 42 68 69 10 47 32767 35 100 32767 32767 32767 32767 32767 33 32767 93 81 9 
83 21 60 94 20 40 32767 49 77 36 5 49 85 32767 11 91 32767 78 32767 32767 32767 38 65 27 18 71 79 35 
32767 32767 86 76 70 98 87 84 8 28 89 99 8 32767 32767 32767 9 16 32767 32767 32767 32767 32767 32767 32767 32767 32767 60 
14 86 32767 32767 69 32767 98 92 37 7 81 32767 87 50 84 69 75 29 32767 38 32767 32767 53 32 32767 98 32767 47 
97 88 62 32 70 17 32767 63 32767 73 37 79 26 50 53 33 32767 80 32767 65 32767 53 32767 89 94 7 90 77 
69 59 32767 47 93 32767 8 98 28 19 32767 79 26 32767 79 63 86 27 33 27 32767 32 89 32767 33 32767 29 32767 
32767 62 43 42 46 32767 32767 94 36 9 37 55 16 32767 25 32767 85 32767 32767 18 32767 32767 94 33 32767 5 32767 64 
18 39 45 32767 27 21 32767 91 7 61 32767 25 79 13 71 32767 32767 30 93 71 32767 98 7 32767 5 32767 82 32767 
93 83 10 70 4 88 5 1 37 30 67 32767 32767 92 39 99 8 91 81 79 32767 32767 90 29 32767 82 32767 39 
30 43 32767 32767 32767 41 32767 32767 31 40 23 32767 3 32767 60 32767 32767 22 9 35 60 47 77 32767 64 32767 39 32767 
EOF