DIMENSION: 28
EDGE_WEIGHT_TYPE: EXPLICIT
EDGE_WEIGHT_FORMAT: FULL_MATRIX
EDGE_WEIGHT_SECTION:
32767 65 23 53 52 92 28 100 32767 29 32767 32767 69 77 86 47 50 79 32767 67 21 19 16 76 90 8 55 65 
65 32767 60 4 26 83 51 41 32767 59 26 83 96 76 32767 54 70 41 87 32767 32767 40 91 9 33 12 32767 24 
23 60 32767 87 32767 82 32767 25 48 7 19 32767 32767 32767 36 32767 78 72 68 30 82 71 62 54 31 32767 79 9 
53 4 87 32767 73 31 13 56 96 100 5 96 5 83 14 30 2 81 32767 89 86 48 53 35 12 29 32767 4 
52 26 32767 73 32767 93 32767 28 89 65 32767 75 84 89 32767 77 32767 29 32767 32767 79 38 32767 41 90 32767 69 92 
92 83 82 31 93 32767 52 70 11 66 57 27 32767 55 32767 16 32767 5 32767 45 88 32767 56 32767 74 32767 95 32767 
28 51 32767 13 32767 52 32767 100 53 23 32767 19 32767 56 88 57 8 30 50 2 50 23 21 96 73 79 32767 41 
100 41 25 56 28 70 100 32767 14 32767 66 35 9 76 88 6 13 19 48 26 63 42 46 32767 63 60 2 22 
32767 32767 48 96 89 11 53 14 32767 32767 32767 32767 73 79 94 37 78 3 79 53 9 91 13 1 32767 27 4 88 
29 59 7 100 65 66 23 32767 32767 32767 33 32767 62 75 99 34 7 69 83 61 18 51 76 32767 49 9 32767 93 
32767 26 19 5 32767 57 32767 66 32767 33 32767 71 64 56 49 62 32767 82 38 78 28 65 32767 32767 46 28 18 98 
32767 83 32767 96 75 27 19 35 32767 32767 71 32767 37 10 59 83 85 2 6 77 53 88 2 64 32767 92 67 32767 
69 96 32767 5 84 32767 32767 9 73 62 64 37 32767 13 9 80 32767 32767 17 2 100 32767 76 65 34 32 32767 32767 
77 76 32767 83 89 55 56 76 79 75 56 10 13 32767 3 39 32767 44 32767 53 26 55 40 93 32767 52 10 32767 
86 32767 36 14 32767 32767 88 88 94 99 49 59 9 3 32767 40 71 31 54 60 32767 61 89 39 85 32767 76 88 
47 54 32767 30 77 16 57 6 37 34 62 83 80 39 40 32767 61 71 83 19 97 45 61 64 41 32767 28 92 
50 70 78 2 32767 32767 8 13 78 7 32767 85 32767 32767 71 61 32767 32767 28 32767 3 94 32767 67 21 63 74 83 
79 41 72 81 29 5 30 19 3 69 82 2 32767 44 31 71 32767 32767 89 16 67 32767 32767 36 32767 53 21 32767 
32767 87 68 32767 32767 32767 50 48 79 83 38 6 17 32767 54 83 28 89 32767 76 32767 49 3 32767 3 32767 76 94 
67 32767 30 89 32767 45 2 26 53 61 78 77 2 53 60 19 32767 16 76 32767 32767 32767 62 6 80 5 32767 57 
21 32767 82 86 79 88 50 63 9 18 28 53 100 26 32767 97 3 67 32767 32767 32767 22 91 98 97 29 67 47 
19 40 71 48 38 32767 23 42 91 51 65 88 32767 55 61 45 94 32767 49 32767 22 32767 10 74 16 17 67 55 
16 91 62 53 32767 56 21 46 13 76 32767 2 76 40 89 61 32767 32767 3 62 91 10 32767 42 75 16 38 96 
76 9 54 35 41 32767 96 32767 1 32767 32767 64 65 93 39 64 67 36 32767 6 98 74 42 32767 32 80 32767 98 
90 33 31 12 90 74 73 63 32767 49 46 32767 34 32767 85 41 21 32767 3 80 97 16 75 32 32767 80 32767 42 
8 12 32767 29 32767 32767 79 60 27 9 28 92 32 52 32767 32767 63 53 32767 5 29 17 16 80 80 32767 32767 9 
55 32767 79 32767 69 95 32767 2 4 32767 18 67 32767 10 76 28 74 21 76 32767 67 67 38 32767 32767 32767 32767 26 
65 24 9 4 92 32767 41 22 88 93 98 32767 32767 32767 88 92 83 32767 94 57 47 55 96 98 42 9 26 32767 
EOF