DIMENSION: 28
EDGE_WEIGHT_TYPE: EXPLICIT
EDGE_WEIGHT_FORMAT: FULL_MATRIX
EDGE_WEIGHT_SECTION:
32767 82 95 54 3 32767 61 21 19 50 95 36 62 50 45 32767 67 29 4 34 50 16 100 32767 4 94 88 20 
82 32767 66 31 32767 76 93 32767 74 79 27 97 3 32767 32767 32767 69 17 37 44 23 94 25 38 62 42 39 80 
95 66 32767 38 32767 88 22 79 32767 51 84 21 21 47 86 66 96 52 32767 32 86 94 87 31 37 15 40 18 
54 31 38 32767 32767 83 29 79 32767 74 70 48 22 32767 16 67 87 70 97 83 85 32767 20 19 32767 64 25 78 
3 32767 32767 32767 32767 32767 82 99 73 28 93 28 32767 95 32767 31 32767 2 78 76 32767 52 30 74 45 24 78 74 
32767 76 88 83 32767 32767 12 32767 21 77 30 43 52 32767 79 32767 31 52 46 62 37 32767 32767 55 2 24 6 10 
61 93 22 29 82 12 32767 80 66 76 62 63 12 61 32 29 3 11 95 17 38 22 32767 54 74 79 50 27 
21 32767 79 79 99 32767 80 32767 81 54 32767 32767 32767 47 96 39 21 12 81 8 32767 32767 14 32767 32767 32767 58 21 
19 74 32767 32767 73 21 66 81 32767 32767 74 80 32767 32767 83 83 85 80 64 33 52 33 100 94 31 99 54 51 
50 79 51 74 28 77 76 54 32767 32767 77 11 46 31 51 30 73 88 32767 21 34 86 75 10 32767 34 29 32767 
95 27 84 70 93 30 62 32767 74 77 32767 39 93 50 32767 64 50 68 12 32767 55 54 32767 29 61 75 72 55 
36 97 21 48 28 43 63 32767 80 11 39 32767 46 63 28 32767 91 66 11 41 32767 32767 4 32767 55 69 72 61 
62 3 21 22 32767 52 12 32767 32767 46 93 46 32767 50 14 93 26 65 62 32767 92 32767 32 30 41 18 96 10 
50 32767 47 32767 95 32767 61 47 32767 31 50 63 50 32767 81 62 42 76 32767 1 20 19 32767 32767 47 46 96 32767 
45 32767 86 16 32767 79 32 96 83 51 32767 28 14 81 32767 46 18 32767 79 32767 1 40 32767 32767 28 67 74 32767 
32767 32767 66 67 31 32767 29 39 83 30 64 32767 93 62 46 32767 32767 62 50 14 28 7 82 66 32767 77 7 9 
67 69 96 87 32767 31 3 21 85 73 50 91 26 42 18 32767 32767 1 79 41 81 22 15 33 55 23 23 76 
29 17 52 70 2 52 11 12 80 88 68 66 65 76 32767 62 1 32767 61 32767 38 61 16 91 39 31 32767 32 
4 37 32767 97 78 46 95 81 64 32767 12 11 62 32767 79 50 79 61 32767 14 32767 47 70 32767 64 10 86 26 
34 44 32 83 76 62 17 8 33 21 32767 41 32767 1 32767 14 41 32767 14 32767 11 49 97 40 99 32767 4 32767 
50 23 86 85 32767 37 38 32767 52 34 55 32767 92 20 1 28 81 38 32767 11 32767 30 49 79 66 7 81 21 
16 94 94 32767 52 32767 22 32767 33 86 54 32767 32767 19 40 7 22 61 47 49 30 32767 90 53 79 1 13 66 
100 25 87 20 30 32767 32767 14 100 75 32767 4 32 32767 32767 82 15 16 70 97 49 90 32767 28 19 32767 49 37 
32767 38 31 19 74 55 54 32767 94 10 29 32767 30 32767 32767 66 33 91 32767 40 79 53 28 32767 32767 32767 63 36 
4 62 37 32767 45 2 74 32767 31 32767 61 55 41 47 28 32767 55 39 64 99 66 79 19 32767 32767 33 16 32767 
94 42 15 64 24 24 79 32767 99 34 75 69 18 46 67 77 23 31 10 32767 7 1 32767 32767 33 32767 65 44 
88 39 40 25 78 6 50 58 54 29 72 72 96 96 74 7 23 32767 86 4 81 13 49 63 16 65 32767 32767 
20 80 18 78 74 10 27 21 51 32767 55 61 10 32767 32767 9 76 32 26 32767 21 66 37 36 32767 44 32767 32767 
EOF