DIMENSION: 28
EDGE_WEIGHT_TYPE: EXPLICIT
EDGE_WEIGHT_FORMAT: FULL_MATRIX
EDGE_WEIGHT_SECTION:
32767 90 32 47 16 14 32767 61 24 32767 94 7 49 73 85 84 19 32767 60 84 63 97 32767 46 82 5 80 33 
90 32767 98 79 53 83 29 25 13 17 3 32767 88 40 30 22 52 7 22 20 92 30 14 57 48 62 100 39 
32 98 32767 34 32767 63 30 1 32767 90 82 69 94 57 33 1 62 25 51 51 93 98 88 32767 40 33 32767 93 
47 79 34 32767 39 32 32767 17 32767 96 59 37 32767 88 27 94 85 32767 76 48 32767 40 8 58 23 66 70 32767 
16 53 32767 39 32767 41 38 14 2 27 95 85 32767 32 32767 32767 37 1 95 68 42 32767 18 29 8 32767 61 67 
14 83 63 32 41 32767 51 19 85 32767 32767 74 58 66 49 67 26 59 97 32767 90 32767 46 32767 97 80 79 4 
32767 29 30 32767 38 51 32767 7 5 93 32 26 4 84 94 28 32767 32767 81 32767 32767 74 46 27 99 32767 32767 17 
61 25 1 17 14 19 7 32767 66 32767 43 53 56 82 32767 17 32767 98 32767 26 32767 32767 67 24 23 23 71 32767 
24 13 32767 32767 2 85 5 66 32767 69 63 32767 70 4 81 40 70 94 32767 6 32767 44 33 43 32767 66 32767 32767 
32767 17 90 96 27 32767 93 32767 69 32767 77 6 82 55 25 49 32767 32767 98 32767 3 97 55 32767 98 32767 15 25 
94 3 82 59 95 32767 32 43 63 77 32767 11 57 70 16 32767 32767 32767 29 32767 32767 32767 94 45 77 71 32767 58 
7 32767 69 37 85 74 26 53 32767 6 11 32767 62 42 32767 79 16 70 31 76 27 75 97 83 58 92 1 38 
49 88 94 32767 32767 58 4 56 70 82 57 62 32767 5 32767 32767 32767 32767 32767 50 56 23 32767 84 22 83 27 63 
73 40 57 88 32 66 84 82 4 55 70 42 5 32767 23 16 97 93 32767 4 32767 32767 3 37 1 63 43 81 
85 30 33 27 32767 49 94 32767 81 25 16 32767 32767 23 32767 24 79 65 62 82 71 80 70 91 31 32767 32767 54 
84 22 1 94 32767 67 28 17 40 49 32767 79 32767 16 24 32767 27 32767 32767 9 32767 84 52 71 36 51 63 55 
19 52 62 85 37 26 32767 32767 70 32767 32767 16 32767 97 79 27 32767 32767 90 32767 20 32767 87 16 93 32767 1 59 
32767 7 25 32767 1 59 32767 98 94 32767 32767 70 32767 93 65 32767 32767 32767 41 59 32 55 70 70 5 13 76 2 
60 22 51 76 95 97 81 32767 32767 98 29 31 32767 32767 62 32767 90 41 32767 32767 32767 50 19 73 76 7 44 30 
84 20 51 48 68 32767 32767 26 6 32767 32767 76 50 4 82 9 32767 59 32767 32767 64 57 4 56 32767 69 83 32767 
63 92 93 32767 42 90 32767 32767 32767 3 32767 27 56 32767 71 32767 20 32 32767 64 32767 65 32767 67 40 86 32767 20 
97 30 98 40 32767 32767 74 32767 44 97 32767 75 23 32767 80 84 32767 55 50 57 65 32767 97 86 38 32767 46 16 
32767 14 88 8 18 46 46 67 33 55 94 97 32767 3 70 52 87 70 19 4 32767 97 32767 88 30 17 12 32767 
46 57 32767 58 29 32767 27 24 43 32767 45 83 84 37 91 71 16 70 73 56 67 86 88 32767 39 95 68 90 
82 48 40 23 8 97 99 23 32767 98 77 58 22 1 31 36 93 5 76 32767 40 38 30 39 32767 31 49 24 
5 62 33 66 32767 80 32767 23 66 32767 71 92 83 63 32767 51 32767 13 7 69 86 32767 17 95 31 32767 57 34 
80 100 32767 70 61 79 32767 71 32767 15 32767 1 27 43 32767 63 1 76 44 83 32767 46 12 68 49 57 32767 59 
33 39 93 32767 67 4 17 32767 32767 25 58 38 63 81 54 55 59 2 30 32767 20 16 32767 90 24 34 59 32767 
EOF