DIMENSION: 9
EDGE_WEIGHT_TYPE: EXPLICIT
EDGE_WEIGHT_FORMAT: FULL_MATRIX
EDGE_WEIGHT_SECTION:
32767 32767 32767 71 93 53 32767 43 33 
32767 32767 59 79 32767 32767 59 40 32767 
32767 59 32767 57 93 26 32767 32767 12 
71 79 57 32767 55 32767 7 32767 32767 
93 32767 93 55 32767 32767 98 32767 36 
53 32767 26 32767 32767 32767 32767 32767 32767 
32767 59 32767 7 98 32767 32767 32767 72 
43 40 32767 32767 32767 32767 32767 32767 32767 
33 32767 12 32767 36 32767 72 32767 32767 
EOF