DIMENSION: 9
EDGE_WEIGHT_TYPE: EXPLICIT
EDGE_WEIGHT_FORMAT: FULL_MATRIX
EDGE_WEIGHT_SECTION:
32767 32767 80 32767 24 32767 32767 98 15 
32767 32767 34 22 19 42 85 7 32767 
80 34 32767 32767 48 32767 32767 63 1 
32767 22 32767 32767 67 32767 98 38 58 
24 19 48 67 32767 22 88 32767 27 
32767 42 32767 32767 22 32767 81 33 16 
32767 85 32767 98 88 81 32767 65 66 
98 7 63 38 32767 33 65 32767 37 
15 32767 1 58 27 16 66 37 32767 
EOF