DIMENSION: 9
EDGE_WEIGHT_TYPE: EXPLICIT
EDGE_WEIGHT_FORMAT: FULL_MATRIX
EDGE_WEIGHT_SECTION:
32767 32767 32767 32767 32767 78 32767 58 32767 
32767 32767 32767 32767 80 63 19 32767 32767 
32767 32767 32767 68 62 7 96 23 1 
32767 32767 68 32767 32767 32767 32767 32767 47 
32767 80 62 32767 32767 42 32767 32767 32767 
78 63 7 32767 42 32767 81 95 8 
32767 19 96 32767 32767 81 32767 58 25 
58 32767 23 32767 32767 95 58 32767 22 
32767 32767 1 47 32767 8 25 22 32767 
EOF