DIMENSION: 30
EDGE_WEIGHT_TYPE: EXPLICIT
EDGE_WEIGHT_FORMAT: FULL_MATRIX
EDGE_WEIGHT_SECTION:
32767 1 32767 25 59 32767 9 52 32767 32767 88 7 65 59 78 56 97 62 91 32767 32767 38 71 76 98 4 32767 91 80 53 
1 32767 91 91 100 65 32767 99 86 68 72 6 21 78 51 32767 90 99 32767 42 32767 9 49 32767 21 57 32767 32767 81 67 
32767 91 32767 16 32767 94 94 81 31 77 72 68 3 57 89 32767 47 89 95 32767 10 59 7 3 86 70 12 32767 79 30 
25 91 16 32767 34 88 32767 34 37 36 79 36 52 40 85 39 32767 2 66 27 79 79 76 3 64 56 44 94 3 71 
59 100 32767 34 32767 71 47 34 26 81 45 63 29 2 58 32767 65 92 17 32767 55 79 32767 77 26 30 32767 81 68 47 
32767 65 94 88 71 32767 84 78 17 57 18 8 95 90 32767 83 32767 32767 26 32767 32767 54 1 57 84 78 73 37 72 72 
9 32767 94 32767 47 84 32767 55 6 73 80 47 32767 34 95 32767 32767 32767 32767 79 15 82 43 41 32767 32767 10 14 27 20 
52 99 81 34 34 78 55 32767 99 84 65 77 73 93 86 9 76 32767 17 80 68 32767 8 38 32767 88 91 32767 69 73 
32767 86 31 37 26 17 6 99 32767 77 32767 62 4 99 39 65 91 4 40 69 18 24 28 28 32767 21 32767 68 32767 32767 
32767 68 77 36 81 57 73 84 77 32767 92 78 32767 42 18 54 66 66 39 59 1 26 19 32767 1 32767 59 86 64 41 
88 72 72 79 45 18 80 65 32767 92 32767 18 32767 23 100 24 32767 97 27 32767 4 68 7 32767 2 56 44 6 80 32767 
7 6 68 36 63 8 47 77 62 78 18 32767 63 52 88 32767 17 46 20 99 62 54 32767 32767 11 46 2 94 25 95 
65 21 3 52 29 95 32767 73 4 32767 32767 63 32767 43 61 9 92 32767 63 75 65 32767 97 74 32 65 21 13 97 32767 
59 78 57 40 2 90 34 93 99 42 23 52 43 32767 92 82 28 52 34 88 76 89 48 32767 7 87 4 32767 69 77 
78 51 89 85 58 32767 95 86 39 18 100 88 61 92 32767 77 95 80 68 32767 32767 49 12 48 19 40 53 74 67 3 
56 32767 32767 39 32767 83 32767 9 65 54 24 32767 9 82 77 32767 40 62 98 32767 32767 32767 93 32767 45 38 36 32767 54 99 
97 90 47 32767 65 32767 32767 76 91 66 32767 17 92 28 95 40 32767 36 66 28 65 37 28 44 31 20 32767 62 41 79 
62 99 89 2 92 32767 32767 32767 4 66 97 46 32767 52 80 62 36 32767 88 82 36 6 39 76 32 32767 78 81 57 32767 
91 32767 95 66 17 26 32767 17 40 39 27 20 63 34 68 98 66 88 32767 32767 85 89 66 35 27 32767 49 32767 54 32767 
32767 42 32767 27 32767 32767 79 80 69 59 32767 99 75 88 32767 32767 28 82 32767 32767 74 25 32767 52 45 32767 32767 94 32767 31 
32767 32767 10 79 55 32767 15 68 18 1 4 62 65 76 32767 32767 65 36 85 74 32767 32767 86 8 82 95 34 55 32767 44 
38 9 59 79 79 54 82 32767 24 26 68 54 32767 89 49 32767 37 6 89 25 32767 32767 32767 20 24 51 55 20 7 31 
71 49 7 76 32767 1 43 8 28 19 7 32767 97 48 12 93 28 39 66 32767 86 32767 32767 63 23 40 55 64 32767 70 
76 32767 3 3 77 57 41 38 28 32767 32767 32767 74 32767 48 32767 44 76 35 52 8 20 63 32767 32767 32767 38 33 24 8 
98 21 86 64 26 84 32767 32767 32767 1 2 11 32 7 19 45 31 32 27 45 82 24 23 32767 32767 11 62 23 41 23 
4 57 70 56 30 78 32767 88 21 32767 56 46 65 87 40 38 20 32767 32767 32767 95 51 40 32767 11 32767 79 51 99 1 
32767 32767 12 44 32767 73 10 91 32767 59 44 2 21 4 53 36 32767 78 49 32767 34 55 55 38 62 79 32767 79 17 36 
91 32767 32767 94 81 37 14 32767 68 86 6 94 13 32767 74 32767 62 81 32767 94 55 20 64 33 23 51 79 32767 84 32767 
80 81 79 3 68 72 27 69 32767 64 80 25 97 69 67 54 41 57 54 32767 32767 7 32767 24 41 99 17 84 32767 59 
53 67 30 71 47 72 20 73 32767 41 32767 95 32767 77 3 99 79 32767 32767 31 44 31 70 8 23 1 36 32767 59 32767 
EOF