DIMENSION: 30
EDGE_WEIGHT_TYPE: EXPLICIT
EDGE_WEIGHT_FORMAT: FULL_MATRIX
EDGE_WEIGHT_SECTION:
32767 98 57 5 32767 32767 24 25 84 69 82 35 86 10 32767 62 84 32767 32767 19 69 46 63 89 16 94 88 68 32767 32767 
98 32767 32767 55 32767 32767 69 84 64 59 16 98 32767 88 32767 32767 38 90 32767 9 32767 32767 58 62 32767 82 82 85 81 97 
57 32767 32767 32767 78 26 32767 28 61 61 30 85 32767 30 94 78 9 100 31 33 74 88 32767 38 92 99 32767 28 29 35 
5 55 32767 32767 11 37 95 91 82 35 29 28 32767 32767 32767 89 55 31 67 30 31 92 76 57 21 54 37 22 46 6 
32767 32767 78 11 32767 46 8 85 32767 3 31 16 26 97 32767 17 32767 70 23 47 38 76 33 78 58 36 52 94 87 91 
32767 32767 26 37 46 32767 28 32767 8 22 33 28 51 32767 21 51 32767 8 70 67 32767 33 32 57 32767 8 60 99 46 46 
24 69 32767 95 8 28 32767 45 17 26 29 82 4 85 33 99 66 10 27 58 65 7 99 38 47 34 32767 67 8 9 
25 84 28 91 85 32767 45 32767 52 74 83 73 32767 94 89 32767 95 17 9 32767 76 23 88 86 32767 61 24 20 19 16 
84 64 61 82 32767 8 17 52 32767 37 71 32767 65 66 78 10 22 32 78 15 29 59 42 85 32767 67 32767 37 32767 53 
69 59 61 35 3 22 26 74 37 32767 29 61 77 32767 8 12 65 73 1 11 47 27 61 32767 49 32767 2 32 9 96 
82 16 30 29 31 33 29 83 71 29 32767 16 22 93 9 32767 9 94 32767 88 32767 32767 79 49 66 91 32767 32767 62 24 
35 98 85 28 16 28 82 73 32767 61 16 32767 32767 45 20 17 65 84 31 46 2 94 98 82 32767 32767 73 92 5 69 
86 32767 32767 32767 26 51 4 32767 65 77 22 32767 32767 32767 40 48 48 60 7 3 42 32767 58 2 32767 32767 32767 72 32767 17 
10 88 30 32767 97 32767 85 94 66 32767 93 45 32767 32767 36 32767 15 32767 62 2 11 48 61 93 34 60 41 19 83 32767 
32767 32767 94 32767 32767 21 33 89 78 8 9 20 40 36 32767 99 14 76 11 94 83 24 32767 74 97 16 20 32767 60 39 
62 32767 78 89 17 51 99 32767 10 12 32767 17 48 32767 99 32767 69 3 80 54 48 88 77 32767 100 4 66 43 34 8 
84 38 9 55 32767 32767 66 95 22 65 9 65 48 15 14 69 32767 73 32767 50 14 32 20 52 32767 39 28 81 74 32767 
32767 90 100 31 70 8 10 17 32 73 94 84 60 32767 76 3 73 32767 40 32767 32767 21 32767 22 32767 13 32767 79 71 8 
32767 32767 31 67 23 70 27 9 78 1 32767 31 7 62 11 80 32767 40 32767 74 32767 65 32767 32767 65 98 66 88 61 72 
19 9 33 30 47 67 58 32767 15 11 88 46 3 2 94 54 50 32767 74 32767 32767 6 93 2 25 94 79 57 83 25 
69 32767 74 31 38 32767 65 76 29 47 32767 2 42 11 83 48 14 32767 32767 32767 32767 58 57 56 97 57 89 36 61 32767 
46 32767 88 92 76 33 7 23 59 27 32767 94 32767 48 24 88 32 21 65 6 58 32767 62 58 96 16 98 49 79 95 
63 58 32767 76 33 32 99 88 42 61 79 98 58 61 32767 77 20 32767 32767 93 57 62 32767 15 73 100 20 82 32767 27 
89 62 38 57 78 57 38 86 85 32767 49 82 2 93 74 32767 52 22 32767 2 56 58 15 32767 22 93 70 19 93 8 
16 32767 92 21 58 32767 47 32767 32767 49 66 32767 32767 34 97 100 32767 32767 65 25 97 96 73 22 32767 84 26 92 57 20 
94 82 99 54 36 8 34 61 67 32767 91 32767 32767 60 16 4 39 13 98 94 57 16 100 93 84 32767 47 92 43 95 
88 82 32767 37 52 60 32767 24 32767 2 32767 73 32767 41 20 66 28 32767 66 79 89 98 20 70 26 47 32767 89 81 32767 
68 85 28 22 94 99 67 20 37 32 32767 92 72 19 32767 43 81 79 88 57 36 49 82 19 92 92 89 32767 3 57 
32767 81 29 46 87 46 8 19 32767 9 62 5 32767 83 60 34 74 71 61 83 61 79 32767 93 57 43 81 3 32767 4 
32767 97 35 6 91 46 9 16 53 96 24 69 17 32767 39 8 32767 8 72 25 32767 95 27 8 20 95 32767 57 4 32767 
EOF