DIMENSION: 30
EDGE_WEIGHT_TYPE: EXPLICIT
EDGE_WEIGHT_FORMAT: FULL_MATRIX
EDGE_WEIGHT_SECTION:
32767 1 58 11 11 90 27 32767 72 62 2 61 13 60 49 12 92 32767 32767 90 53 37 32767 82 75 2 97 25 58 15 
1 32767 32767 32767 30 66 56 26 40 2 37 32767 70 38 35 2 32767 4 87 23 32767 52 38 32767 35 67 32767 68 18 44 
58 32767 32767 57 91 32767 44 80 68 64 67 41 25 2 75 32767 56 32767 73 64 32767 96 9 32767 36 44 90 92 32767 84 
11 32767 57 32767 70 89 56 21 46 36 52 32767 99 33 92 60 32767 1 13 32767 97 12 37 80 64 42 78 55 20 70 
11 30 91 70 32767 32767 13 5 94 43 13 2 45 45 10 56 81 81 66 100 25 63 76 32767 21 29 36 80 10 92 
90 66 32767 89 32767 32767 32767 32767 56 64 51 32767 6 50 47 66 31 94 33 41 51 32767 32767 80 78 32767 48 29 70 56 
27 56 44 56 13 32767 32767 57 12 3 50 31 91 32767 40 84 63 4 26 88 46 21 45 61 97 85 32767 43 37 32767 
32767 26 80 21 5 32767 57 32767 84 71 21 81 32767 6 64 39 32767 44 67 31 32767 67 32767 9 58 85 16 7 92 32767 
72 40 68 46 94 56 12 84 32767 16 4 53 35 90 32767 45 70 32 32767 40 11 32767 51 77 34 47 36 32767 19 32767 
62 2 64 36 43 64 3 71 16 32767 53 83 32767 27 6 36 16 11 10 32767 8 36 29 89 32767 32767 35 32767 39 15 
2 37 67 52 13 51 50 21 4 53 32767 93 83 4 24 32767 86 59 24 27 32767 32767 94 32767 32767 32767 57 32767 32767 50 
61 32767 41 32767 2 32767 31 81 53 83 93 32767 26 76 32767 32767 30 2 32767 98 21 32767 99 32767 6 32767 28 32767 85 76 
13 70 25 99 45 6 91 32767 35 32767 83 26 32767 45 57 32767 16 65 32767 18 1 16 32767 73 32767 93 100 4 69 93 
60 38 2 33 45 50 32767 6 90 27 4 76 45 32767 71 55 78 43 57 6 67 32767 82 28 50 98 98 81 32767 69 
49 35 75 92 10 47 40 64 32767 6 24 32767 57 71 32767 27 32767 33 8 12 30 32767 32767 69 32767 50 72 10 57 71 
12 2 32767 60 56 66 84 39 45 36 32767 32767 32767 55 27 32767 68 32767 36 77 32767 10 48 6 63 36 76 62 32767 32767 
92 32767 56 32767 81 31 63 32767 70 16 86 30 16 78 32767 68 32767 36 6 23 59 44 77 37 94 49 32 3 14 16 
32767 4 32767 1 81 94 4 44 32 11 59 2 65 43 33 32767 36 32767 57 70 13 19 96 97 83 66 32767 3 90 14 
32767 87 73 13 66 33 26 67 32767 10 24 32767 32767 57 8 36 6 57 32767 32767 32767 84 86 96 82 32767 17 5 32767 52 
90 23 64 32767 100 41 88 31 40 32767 27 98 18 6 12 77 23 70 32767 32767 32767 10 48 74 77 85 32767 66 32767 1 
53 32767 32767 97 25 51 46 32767 11 8 32767 21 1 67 30 32767 59 13 32767 32767 32767 13 42 8 42 32767 98 64 90 11 
37 52 96 12 63 32767 21 67 32767 36 32767 32767 16 32767 32767 10 44 19 84 10 13 32767 32767 85 14 15 94 15 32767 16 
32767 38 9 37 76 32767 45 32767 51 29 94 99 32767 82 32767 48 77 96 86 48 42 32767 32767 10 44 1 93 16 87 44 
82 32767 32767 80 32767 80 61 9 77 89 32767 32767 73 28 69 6 37 97 96 74 8 85 10 32767 99 32 90 83 23 32767 
75 35 36 64 21 78 97 58 34 32767 32767 6 32767 50 32767 63 94 83 82 77 42 14 44 99 32767 32767 32767 4 62 99 
2 67 44 42 29 32767 85 85 47 32767 32767 32767 93 98 50 36 49 66 32767 85 32767 15 1 32 32767 32767 1 4 46 32767 
97 32767 90 78 36 48 32767 16 36 35 57 28 100 98 72 76 32 32767 17 32767 98 94 93 90 32767 1 32767 32767 18 83 
25 68 92 55 80 29 43 7 32767 32767 32767 32767 4 81 10 62 3 3 5 66 64 15 16 83 4 4 32767 32767 10 76 
58 18 32767 20 10 70 37 92 19 39 32767 85 69 32767 57 32767 14 90 32767 32767 90 32767 87 23 62 46 18 10 32767 30 
15 44 84 70 92 56 32767 32767 32767 15 50 76 93 69 71 32767 16 14 52 1 11 16 44 32767 99 32767 83 76 30 32767 
EOF