DIMENSION: 30
EDGE_WEIGHT_TYPE: EXPLICIT
EDGE_WEIGHT_FORMAT: FULL_MATRIX
EDGE_WEIGHT_SECTION:
32767 53 59 32767 16 3 74 32767 70 18 26 65 75 75 20 84 32767 31 95 23 57 25 49 88 72 41 52 32767 1 4 
53 32767 5 32767 88 86 73 23 63 32767 87 86 30 32767 55 12 32767 76 34 32767 32767 32767 32 18 94 1 90 48 32767 89 
59 5 32767 90 67 32767 67 34 89 32767 72 46 58 99 16 79 82 83 41 18 93 83 3 2 32767 45 59 25 33 89 
32767 32767 90 32767 14 89 62 79 32767 1 55 73 13 85 32767 20 31 34 68 1 29 89 62 50 23 41 32767 85 19 11 
16 88 67 14 32767 64 74 91 60 32767 78 30 12 27 32767 32767 65 51 58 41 98 3 5 25 6 42 32767 19 30 16 
3 86 32767 89 64 32767 32767 88 32767 4 33 31 53 10 26 99 86 51 70 65 57 67 98 12 32767 15 88 25 31 32767 
74 73 67 62 74 32767 32767 24 32767 22 12 20 71 92 81 81 34 16 60 53 8 32767 38 62 54 35 99 43 59 17 
32767 23 34 79 91 88 24 32767 99 53 39 18 16 49 7 63 32767 32767 58 64 33 32767 32767 39 45 63 32767 67 49 15 
70 63 89 32767 60 32767 32767 99 32767 39 32767 4 22 69 95 84 21 23 94 43 67 32 23 26 96 87 67 33 9 32767 
18 32767 32767 1 32767 4 22 53 39 32767 32767 30 32767 51 32767 3 50 97 5 92 9 75 32767 14 32767 4 96 2 70 60 
26 87 72 55 78 33 12 39 32767 32767 32767 81 74 86 83 90 32767 33 75 44 32767 57 32767 60 99 96 44 69 11 53 
65 86 46 73 30 31 20 18 4 30 81 32767 32767 27 17 18 100 57 78 96 32 45 97 73 66 27 60 32767 57 27 
75 30 58 13 12 53 71 16 22 32767 74 32767 32767 25 5 93 15 20 32767 5 92 8 32767 32 36 25 93 32 32767 58 
75 32767 99 85 27 10 92 49 69 51 86 27 25 32767 33 45 44 5 7 32767 11 76 98 34 61 32767 85 59 32767 12 
20 55 16 32767 32767 26 81 7 95 32767 83 17 5 33 32767 94 74 47 32767 34 32767 40 16 17 65 7 48 24 56 72 
84 12 79 20 32767 99 81 63 84 3 90 18 93 45 94 32767 16 82 34 32767 80 49 41 32767 32767 47 88 74 32767 24 
32767 32767 82 31 65 86 34 32767 21 50 32767 100 15 44 74 16 32767 32767 47 32767 27 10 72 3 97 32767 18 53 39 28 
31 76 83 34 51 51 16 32767 23 97 33 57 20 5 47 82 32767 32767 65 32767 32767 32767 32767 14 37 41 39 19 53 87 
95 34 41 68 58 70 60 58 94 5 75 78 32767 7 32767 34 47 65 32767 57 48 58 87 60 32767 76 32767 66 34 32767 
23 32767 18 1 41 65 53 64 43 92 44 96 5 32767 34 32767 32767 32767 57 32767 22 32767 32767 82 32767 13 32767 51 65 65 
57 32767 93 29 98 57 8 33 67 9 32767 32 92 11 32767 80 27 32767 48 22 32767 6 32767 53 93 32767 25 72 32767 51 
25 32767 83 89 3 67 32767 32767 32 75 57 45 8 76 40 49 10 32767 58 32767 6 32767 55 32767 85 76 92 32767 32767 45 
49 32 3 62 5 98 38 32767 23 32767 32767 97 32767 98 16 41 72 32767 87 32767 32767 55 32767 90 98 32767 25 55 32767 9 
88 18 2 50 25 12 62 39 26 14 60 73 32 34 17 32767 3 14 60 82 53 32767 90 32767 89 70 83 80 51 55 
72 94 32767 23 6 32767 54 45 96 32767 99 66 36 61 65 32767 97 37 32767 32767 93 85 98 89 32767 96 32767 36 50 29 
41 1 45 41 42 15 35 63 87 4 96 27 25 32767 7 47 32767 41 76 13 32767 76 32767 70 96 32767 89 85 74 81 
52 90 59 32767 32767 88 99 32767 67 96 44 60 93 85 48 88 18 39 32767 32767 25 92 25 83 32767 89 32767 47 2 95 
32767 48 25 85 19 25 43 67 33 2 69 32767 32 59 24 74 53 19 66 51 72 32767 55 80 36 85 47 32767 61 6 
1 32767 33 19 30 31 59 49 9 70 11 57 32767 32767 56 32767 39 53 34 65 32767 32767 32767 51 50 74 2 61 32767 22 
4 89 89 11 16 32767 17 15 32767 60 53 27 58 12 72 24 28 87 32767 65 51 45 9 55 29 81 95 6 22 32767 
EOF