DIMENSION: 30
EDGE_WEIGHT_TYPE: EXPLICIT
EDGE_WEIGHT_FORMAT: FULL_MATRIX
EDGE_WEIGHT_SECTION:
32767 75 37 32767 79 84 18 65 23 56 49 63 32767 35 88 97 1 26 32767 14 32767 32767 32767 50 98 59 34 32767 47 8 
75 32767 32767 76 85 17 8 63 96 32767 95 43 38 72 94 82 65 32767 73 32767 32767 32767 69 32767 49 72 58 32767 56 32767 
37 32767 32767 32767 32767 10 58 79 39 65 32767 32767 58 32767 44 5 2 70 34 1 100 90 82 96 32767 96 24 100 100 59 
32767 76 32767 32767 52 32767 32767 65 19 9 85 32767 57 96 65 82 38 44 62 100 27 74 32767 23 32767 94 19 76 60 32767 
79 85 32767 52 32767 55 25 32767 45 32767 32767 84 57 49 25 77 44 70 26 40 32767 51 19 58 3 32767 32767 29 20 32767 
84 17 10 32767 55 32767 32767 8 27 48 24 60 32767 99 12 54 28 32767 71 20 50 38 7 32767 66 49 96 70 98 89 
18 8 58 32767 25 32767 32767 89 57 99 53 6 25 14 56 83 32767 49 58 73 32767 2 48 44 94 30 35 50 32767 74 
65 63 79 65 32767 8 89 32767 64 14 33 54 71 26 58 97 88 98 84 5 32767 32767 29 32767 54 98 32767 47 93 68 
23 96 39 19 45 27 57 64 32767 15 58 85 78 32767 27 27 4 11 86 27 22 47 23 64 53 42 39 82 95 87 
56 32767 65 9 32767 48 99 14 15 32767 5 49 71 52 32767 30 72 46 33 58 31 100 26 60 60 56 73 32767 32 43 
49 95 32767 85 32767 24 53 33 58 5 32767 52 17 65 96 6 32767 65 52 34 81 46 62 24 26 18 50 72 69 6 
63 43 32767 32767 84 60 6 54 85 49 52 32767 32767 32767 100 32767 64 80 87 59 6 32767 59 79 80 57 1 23 32767 28 
32767 38 58 57 57 32767 25 71 78 71 17 32767 32767 74 13 20 20 7 32767 65 64 82 91 61 8 3 49 28 57 27 
35 72 32767 96 49 99 14 26 32767 52 65 32767 74 32767 32767 46 30 70 32767 80 64 70 32767 13 32767 35 97 23 18 98 
88 94 44 65 25 12 56 58 27 32767 96 100 13 32767 32767 44 73 32767 92 87 32767 14 69 40 73 32767 80 36 84 70 
97 82 5 82 77 54 83 97 27 30 6 32767 20 46 44 32767 94 78 67 32767 15 35 62 32767 75 29 32767 67 32767 68 
1 65 2 38 44 28 32767 88 4 72 32767 64 20 30 73 94 32767 32767 56 15 18 25 24 7 33 99 32767 12 26 62 
26 32767 70 44 70 32767 49 98 11 46 65 80 7 70 32767 78 32767 32767 32767 44 62 92 32767 47 31 32767 32767 54 48 83 
32767 73 34 62 26 71 58 84 86 33 52 87 32767 32767 92 67 56 32767 32767 32 75 32767 86 49 77 15 26 9 96 15 
14 32767 1 100 40 20 73 5 27 58 34 59 65 80 87 32767 15 44 32 32767 56 95 32767 19 96 32767 27 29 78 45 
32767 32767 100 27 32767 50 32767 32767 22 31 81 6 64 64 32767 15 18 62 75 56 32767 32767 21 56 9 32767 77 78 32767 85 
32767 32767 90 74 51 38 2 32767 47 100 46 32767 82 70 14 35 25 92 32767 95 32767 32767 35 34 96 32767 2 64 32767 32767 
32767 69 82 32767 19 7 48 29 23 26 62 59 91 32767 69 62 24 32767 86 32767 21 35 32767 49 71 52 97 10 32767 32767 
50 32767 96 23 58 32767 44 32767 64 60 24 79 61 13 40 32767 7 47 49 19 56 34 49 32767 32767 32767 32767 32767 16 90 
98 49 32767 32767 3 66 94 54 53 60 26 80 8 32767 73 75 33 31 77 96 9 96 71 32767 32767 98 79 3 84 62 
59 72 96 94 32767 49 30 98 42 56 18 57 3 35 32767 29 99 32767 15 32767 32767 32767 52 32767 98 32767 32767 62 33 2 
34 58 24 19 32767 96 35 32767 39 73 50 1 49 97 80 32767 32767 32767 26 27 77 2 97 32767 79 32767 32767 32767 98 84 
32767 32767 100 76 29 70 50 47 82 32767 72 23 28 23 36 67 12 54 9 29 78 64 10 32767 3 62 32767 32767 32 32767 
47 56 100 60 20 98 32767 93 95 32 69 32767 57 18 84 32767 26 48 96 78 32767 32767 32767 16 84 33 98 32 32767 11 
8 32767 59 32767 32767 89 74 68 87 43 6 28 27 98 70 68 62 83 15 45 85 32767 32767 90 62 2 84 32767 11 32767 
EOF