DIMENSION: 30
EDGE_WEIGHT_TYPE: EXPLICIT
EDGE_WEIGHT_FORMAT: FULL_MATRIX
EDGE_WEIGHT_SECTION:
32767 32767 49 35 20 41 78 35 29 32767 27 76 20 2 59 18 1 74 12 32767 74 76 32767 53 39 3 93 74 46 61 
32767 32767 86 32767 56 57 85 82 82 71 21 61 14 48 32767 77 95 33 32767 18 29 32767 37 26 24 32767 31 28 15 48 
49 86 32767 32767 32767 44 72 95 32767 1 33 48 67 52 75 61 58 73 67 59 38 94 32767 25 73 32767 41 10 33 32767 
35 32767 32767 32767 85 98 79 21 67 96 90 68 39 72 36 6 85 32767 24 55 32767 25 61 32767 81 32767 32767 80 6 55 
20 56 32767 85 32767 16 72 98 36 4 96 31 27 27 32767 82 73 72 97 94 66 38 17 74 32767 42 72 67 91 33 
41 57 44 98 16 32767 20 51 32767 68 34 15 38 72 32767 32767 46 24 73 23 82 4 9 98 32767 32767 78 38 6 89 
78 85 72 79 72 20 32767 35 69 100 25 32767 49 88 72 66 71 32767 4 80 54 96 72 5 32767 32767 32767 47 27 32767 
35 82 95 21 98 51 35 32767 32767 32767 42 30 32767 31 32767 29 7 66 29 75 97 58 4 90 34 32767 60 89 1 5 
29 82 32767 67 36 32767 69 32767 32767 22 11 58 21 99 32767 50 32767 32767 24 66 24 27 11 11 47 67 76 40 32767 10 
32767 71 1 96 4 68 100 32767 22 32767 97 32767 93 16 16 50 32767 32767 32 48 27 55 65 6 90 74 6 61 11 73 
27 21 33 90 96 34 25 42 11 97 32767 76 32767 77 32767 2 32767 2 31 55 32767 32767 60 17 41 61 45 78 32767 3 
76 61 48 68 31 15 32767 30 58 32767 76 32767 89 53 41 32767 93 64 32767 32767 32767 41 41 32767 32767 100 61 43 45 38 
20 14 67 39 27 38 49 32767 21 93 32767 89 32767 19 69 87 77 54 18 1 8 85 52 48 49 32767 43 14 32767 12 
2 48 52 72 27 72 88 31 99 16 77 53 19 32767 60 27 94 52 38 26 9 82 85 32767 84 48 5 32767 18 71 
59 32767 75 36 32767 32767 72 32767 32767 16 32767 41 69 60 32767 84 32767 62 59 35 6 32767 95 32767 28 54 13 49 79 32767 
18 77 61 6 82 32767 66 29 50 50 2 32767 87 27 84 32767 17 28 4 32767 69 56 45 35 32767 68 66 75 91 43 
1 95 58 85 73 46 71 7 32767 32767 32767 93 77 94 32767 17 32767 88 6 2 14 32767 69 36 32767 43 68 49 82 64 
74 33 73 32767 72 24 32767 66 32767 32767 2 64 54 52 62 28 88 32767 5 32767 32767 78 32767 65 78 25 22 67 6 79 
12 32767 67 24 97 73 4 29 24 32 31 32767 18 38 59 4 6 5 32767 97 97 46 62 81 17 88 100 36 29 71 
32767 18 59 55 94 23 80 75 66 48 55 32767 1 26 35 32767 2 32767 97 32767 68 63 34 91 96 8 19 61 32767 41 
74 29 38 32767 66 82 54 97 24 27 32767 32767 8 9 6 69 14 32767 97 68 32767 86 78 62 84 15 47 67 32767 32767 
76 32767 94 25 38 4 96 58 27 55 32767 41 85 82 32767 56 32767 78 46 63 86 32767 24 95 48 94 52 4 16 74 
32767 37 32767 61 17 9 72 4 11 65 60 41 52 85 95 45 69 32767 62 34 78 24 32767 32767 51 19 36 32767 36 23 
53 26 25 32767 74 98 5 90 11 6 17 32767 48 32767 32767 35 36 65 81 91 62 95 32767 32767 83 58 56 32767 32767 36 
39 24 73 81 32767 32767 32767 34 47 90 41 32767 49 84 28 32767 32767 78 17 96 84 48 51 83 32767 99 88 70 97 55 
3 32767 32767 32767 42 32767 32767 32767 67 74 61 100 32767 48 54 68 43 25 88 8 15 94 19 58 99 32767 45 24 43 38 
93 31 41 32767 72 78 32767 60 76 6 45 61 43 5 13 66 68 22 100 19 47 52 36 56 88 45 32767 62 84 16 
74 28 10 80 67 38 47 89 40 61 78 43 14 32767 49 75 49 67 36 61 67 4 32767 32767 70 24 62 32767 2 96 
46 15 33 6 91 6 27 1 32767 11 32767 45 32767 18 79 91 82 6 29 32767 32767 16 36 32767 97 43 84 2 32767 78 
61 48 32767 55 33 89 32767 5 10 73 3 38 12 71 32767 43 64 79 71 41 32767 74 23 36 55 38 16 96 78 32767 
EOF