DIMENSION: 30
EDGE_WEIGHT_TYPE: EXPLICIT
EDGE_WEIGHT_FORMAT: FULL_MATRIX
EDGE_WEIGHT_SECTION:
32767 67 28 71 30 62 77 32767 77 72 87 32767 100 95 73 99 39 41 27 32767 98 33 95 37 81 97 32767 83 4 94 
67 32767 32767 32767 55 32 71 50 45 47 85 25 32767 66 11 93 49 32767 82 27 32767 33 66 48 32767 45 83 15 1 74 
28 32767 32767 32767 62 32767 54 70 32767 4 91 22 58 4 28 53 32767 95 82 18 45 69 96 36 51 68 90 32767 64 32767 
71 32767 32767 32767 68 32767 1 32767 32767 66 2 91 61 32767 14 4 76 1 96 32767 59 10 72 91 100 45 58 81 55 16 
30 55 62 68 32767 7 39 55 60 91 49 6 14 87 32767 86 49 32767 95 48 76 84 90 42 65 45 2 59 52 87 
62 32 32767 32767 7 32767 27 27 40 14 66 34 77 27 38 14 20 60 51 32767 54 18 69 73 32767 53 32767 18 19 32767 
77 71 54 1 39 27 32767 36 10 56 79 33 100 60 89 99 70 8 59 6 81 32767 43 1 24 86 4 30 64 5 
32767 50 70 32767 55 27 36 32767 5 44 32767 32767 32767 33 9 7 32767 73 26 15 98 46 16 98 92 76 11 38 72 73 
77 45 32767 32767 60 40 10 5 32767 96 94 75 21 39 100 86 93 32767 42 32767 95 14 77 32767 1 69 34 29 6 32767 
72 47 4 66 91 14 56 44 96 32767 57 25 24 52 15 57 32767 3 60 34 7 1 73 7 56 47 20 22 7 30 
87 85 91 2 49 66 79 32767 94 57 32767 98 31 32767 32767 53 96 32767 2 24 47 87 32767 50 62 28 99 19 60 85 
32767 25 22 91 6 34 33 32767 75 25 98 32767 16 78 48 32767 23 83 32767 32767 32767 94 32767 43 84 4 14 89 100 79 
100 32767 58 61 14 77 100 32767 21 24 31 16 32767 24 71 32767 95 39 32767 32767 28 32767 21 65 19 82 71 10 32767 62 
95 66 4 32767 87 27 60 33 39 52 32767 78 24 32767 71 42 24 4 38 91 30 90 42 40 32767 40 24 37 72 46 
73 11 28 14 32767 38 89 9 100 15 32767 48 71 71 32767 48 32 75 90 9 32767 83 57 89 32767 28 32767 19 85 85 
99 93 53 4 86 14 99 7 86 57 53 32767 32767 42 48 32767 52 67 13 25 97 32767 41 24 39 37 29 22 45 75 
39 49 32767 76 49 20 70 32767 93 32767 96 23 95 24 32 52 32767 32767 6 41 41 50 32767 75 25 32767 65 32767 45 61 
41 32767 95 1 32767 60 8 73 32767 3 32767 83 39 4 75 67 32767 32767 26 32767 99 67 22 32767 32767 38 36 51 35 12 
27 82 82 96 95 51 59 26 42 60 2 32767 32767 38 90 13 6 26 32767 3 84 59 15 16 32767 4 97 35 25 29 
32767 27 18 32767 48 32767 6 15 32767 34 24 32767 32767 91 9 25 41 32767 3 32767 82 32767 32767 32767 24 1 32767 3 19 32767 
98 32767 45 59 76 54 81 98 95 7 47 32767 28 30 32767 97 41 99 84 82 32767 74 99 86 44 46 89 71 32767 22 
33 33 69 10 84 18 32767 46 14 1 87 94 32767 90 83 32767 50 67 59 32767 74 32767 28 29 36 50 61 41 76 32767 
95 66 96 72 90 69 43 16 77 73 32767 32767 21 42 57 41 32767 22 15 32767 99 28 32767 63 32767 49 41 15 43 9 
37 48 36 91 42 73 1 98 32767 7 50 43 65 40 89 24 75 32767 16 32767 86 29 63 32767 97 45 94 25 50 50 
81 32767 51 100 65 32767 24 92 1 56 62 84 19 32767 32767 39 25 32767 32767 24 44 36 32767 97 32767 29 94 60 19 99 
97 45 68 45 45 53 86 76 69 47 28 4 82 40 28 37 32767 38 4 1 46 50 49 45 29 32767 49 73 30 57 
32767 83 90 58 2 32767 4 11 34 20 99 14 71 24 32767 29 65 36 97 32767 89 61 41 94 94 49 32767 46 20 28 
83 15 32767 81 59 18 30 38 29 22 19 89 10 37 19 22 32767 51 35 3 71 41 15 25 60 73 46 32767 32767 4 
4 1 64 55 52 19 64 72 6 7 60 100 32767 72 85 45 45 35 25 19 32767 76 43 50 19 30 20 32767 32767 65 
94 74 32767 16 87 32767 5 73 32767 30 85 79 62 46 85 75 61 12 29 32767 22 32767 9 50 99 57 28 4 65 32767 
EOF