DIMENSION: 30
EDGE_WEIGHT_TYPE: EXPLICIT
EDGE_WEIGHT_FORMAT: FULL_MATRIX
EDGE_WEIGHT_SECTION:
32767 89 59 22 88 32767 32767 32767 31 36 40 80 8 20 19 52 11 32767 49 46 81 54 32767 84 32767 66 98 45 80 15 
89 32767 14 32767 32767 62 81 84 32767 32767 39 32767 45 74 4 46 32767 46 88 47 62 32767 17 74 62 65 48 80 98 17 
59 14 32767 4 54 32 46 75 32767 28 45 51 13 87 96 17 60 39 7 38 14 62 35 79 35 42 45 32767 9 92 
22 32767 4 32767 71 95 30 2 44 2 32767 40 32767 74 57 32767 32767 75 59 58 32767 1 63 43 53 32767 69 88 48 32767 
88 32767 54 71 32767 86 35 54 48 32767 53 13 32767 5 94 38 32767 42 32767 11 11 36 42 22 99 48 32767 42 23 32767 
32767 62 32 95 86 32767 32767 10 17 32767 4 52 97 32767 59 47 87 9 18 61 32 32767 6 32767 77 47 32767 8 74 19 
32767 81 46 30 35 32767 32767 72 81 23 32767 94 17 62 25 32767 88 41 79 60 10 71 30 5 66 70 32767 24 32767 32767 
32767 84 75 2 54 10 72 32767 32767 92 21 3 85 73 4 86 32767 56 84 3 14 32767 5 81 32767 72 15 6 46 87 
31 32767 32767 44 48 17 81 32767 32767 90 96 86 79 58 90 98 51 32767 45 97 32767 82 1 84 32767 70 96 86 32767 45 
36 32767 28 2 32767 32767 23 92 90 32767 1 13 14 32767 65 51 53 80 80 62 32767 60 71 72 32767 32767 49 94 33 91 
40 39 45 32767 53 4 32767 21 96 1 32767 67 62 36 32767 34 95 32767 32767 32767 32767 68 39 29 100 32767 30 32 23 8 
80 32767 51 40 13 52 94 3 86 13 67 32767 59 22 95 28 53 32767 61 32767 28 72 63 95 85 3 86 41 17 66 
8 45 13 32767 32767 97 17 85 79 14 62 59 32767 32767 60 32767 7 69 14 57 81 32767 95 83 32767 32767 35 44 77 79 
20 74 87 74 5 32767 62 73 58 32767 36 22 32767 32767 54 24 66 71 16 84 51 32767 32767 15 63 20 32767 54 99 32767 
19 4 96 57 94 59 25 4 90 65 32767 95 60 54 32767 87 75 15 56 97 50 32767 85 25 17 32767 4 32767 32767 53 
52 46 17 32767 38 47 32767 86 98 51 34 28 32767 24 87 32767 28 27 72 32767 98 54 63 43 86 15 81 81 45 32767 
11 32767 60 32767 32767 87 88 32767 51 53 95 53 7 66 75 28 32767 32767 81 70 1 88 64 32767 61 92 70 1 32767 6 
32767 46 39 75 42 9 41 56 32767 80 32767 32767 69 71 15 27 32767 32767 32767 87 64 59 32767 24 60 15 85 59 53 61 
49 88 7 59 32767 18 79 84 45 80 32767 61 14 16 56 72 81 32767 32767 89 30 20 30 66 16 29 89 88 56 56 
46 47 38 58 11 61 60 3 97 62 32767 32767 57 84 97 32767 70 87 89 32767 12 23 93 67 35 24 23 58 25 65 
81 62 14 32767 11 32 10 14 32767 32767 32767 28 81 51 50 98 1 64 30 12 32767 32767 45 32767 46 5 28 74 32767 48 
54 32767 62 1 36 32767 71 32767 82 60 68 72 32767 32767 32767 54 88 59 20 23 32767 32767 49 78 9 29 58 33 32767 7 
32767 17 35 63 42 6 30 5 1 71 39 63 95 32767 85 63 64 32767 30 93 45 49 32767 32767 59 83 19 9 90 32767 
84 74 79 43 22 32767 5 81 84 72 29 95 83 15 25 43 32767 24 66 67 32767 78 32767 32767 80 45 29 21 27 13 
32767 62 35 53 99 77 66 32767 32767 32767 100 85 32767 63 17 86 61 60 16 35 46 9 59 80 32767 66 86 39 4 2 
66 65 42 32767 48 47 70 72 70 32767 32767 3 32767 20 32767 15 92 15 29 24 5 29 83 45 66 32767 12 44 62 16 
98 48 45 69 32767 32767 32767 15 96 49 30 86 35 32767 4 81 70 85 89 23 28 58 19 29 86 12 32767 63 62 90 
45 80 32767 88 42 8 24 6 86 94 32 41 44 54 32767 81 1 59 88 58 74 33 9 21 39 44 63 32767 77 22 
80 98 9 48 23 74 32767 46 32767 33 23 17 77 99 32767 45 32767 53 56 25 32767 32767 90 27 4 62 62 77 32767 19 
15 17 92 32767 32767 19 32767 87 45 91 8 66 79 32767 53 32767 6 61 56 65 48 7 32767 13 2 16 90 22 19 32767 
EOF