DIMENSION: 30
EDGE_WEIGHT_TYPE: EXPLICIT
EDGE_WEIGHT_FORMAT: FULL_MATRIX
EDGE_WEIGHT_SECTION:
32767 72 91 31 32767 45 3 48 32767 14 91 61 32767 86 45 32767 43 44 32767 67 38 51 44 45 32767 92 18 77 58 71 
72 32767 74 31 32767 32767 17 58 35 100 32767 87 22 10 75 32767 83 64 32767 34 59 57 13 41 32767 56 68 84 93 20 
91 74 32767 6 50 11 32767 32767 24 12 13 57 64 30 80 59 44 45 90 15 70 20 48 58 93 23 32767 32767 94 21 
31 31 6 32767 78 12 32767 7 42 18 32767 64 25 58 73 46 35 74 51 32767 23 68 6 71 32767 64 53 71 47 52 
32767 32767 50 78 32767 32767 76 32767 93 86 32767 89 53 78 37 27 98 23 14 78 41 85 32767 61 32767 5 48 88 5 51 
45 32767 11 12 32767 32767 64 20 32767 18 67 32767 32767 54 1 82 73 14 46 82 28 24 20 86 29 2 77 22 81 90 
3 17 32767 32767 76 64 32767 55 30 17 13 32767 46 14 32767 32767 86 22 32767 48 93 69 21 32767 10 98 63 32767 10 14 
48 58 32767 7 32767 20 55 32767 86 57 53 90 13 32767 32767 32767 8 48 9 17 82 53 42 32767 82 1 63 22 100 34 
32767 35 24 42 93 32767 30 86 32767 95 25 57 74 32767 22 32767 55 46 6 8 67 57 16 32767 32767 41 28 77 8 32767 
14 100 12 18 86 18 17 57 95 32767 81 32767 54 32767 9 78 80 19 32767 78 23 56 9 97 32767 74 89 10 24 75 
91 32767 13 32767 32767 67 13 53 25 81 32767 33 61 46 37 62 32767 88 86 73 90 85 95 11 88 27 59 20 74 38 
61 87 57 64 89 32767 32767 90 57 32767 33 32767 66 32767 48 18 79 77 53 61 92 32767 43 17 32767 75 34 59 5 33 
32767 22 64 25 53 32767 46 13 74 54 61 66 32767 55 32767 24 33 64 40 70 52 100 35 32767 1 1 10 49 35 32767 
86 10 30 58 78 54 14 32767 32767 32767 46 32767 55 32767 41 32767 16 10 63 43 39 26 32767 71 75 34 32767 32767 78 21 
45 75 80 73 37 1 32767 32767 22 9 37 48 32767 41 32767 34 70 32767 47 32767 56 78 86 64 77 53 47 32767 81 78 
32767 32767 59 46 27 82 32767 32767 32767 78 62 18 24 32767 34 32767 26 72 59 90 93 25 95 38 54 35 70 32767 32767 95 
43 83 44 35 98 73 86 8 55 80 32767 79 33 16 70 26 32767 32767 27 34 56 2 69 17 32767 5 30 32767 20 2 
44 64 45 74 23 14 22 48 46 19 88 77 64 10 32767 72 32767 32767 4 32767 52 32767 46 7 17 1 3 99 79 32767 
32767 32767 90 51 14 46 32767 9 6 32767 86 53 40 63 47 59 27 4 32767 32767 72 30 50 92 9 4 50 41 99 18 
67 34 15 32767 78 82 48 17 8 78 73 61 70 43 32767 90 34 32767 32767 32767 91 39 32767 37 51 93 75 80 96 92 
38 59 70 23 41 28 93 82 67 23 90 92 52 39 56 93 56 52 72 91 32767 41 2 88 71 12 52 32767 22 32767 
51 57 20 68 85 24 69 53 57 56 85 32767 100 26 78 25 2 32767 30 39 41 32767 41 23 56 93 32767 25 8 32767 
44 13 48 6 32767 20 21 42 16 9 95 43 35 32767 86 95 69 46 50 32767 2 41 32767 6 59 28 72 32767 83 35 
45 41 58 71 61 86 32767 32767 32767 97 11 17 32767 71 64 38 17 7 92 37 88 23 6 32767 31 32767 39 28 91 32767 
32767 32767 93 32767 32767 29 10 82 32767 32767 88 32767 1 75 77 54 32767 17 9 51 71 56 59 31 32767 35 88 96 67 100 
92 56 23 64 5 2 98 1 41 74 27 75 1 34 53 35 5 1 4 93 12 93 28 32767 35 32767 27 91 82 60 
18 68 32767 53 48 77 63 63 28 89 59 34 10 32767 47 70 30 3 50 75 52 32767 72 39 88 27 32767 11 28 53 
77 84 32767 71 88 22 32767 22 77 10 20 59 49 32767 32767 32767 32767 99 41 80 32767 25 32767 28 96 91 11 32767 31 32767 
58 93 94 47 5 81 10 100 8 24 74 5 35 78 81 32767 20 79 99 96 22 8 83 91 67 82 28 31 32767 91 
71 20 21 52 51 90 14 34 32767 75 38 33 32767 21 78 95 2 32767 18 92 32767 32767 35 32767 100 60 53 32767 91 32767 
EOF