DIMENSION: 20
EDGE_WEIGHT_TYPE: EXPLICIT
EDGE_WEIGHT_FORMAT: FULL_MATRIX
EDGE_WEIGHT_SECTION:
32767 99 53 32767 32767 28 32767 32767 98 30 78 84 32767 94 32767 35 65 6 32767 32767 
99 32767 78 32767 32767 32767 95 64 31 47 100 32767 55 69 32767 42 98 32767 32767 39 
53 78 32767 75 97 55 9 32767 24 86 32767 65 80 32767 97 32767 60 30 68 37 
32767 32767 75 32767 67 83 84 32767 44 97 37 64 32767 32767 32767 72 32767 65 68 69 
32767 32767 97 67 32767 32767 32767 14 35 9 60 32767 3 91 24 32767 32767 76 68 9 
28 32767 55 83 32767 32767 63 44 17 32767 84 32767 18 12 68 61 32767 52 21 82 
32767 95 9 84 32767 63 32767 55 44 32767 72 85 79 32767 8 23 32767 31 73 36 
32767 64 32767 32767 14 44 55 32767 24 36 52 3 32767 32 32767 32767 47 5 20 32767 
98 31 24 44 35 17 44 24 32767 27 32767 90 3 27 51 28 47 32767 32767 32767 
30 47 86 97 9 32767 32767 36 27 32767 32767 32767 30 6 34 32767 46 64 32767 61 
78 100 32767 37 60 84 72 52 32767 32767 32767 85 73 32767 32767 50 5 99 16 32767 
84 32767 65 64 32767 32767 85 3 90 32767 85 32767 32767 32767 32767 32767 53 54 32767 32767 
32767 55 80 32767 3 18 79 32767 3 30 73 32767 32767 19 98 64 98 32767 32767 32767 
94 69 32767 32767 91 12 32767 32 27 6 32767 32767 19 32767 32767 32767 32767 32767 32767 32767 
32767 32767 97 32767 24 68 8 32767 51 34 32767 32767 98 32767 32767 32767 32767 32767 32767 32767 
35 42 32767 72 32767 61 23 32767 28 32767 50 32767 64 32767 32767 32767 81 32767 85 32767 
65 98 60 32767 32767 32767 32767 47 47 46 5 53 98 32767 32767 81 32767 32767 36 4 
6 32767 30 65 76 52 31 5 32767 64 99 54 32767 32767 32767 32767 32767 32767 32767 17 
32767 32767 68 68 68 21 73 20 32767 32767 16 32767 32767 32767 32767 85 36 32767 32767 20 
32767 39 37 69 9 82 36 32767 32767 61 32767 32767 32767 32767 32767 32767 4 17 20 32767 
EOF