DIMENSION: 20
EDGE_WEIGHT_TYPE: EXPLICIT
EDGE_WEIGHT_FORMAT: FULL_MATRIX
EDGE_WEIGHT_SECTION:
32767 5 32767 16 83 98 78 13 32767 32767 94 32767 51 26 32767 85 25 38 50 89 
5 32767 32767 56 14 89 62 32767 32767 74 65 68 98 91 81 45 27 81 70 3 
32767 32767 32767 76 32767 32767 32 74 32767 32767 46 32767 65 46 70 89 32767 32767 86 53 
16 56 76 32767 60 64 66 1 15 7 72 22 32767 32767 12 32767 32767 21 44 59 
83 14 32767 60 32767 32767 63 83 32767 32767 32767 32767 32767 2 97 32767 68 32767 52 91 
98 89 32767 64 32767 32767 32767 88 49 91 84 2 32767 36 32767 58 32767 80 32767 76 
78 62 32 66 63 32767 32767 41 5 32767 79 60 23 32767 97 36 20 32767 32767 77 
13 32767 74 1 83 88 41 32767 55 3 32767 32767 32767 41 68 20 32767 32767 48 8 
32767 32767 32767 15 32767 49 5 55 32767 3 32767 51 32767 22 80 18 12 14 17 5 
32767 74 32767 7 32767 91 32767 3 3 32767 32767 32767 96 89 32767 88 32767 32767 27 32767 
94 65 46 72 32767 84 79 32767 32767 32767 32767 29 82 48 59 23 32767 88 89 32767 
32767 68 32767 22 32767 2 60 32767 51 32767 29 32767 49 79 18 32767 32767 32767 32767 32767 
51 98 65 32767 32767 32767 23 32767 32767 96 82 49 32767 32767 31 95 48 12 40 32767 
26 91 46 32767 2 36 32767 41 22 89 48 79 32767 32767 15 37 90 32767 44 72 
32767 81 70 12 97 32767 97 68 80 32767 59 18 31 15 32767 21 92 90 1 13 
85 45 89 32767 32767 58 36 20 18 88 23 32767 95 37 21 32767 32767 59 20 56 
25 27 32767 32767 68 32767 20 32767 12 32767 32767 32767 48 90 92 32767 32767 32767 77 32767 
38 81 32767 21 32767 80 32767 32767 14 32767 88 32767 12 32767 90 59 32767 32767 68 94 
50 70 86 44 52 32767 32767 48 17 27 89 32767 40 44 1 20 77 68 32767 47 
89 3 53 59 91 76 77 8 5 32767 32767 32767 32767 72 13 56 32767 94 47 32767 
EOF