DIMENSION: 20
EDGE_WEIGHT_TYPE: EXPLICIT
EDGE_WEIGHT_FORMAT: FULL_MATRIX
EDGE_WEIGHT_SECTION:
32767 32767 20 32767 81 31 32767 32767 74 57 39 32767 76 84 46 32767 32767 72 93 51 
32767 32767 54 32767 36 24 93 32767 32767 32767 98 85 32767 32767 4 78 32767 14 32767 32767 
20 54 32767 32767 32 79 32767 84 32767 8 32767 57 32767 3 32767 32767 52 98 24 57 
32767 32767 32767 32767 41 32767 42 32767 94 32 32767 32767 32767 95 32767 32767 65 5 26 42 
81 36 32 41 32767 93 32767 20 63 32767 27 75 32767 27 32767 32767 55 60 22 32767 
31 24 79 32767 93 32767 76 48 61 32767 32767 32767 32767 24 5 32767 83 74 87 59 
32767 93 32767 42 32767 76 32767 65 12 58 89 32767 7 64 32767 25 95 32767 45 32767 
32767 32767 84 32767 20 48 65 32767 43 71 11 19 32767 32767 33 10 58 8 32767 32767 
74 32767 32767 94 63 61 12 43 32767 85 31 52 80 21 33 32767 55 20 2 32767 
57 32767 8 32 32767 32767 58 71 85 32767 32767 25 32767 67 100 32767 8 32767 36 26 
39 98 32767 32767 27 32767 89 11 31 32767 32767 9 41 10 32767 19 32767 90 32767 32767 
32767 85 57 32767 75 32767 32767 19 52 25 9 32767 69 7 17 24 32767 4 32767 32767 
76 32767 32767 32767 32767 32767 7 32767 80 32767 41 69 32767 10 93 45 40 32767 64 80 
84 32767 3 95 27 24 64 32767 21 67 10 7 10 32767 32767 21 32767 3 43 23 
46 4 32767 32767 32767 5 32767 33 33 100 32767 17 93 32767 32767 85 26 32767 100 32767 
32767 78 32767 32767 32767 32767 25 10 32767 32767 19 24 45 21 85 32767 62 32767 61 13 
32767 32767 52 65 55 83 95 58 55 8 32767 32767 40 32767 26 62 32767 46 64 32767 
72 14 98 5 60 74 32767 8 20 32767 90 4 32767 3 32767 32767 46 32767 58 73 
93 32767 24 26 22 87 45 32767 2 36 32767 32767 64 43 100 61 64 58 32767 32767 
51 32767 57 42 32767 59 32767 32767 32767 26 32767 32767 80 23 32767 13 32767 73 32767 32767 
EOF