DIMENSION: 20
EDGE_WEIGHT_TYPE: EXPLICIT
EDGE_WEIGHT_FORMAT: FULL_MATRIX
EDGE_WEIGHT_SECTION:
32767 32767 80 95 32767 32767 32767 67 32767 32767 32767 32767 70 67 32767 7 7 17 76 32767 
32767 32767 86 32767 76 18 32767 32767 32767 32767 43 32767 93 32767 62 5 32767 63 92 49 
80 86 32767 77 59 32767 89 26 60 34 32767 76 4 32767 32767 32767 31 32767 16 40 
95 32767 77 32767 14 36 10 4 32767 32767 32767 92 32767 25 76 74 32767 70 32767 1 
32767 76 59 14 32767 59 34 32767 47 32767 32767 99 44 93 32767 36 60 77 63 66 
32767 18 32767 36 59 32767 32767 32767 83 32767 32767 91 91 93 32767 32767 30 32767 49 32767 
32767 32767 89 10 34 32767 32767 32767 19 21 41 45 25 32767 13 32767 75 32767 32767 32767 
67 32767 26 4 32767 32767 32767 32767 32767 32767 78 32767 59 32767 32767 32767 40 20 32767 50 
32767 32767 60 32767 47 83 19 32767 32767 32767 32767 85 32767 32767 32767 32767 32767 32767 43 32767 
32767 32767 34 32767 32767 32767 21 32767 32767 32767 41 44 32767 41 75 32767 32767 4 46 93 
32767 43 32767 32767 32767 32767 41 78 32767 41 32767 49 93 11 35 5 56 32767 32767 39 
32767 32767 76 92 99 91 45 32767 85 44 49 32767 81 87 39 37 39 81 46 83 
70 93 4 32767 44 91 25 59 32767 32767 93 81 32767 32767 32767 32767 23 13 98 32767 
67 32767 32767 25 93 93 32767 32767 32767 41 11 87 32767 32767 32767 32767 14 24 32767 62 
32767 62 32767 76 32767 32767 13 32767 32767 75 35 39 32767 32767 32767 33 8 64 89 44 
7 5 32767 74 36 32767 32767 32767 32767 32767 5 37 32767 32767 33 32767 83 77 32767 32767 
7 32767 31 32767 60 30 75 40 32767 32767 56 39 23 14 8 83 32767 54 72 20 
17 63 32767 70 77 32767 32767 20 32767 4 32767 81 13 24 64 77 54 32767 32767 66 
76 92 16 32767 63 49 32767 32767 43 46 32767 46 98 32767 89 32767 72 32767 32767 32767 
32767 49 40 1 66 32767 32767 50 32767 93 39 83 32767 62 44 32767 20 66 32767 32767 
EOF