DIMENSION: 24
EDGE_WEIGHT_TYPE: EXPLICIT
EDGE_WEIGHT_FORMAT: FULL_MATRIX
EDGE_WEIGHT_SECTION:
32767 32767 46 32767 52 32767 23 10 32767 36 47 32767 63 32767 38 32767 93 32767 65 86 32767 32767 32767 92 
32767 32767 54 32767 32767 18 32767 32767 84 89 32767 51 9 32767 87 32767 32767 97 32767 1 32767 32767 59 56 
46 54 32767 32767 32767 32767 32767 19 49 29 32767 32767 32767 32767 32767 32767 32767 32767 11 2 32767 55 96 73 
32767 32767 32767 32767 32767 55 43 32767 32767 98 32767 32767 32767 13 55 79 39 16 86 32767 32767 71 97 31 
52 32767 32767 32767 32767 97 3 32767 32767 52 93 75 38 32767 69 56 32767 83 6 30 97 71 38 56 
32767 18 32767 55 97 32767 73 60 91 5 61 32767 26 30 32767 78 8 8 63 66 35 51 32767 75 
23 32767 32767 43 3 73 32767 32767 32767 32767 61 32767 21 88 65 32767 83 32767 32767 30 30 61 32767 32767 
10 32767 19 32767 32767 60 32767 32767 49 36 53 32767 54 32767 12 35 32767 32767 32767 94 32767 40 32767 21 
32767 84 49 32767 32767 91 32767 49 32767 83 78 32767 24 69 32767 32767 82 26 32767 37 32767 32767 32767 32767 
36 89 29 98 52 5 32767 36 83 32767 82 32767 94 85 45 32767 32767 32767 11 32767 39 68 32767 49 
47 32767 32767 32767 93 61 61 53 78 82 32767 32767 32767 35 32767 60 82 32767 66 32767 89 32767 32767 83 
32767 51 32767 32767 75 32767 32767 32767 32767 32767 32767 32767 32767 13 43 63 32767 27 32767 72 66 32767 8 81 
63 9 32767 32767 38 26 21 54 24 94 32767 32767 32767 37 32767 81 98 32767 32767 44 32767 32767 62 78 
32767 32767 32767 13 32767 30 88 32767 69 85 35 13 37 32767 32767 16 32767 54 52 83 32767 32767 32767 32767 
38 87 32767 55 69 32767 65 12 32767 45 32767 43 32767 32767 32767 36 32767 69 32767 30 32767 32767 48 32767 
32767 32767 32767 79 56 78 32767 35 32767 32767 60 63 81 16 36 32767 32767 4 32767 88 32767 22 16 32767 
93 32767 32767 39 32767 8 83 32767 82 32767 82 32767 98 32767 32767 32767 32767 32767 51 98 98 32767 32767 32767 
32767 97 32767 16 83 8 32767 32767 26 32767 32767 27 32767 54 69 4 32767 32767 32767 32767 34 32767 6 32767 
65 32767 11 86 6 63 32767 32767 32767 11 66 32767 32767 52 32767 32767 51 32767 32767 32767 27 32767 32767 83 
86 1 2 32767 30 66 30 94 37 32767 32767 72 44 83 30 88 98 32767 32767 32767 54 100 32767 32767 
32767 32767 32767 32767 97 35 30 32767 32767 39 89 66 32767 32767 32767 32767 98 34 27 54 32767 20 79 39 
32767 32767 55 71 71 51 61 40 32767 68 32767 32767 32767 32767 32767 22 32767 32767 32767 100 20 32767 53 3 
32767 59 96 97 38 32767 32767 32767 32767 32767 32767 8 62 32767 48 16 32767 6 32767 32767 79 53 32767 32767 
92 56 73 31 56 75 32767 21 32767 49 83 81 78 32767 32767 32767 32767 32767 83 32767 39 3 32767 32767 
EOF