DIMENSION: 24
EDGE_WEIGHT_TYPE: EXPLICIT
EDGE_WEIGHT_FORMAT: FULL_MATRIX
EDGE_WEIGHT_SECTION:
32767 89 32767 32767 32767 85 32767 74 32767 2 62 32767 61 32767 32767 32767 32767 32767 32767 32767 87 64 32767 32767 
89 32767 9 32767 33 32767 32767 32767 32767 32767 1 3 32767 41 1 34 32767 32767 32767 21 50 11 83 33 
32767 9 32767 4 32767 32767 80 67 32767 32767 32767 64 69 91 88 32767 19 32767 69 32767 32767 32767 27 32767 
32767 32767 4 32767 82 28 34 32767 32767 32767 32767 60 32767 32767 100 33 32767 32767 32767 32767 32767 32767 90 32767 
32767 33 32767 82 32767 99 70 32767 32767 9 10 32767 32767 32767 32767 87 43 32767 43 83 32767 32767 77 32767 
85 32767 32767 28 99 32767 32767 32767 32767 17 32767 46 45 32767 54 32767 81 30 32767 32767 84 32767 86 29 
32767 32767 80 34 70 32767 32767 8 53 32767 71 90 53 32767 32767 41 55 32767 32767 32767 28 32767 32767 32767 
74 32767 67 32767 32767 32767 8 32767 47 32767 32767 32767 32767 32767 32767 3 32767 25 32767 32767 39 32767 32767 32767 
32767 32767 32767 32767 32767 32767 53 47 32767 44 32767 41 54 32767 19 32767 66 32767 80 32767 32767 48 32767 32767 
2 32767 32767 32767 9 17 32767 32767 44 32767 27 32767 32767 32767 32767 2 1 32767 31 32767 32767 32767 32767 32767 
62 1 32767 32767 10 32767 71 32767 32767 27 32767 32767 45 75 52 32767 5 32767 13 32767 32767 32767 32767 85 
32767 3 64 60 32767 46 90 32767 41 32767 32767 32767 82 2 32767 33 6 32767 32767 71 74 35 32767 3 
61 32767 69 32767 32767 45 53 32767 54 32767 45 82 32767 98 94 32767 60 32767 32767 32767 64 5 50 32767 
32767 41 91 32767 32767 32767 32767 32767 32767 32767 75 2 98 32767 32767 28 32767 9 1 32767 35 32767 90 32767 
32767 1 88 100 32767 54 32767 32767 19 32767 52 32767 94 32767 32767 32767 46 32767 57 32767 48 7 55 21 
32767 34 32767 33 87 32767 41 3 32767 2 32767 33 32767 28 32767 32767 32767 32767 56 32767 32767 23 32767 4 
32767 32767 19 32767 43 81 55 32767 66 1 5 6 60 32767 46 32767 32767 95 32767 99 32767 32767 31 52 
32767 32767 32767 32767 32767 30 32767 25 32767 32767 32767 32767 32767 9 32767 32767 95 32767 32767 32767 32767 32767 70 32767 
32767 32767 69 32767 43 32767 32767 32767 80 31 13 32767 32767 1 57 56 32767 32767 32767 90 41 19 32767 32767 
32767 21 32767 32767 83 32767 32767 32767 32767 32767 32767 71 32767 32767 32767 32767 99 32767 90 32767 32767 32767 31 32767 
87 50 32767 32767 32767 84 28 39 32767 32767 32767 74 64 35 48 32767 32767 32767 41 32767 32767 32767 32767 8 
64 11 32767 32767 32767 32767 32767 32767 48 32767 32767 35 5 32767 7 23 32767 32767 19 32767 32767 32767 32767 32767 
32767 83 27 90 77 86 32767 32767 32767 32767 32767 32767 50 90 55 32767 31 70 32767 31 32767 32767 32767 71 
32767 33 32767 32767 32767 29 32767 32767 32767 32767 85 3 32767 32767 21 4 52 32767 32767 32767 8 32767 71 32767 
EOF