DIMENSION: 8
EDGE_WEIGHT_TYPE: EXPLICIT
EDGE_WEIGHT_FORMAT: FULL_MATRIX
EDGE_WEIGHT_SECTION:
32767 32767 32767 57 32767 50 32767 16 
32767 32767 32767 43 30 49 21 32767 
32767 32767 32767 27 62 88 32767 32767 
57 43 27 32767 95 71 79 32767 
32767 30 62 95 32767 12 32767 32767 
50 49 88 71 12 32767 32767 40 
32767 21 32767 79 32767 32767 32767 32767 
16 32767 32767 32767 32767 40 32767 32767 
EOF