DIMENSION: 18
EDGE_WEIGHT_TYPE: EXPLICIT
EDGE_WEIGHT_FORMAT: FULL_MATRIX
EDGE_WEIGHT_SECTION:
32767 32 32767 32 60 89 36 74 14 34 31 32767 97 44 13 32 34 86 
32 32767 17 48 48 1 32767 92 32767 6 22 48 35 83 22 48 100 27 
32767 17 32767 49 22 56 83 50 48 42 18 51 71 12 15 100 37 32767 
32 48 49 32767 32767 36 57 93 32767 76 79 32767 31 71 86 16 57 32767 
60 48 22 32767 32767 32767 11 32767 99 32767 32767 1 22 69 38 32767 68 70 
89 1 56 36 32767 32767 46 50 64 42 44 32767 32767 68 32767 33 70 42 
36 32767 83 57 11 46 32767 95 27 5 52 52 78 51 59 2 64 30 
74 92 50 93 32767 50 95 32767 26 32767 32767 27 32767 68 38 12 32767 94 
14 32767 48 32767 99 64 27 26 32767 65 32767 42 28 51 6 32767 32767 63 
34 6 42 76 32767 42 5 32767 65 32767 38 32767 48 51 32767 36 54 52 
31 22 18 79 32767 44 52 32767 32767 38 32767 92 32767 88 32767 80 32767 82 
32767 48 51 32767 1 32767 52 27 42 32767 92 32767 6 91 32767 22 55 5 
97 35 71 31 22 32767 78 32767 28 48 32767 6 32767 80 32767 67 39 78 
44 83 12 71 69 68 51 68 51 51 88 91 80 32767 32767 5 96 30 
13 22 15 86 38 32767 59 38 6 32767 32767 32767 32767 32767 32767 91 8 87 
32 48 100 16 32767 33 2 12 32767 36 80 22 67 5 91 32767 32767 32767 
34 100 37 57 68 70 64 32767 32767 54 32767 55 39 96 8 32767 32767 32767 
86 27 32767 32767 70 42 30 94 63 52 82 5 78 30 87 32767 32767 32767 
EOF