DIMENSION: 18
EDGE_WEIGHT_TYPE: EXPLICIT
EDGE_WEIGHT_FORMAT: FULL_MATRIX
EDGE_WEIGHT_SECTION:
32767 32767 88 47 32 48 15 35 4 32767 67 85 68 7 49 29 32767 32767 
32767 32767 66 8 32767 76 40 32767 6 49 18 20 33 76 92 85 96 88 
88 66 32767 85 71 6 20 32767 95 45 5 26 41 32767 48 32767 40 74 
47 8 85 32767 17 32767 60 23 67 82 70 32767 74 41 38 32767 30 70 
32 32767 71 17 32767 13 68 85 32767 23 13 92 32767 32767 32767 50 1 19 
48 76 6 32767 13 32767 32767 32767 6 32767 35 54 35 31 32767 29 72 33 
15 40 20 60 68 32767 32767 89 32767 12 82 12 22 42 85 54 32767 59 
35 32767 32767 23 85 32767 89 32767 42 63 23 33 41 62 48 92 23 18 
4 6 95 67 32767 6 32767 42 32767 69 32767 90 21 3 5 21 50 50 
32767 49 45 82 23 32767 12 63 69 32767 13 85 57 29 32767 35 3 32767 
67 18 5 70 13 35 82 23 32767 13 32767 23 32767 32767 38 32767 40 15 
85 20 26 32767 92 54 12 33 90 85 23 32767 32767 42 46 69 37 91 
68 33 41 74 32767 35 22 41 21 57 32767 32767 32767 70 94 32767 65 61 
7 76 32767 41 32767 31 42 62 3 29 32767 42 70 32767 54 32767 17 42 
49 92 48 38 32767 32767 85 48 5 32767 38 46 94 54 32767 42 42 49 
29 85 32767 32767 50 29 54 92 21 35 32767 69 32767 32767 42 32767 32767 32767 
32767 96 40 30 1 72 32767 23 50 3 40 37 65 17 42 32767 32767 29 
32767 88 74 70 19 33 59 18 50 32767 15 91 61 42 49 32767 29 32767 
EOF