DIMENSION: 18
EDGE_WEIGHT_TYPE: EXPLICIT
EDGE_WEIGHT_FORMAT: FULL_MATRIX
EDGE_WEIGHT_SECTION:
32767 21 76 65 40 80 32767 32767 73 100 12 32767 24 8 94 30 32767 50 
21 32767 41 86 1 32767 93 4 93 32767 75 99 50 10 46 49 37 56 
76 41 32767 38 60 64 24 57 32767 22 20 32767 97 32767 98 15 32767 22 
65 86 38 32767 38 50 95 41 61 19 95 32767 89 77 32767 96 73 54 
40 1 60 38 32767 67 32767 88 11 12 44 96 10 32767 93 46 85 32767 
80 32767 64 50 67 32767 45 52 32767 32767 7 70 25 31 6 32767 49 90 
32767 93 24 95 32767 45 32767 54 69 88 32767 32767 59 17 37 45 27 62 
32767 4 57 41 88 52 54 32767 24 26 28 53 63 30 85 66 64 32767 
73 93 32767 61 11 32767 69 24 32767 74 12 65 83 59 32767 53 32767 30 
100 32767 22 19 12 32767 88 26 74 32767 71 21 64 29 99 48 94 65 
12 75 20 95 44 7 32767 28 12 71 32767 71 58 32767 93 32767 22 70 
32767 99 32767 32767 96 70 32767 53 65 21 71 32767 32767 52 22 15 63 52 
24 50 97 89 10 25 59 63 83 64 58 32767 32767 26 32767 96 32767 12 
8 10 32767 77 32767 31 17 30 59 29 32767 52 26 32767 9 32767 96 92 
94 46 98 32767 93 6 37 85 32767 99 93 22 32767 9 32767 64 32767 32767 
30 49 15 96 46 32767 45 66 53 48 32767 15 96 32767 64 32767 44 36 
32767 37 32767 73 85 49 27 64 32767 94 22 63 32767 96 32767 44 32767 32767 
50 56 22 54 32767 90 62 32767 30 65 70 52 12 92 32767 36 32767 32767 
EOF