DIMENSION: 18
EDGE_WEIGHT_TYPE: EXPLICIT
EDGE_WEIGHT_FORMAT: FULL_MATRIX
EDGE_WEIGHT_SECTION:
32767 49 45 49 24 63 32767 98 11 32767 20 45 38 58 47 23 15 18 
49 32767 22 17 27 59 4 39 75 96 57 61 77 32767 75 23 32767 55 
45 22 32767 37 27 97 97 94 71 38 100 44 77 54 25 31 77 7 
49 17 37 32767 32767 43 32767 100 75 17 32767 32767 32767 85 2 32 50 16 
24 27 27 32767 32767 63 36 50 54 32767 49 32767 48 2 21 43 23 48 
63 59 97 43 63 32767 100 38 17 6 26 78 56 59 32 92 8 25 
32767 4 97 32767 36 100 32767 65 91 98 67 68 98 32767 32767 67 44 32767 
98 39 94 100 50 38 65 32767 32767 79 64 74 92 52 32767 68 32767 7 
11 75 71 75 54 17 91 32767 32767 32767 73 60 82 32767 84 71 9 82 
32767 96 38 17 32767 6 98 79 32767 32767 50 32767 75 93 55 24 51 28 
20 57 100 32767 49 26 67 64 73 50 32767 22 19 79 81 35 32767 66 
45 61 44 32767 32767 78 68 74 60 32767 22 32767 32767 48 21 42 32767 34 
38 77 77 32767 48 56 98 92 82 75 19 32767 32767 1 30 48 2 32767 
58 32767 54 85 2 59 32767 52 32767 93 79 48 1 32767 32767 4 36 50 
47 75 25 2 21 32 32767 32767 84 55 81 21 30 32767 32767 90 91 96 
23 23 31 32 43 92 67 68 71 24 35 42 48 4 90 32767 2 31 
15 32767 77 50 23 8 44 32767 9 51 32767 32767 2 36 91 2 32767 32767 
18 55 7 16 48 25 32767 7 82 28 66 34 32767 50 96 31 32767 32767 
EOF