DIMENSION: 18
EDGE_WEIGHT_TYPE: EXPLICIT
EDGE_WEIGHT_FORMAT: FULL_MATRIX
EDGE_WEIGHT_SECTION:
32767 50 97 5 5 55 32767 14 56 56 1 21 29 86 22 92 8 37 
50 32767 7 66 65 46 13 41 35 76 30 93 66 5 81 32767 32767 59 
97 7 32767 48 23 56 29 18 64 65 58 32 89 96 55 40 32767 65 
5 66 48 32767 58 21 54 82 66 62 51 75 28 32 3 14 14 32767 
5 65 23 58 32767 100 63 27 45 95 82 47 100 19 83 50 49 32767 
55 46 56 21 100 32767 56 58 97 68 18 32767 11 92 18 95 93 32767 
32767 13 29 54 63 56 32767 63 7 17 29 57 63 57 21 24 32767 63 
14 41 18 82 27 58 63 32767 4 32767 22 52 23 14 64 18 26 15 
56 35 64 66 45 97 7 4 32767 86 47 39 19 8 32767 8 83 63 
56 76 65 62 95 68 17 32767 86 32767 68 87 69 32 41 17 29 76 
1 30 58 51 82 18 29 22 47 68 32767 48 96 40 73 86 32767 68 
21 93 32 75 47 32767 57 52 39 87 48 32767 33 16 67 4 62 83 
29 66 89 28 100 11 63 23 19 69 96 33 32767 11 53 52 59 9 
86 5 96 32 19 92 57 14 8 32 40 16 11 32767 13 48 3 8 
22 81 55 3 83 18 21 64 32767 41 73 67 53 13 32767 28 50 27 
92 32767 40 14 50 95 24 18 8 17 86 4 52 48 28 32767 74 58 
8 32767 32767 14 49 93 32767 26 83 29 32767 62 59 3 50 74 32767 76 
37 59 65 32767 32767 32767 63 15 63 76 68 83 9 8 27 58 76 32767 
EOF