DIMENSION: 18
EDGE_WEIGHT_TYPE: EXPLICIT
EDGE_WEIGHT_FORMAT: FULL_MATRIX
EDGE_WEIGHT_SECTION:
32767 58 32767 32767 1 19 32767 32767 18 30 86 2 16 5 32767 43 27 20 
58 32767 95 87 54 33 36 32767 32767 32767 41 69 12 25 11 90 72 87 
32767 95 32767 64 94 50 94 6 54 75 30 98 40 19 39 44 88 72 
32767 87 64 32767 66 89 27 85 8 29 98 25 17 28 35 23 74 1 
1 54 94 66 32767 85 87 11 61 17 57 34 90 39 14 39 66 87 
19 33 50 89 85 32767 98 6 26 21 39 43 20 32767 28 82 77 55 
32767 36 94 27 87 98 32767 30 32767 71 32767 10 54 72 99 75 51 57 
32767 32767 6 85 11 6 30 32767 29 50 55 32767 83 27 32767 40 99 15 
18 32767 54 8 61 26 32767 29 32767 84 81 32767 31 97 18 52 34 20 
30 32767 75 29 17 21 71 50 84 32767 25 13 100 34 30 78 59 35 
86 41 30 98 57 39 32767 55 81 25 32767 69 52 8 94 5 32767 90 
2 69 98 25 34 43 10 32767 32767 13 69 32767 67 41 95 68 32767 32767 
16 12 40 17 90 20 54 83 31 100 52 67 32767 66 76 91 50 32 
5 25 19 28 39 32767 72 27 97 34 8 41 66 32767 25 98 27 32767 
32767 11 39 35 14 28 99 32767 18 30 94 95 76 25 32767 24 70 38 
43 90 44 23 39 82 75 40 52 78 5 68 91 98 24 32767 32 46 
27 72 88 74 66 77 51 99 34 59 32767 32767 50 27 70 32 32767 77 
20 87 72 1 87 55 57 15 20 35 90 32767 32 32767 38 46 77 32767 
EOF