DIMENSION: 18
EDGE_WEIGHT_TYPE: EXPLICIT
EDGE_WEIGHT_FORMAT: FULL_MATRIX
EDGE_WEIGHT_SECTION:
32767 93 70 32767 32767 32767 37 95 100 68 32767 54 61 32767 32767 85 70 32767 
93 32767 18 85 54 18 32767 84 11 60 91 13 67 74 85 96 32767 65 
70 18 32767 32767 34 32767 34 32767 32767 38 87 64 32767 9 32767 21 76 1 
32767 85 32767 32767 74 97 76 32767 97 94 32767 51 32767 88 74 44 56 32767 
32767 54 34 74 32767 65 48 13 94 62 80 8 37 63 42 17 53 55 
32767 18 32767 97 65 32767 92 54 78 32767 25 82 32767 20 50 32767 57 62 
37 32767 34 76 48 92 32767 35 32767 100 32767 52 90 11 3 25 27 34 
95 84 32767 32767 13 54 35 32767 26 80 90 40 2 64 32767 71 25 90 
100 11 32767 97 94 78 32767 26 32767 100 7 42 23 32767 24 2 40 15 
68 60 38 94 62 32767 100 80 100 32767 32767 6 16 32767 32767 64 89 32767 
32767 91 87 32767 80 25 32767 90 7 32767 32767 30 73 90 63 93 47 27 
54 13 64 51 8 82 52 40 42 6 30 32767 17 85 48 89 32767 99 
61 67 32767 32767 37 32767 90 2 23 16 73 17 32767 20 35 32767 8 32767 
32767 74 9 88 63 20 11 64 32767 32767 90 85 20 32767 32 79 20 95 
32767 85 32767 74 42 50 3 32767 24 32767 63 48 35 32 32767 82 26 31 
85 96 21 44 17 32767 25 71 2 64 93 89 32767 79 82 32767 32767 14 
70 32767 76 56 53 57 27 25 40 89 47 32767 8 20 26 32767 32767 67 
32767 65 1 32767 55 62 34 90 15 32767 27 99 32767 95 31 14 67 32767 
EOF