DIMENSION: 18
EDGE_WEIGHT_TYPE: EXPLICIT
EDGE_WEIGHT_FORMAT: FULL_MATRIX
EDGE_WEIGHT_SECTION:
32767 32767 1 93 32767 89 50 32767 70 31 41 40 50 15 34 48 57 98 
32767 32767 87 32767 79 32767 67 87 86 34 80 96 8 32767 75 32767 97 32767 
1 87 32767 5 17 32767 67 32767 41 6 22 34 73 8 97 10 45 5 
93 32767 5 32767 80 16 32767 85 45 32767 84 31 39 28 32 32767 91 20 
32767 79 17 80 32767 63 64 69 32767 33 12 64 16 57 9 32767 99 19 
89 32767 32767 16 63 32767 26 45 28 36 32767 100 32767 32767 17 91 5 41 
50 67 67 32767 64 26 32767 20 19 32767 10 32767 28 11 32767 79 60 19 
32767 87 32767 85 69 45 20 32767 65 32767 76 77 6 73 2 46 32767 32767 
70 86 41 45 32767 28 19 65 32767 33 32767 60 79 43 90 32767 60 91 
31 34 6 32767 33 36 32767 32767 33 32767 88 48 37 32767 9 99 32767 22 
41 80 22 84 12 32767 10 76 32767 88 32767 85 32767 53 75 79 44 74 
40 96 34 31 64 100 32767 77 60 48 85 32767 79 9 9 48 63 22 
50 8 73 39 16 32767 28 6 79 37 32767 79 32767 56 26 94 40 32767 
15 32767 8 28 57 32767 11 73 43 32767 53 9 56 32767 32767 17 27 74 
34 75 97 32 9 17 32767 2 90 9 75 9 26 32767 32767 32767 47 97 
48 32767 10 32767 32767 91 79 46 32767 99 79 48 94 17 32767 32767 100 32767 
57 97 45 91 99 5 60 32767 60 32767 44 63 40 27 47 100 32767 26 
98 32767 5 20 19 41 19 32767 91 22 74 22 32767 74 97 32767 26 32767 
EOF