DIMENSION: 18
EDGE_WEIGHT_TYPE: EXPLICIT
EDGE_WEIGHT_FORMAT: FULL_MATRIX
EDGE_WEIGHT_SECTION:
32767 32767 49 88 32767 55 99 32767 80 32767 84 54 92 36 69 75 98 42 
32767 32767 68 32767 55 38 98 50 12 32767 89 28 1 55 32767 32767 88 32767 
49 68 32767 32767 100 32 18 73 32767 23 57 28 52 57 18 67 57 31 
88 32767 32767 32767 32767 32767 53 99 62 83 41 60 57 35 32767 87 93 44 
32767 55 100 32767 32767 32767 80 26 35 62 48 4 32767 32767 53 33 85 27 
55 38 32 32767 32767 32767 25 57 7 94 32767 26 58 32767 28 71 13 32767 
99 98 18 53 80 25 32767 94 88 32767 32767 32767 86 69 91 12 39 97 
32767 50 73 99 26 57 94 32767 82 80 32 22 33 81 31 32767 97 5 
80 12 32767 62 35 7 88 82 32767 26 68 24 46 35 17 84 36 32767 
32767 32767 23 83 62 94 32767 80 26 32767 94 2 15 94 32767 100 66 32767 
84 89 57 41 48 32767 32767 32 68 94 32767 92 60 65 24 42 54 61 
54 28 28 60 4 26 32767 22 24 2 92 32767 85 16 94 3 32767 48 
92 1 52 57 32767 58 86 33 46 15 60 85 32767 32767 100 41 43 32767 
36 55 57 35 32767 32767 69 81 35 94 65 16 32767 32767 32767 32767 65 32 
69 32767 18 32767 53 28 91 31 17 32767 24 94 100 32767 32767 2 7 22 
75 32767 67 87 33 71 12 32767 84 100 42 3 41 32767 2 32767 83 91 
98 88 57 93 85 13 39 97 36 66 54 32767 43 65 7 83 32767 84 
42 32767 31 44 27 32767 97 5 32767 32767 61 48 32767 32 22 91 84 32767 
EOF