DIMENSION: 18
EDGE_WEIGHT_TYPE: EXPLICIT
EDGE_WEIGHT_FORMAT: FULL_MATRIX
EDGE_WEIGHT_SECTION:
32767 46 32767 90 5 1 74 16 32767 42 32767 7 98 28 35 36 54 48 
46 32767 24 32767 14 91 58 67 32767 19 72 47 45 43 28 31 32767 36 
32767 24 32767 98 17 84 73 75 90 82 63 92 57 40 64 32 32767 47 
90 32767 98 32767 81 92 32767 58 88 92 64 58 53 56 63 70 32767 33 
5 14 17 81 32767 52 61 32767 93 63 47 32767 86 32767 52 11 13 29 
1 91 84 92 52 32767 11 84 97 65 2 24 17 91 32767 89 24 3 
74 58 73 32767 61 11 32767 25 12 84 14 32767 8 72 89 16 32767 32767 
16 67 75 58 32767 84 25 32767 93 32767 83 96 29 96 20 54 58 13 
32767 32767 90 88 93 97 12 93 32767 43 30 24 32767 32767 1 44 32767 32767 
42 19 82 92 63 65 84 32767 43 32767 49 71 58 32767 32767 34 26 69 
32767 72 63 64 47 2 14 83 30 49 32767 75 9 32767 38 8 32767 71 
7 47 92 58 32767 24 32767 96 24 71 75 32767 79 18 32767 66 29 77 
98 45 57 53 86 17 8 29 32767 58 9 79 32767 76 13 32767 51 93 
28 43 40 56 32767 91 72 96 32767 32767 32767 18 76 32767 32767 53 93 32767 
35 28 64 63 52 32767 89 20 1 32767 38 32767 13 32767 32767 1 32767 71 
36 31 32 70 11 89 16 54 44 34 8 66 32767 53 1 32767 92 9 
54 32767 32767 32767 13 24 32767 58 32767 26 32767 29 51 93 32767 92 32767 95 
48 36 47 33 29 3 32767 13 32767 69 71 77 93 32767 71 9 95 32767 
EOF