DIMENSION: 16
EDGE_WEIGHT_TYPE: EXPLICIT
EDGE_WEIGHT_FORMAT: FULL_MATRIX
EDGE_WEIGHT_SECTION:
32767 9 25 55 32767 36 75 6 8 44 28 95 1 73 72 48 
9 32767 5 45 32767 27 92 80 41 16 56 3 17 41 43 12 
25 5 32767 18 60 47 50 4 81 95 9 59 47 13 12 91 
55 45 18 32767 68 46 98 20 68 32767 70 83 86 92 38 8 
32767 32767 60 68 32767 77 79 37 20 32767 5 56 1 32767 68 32767 
36 27 47 46 77 32767 37 72 84 30 32767 60 56 16 66 45 
75 92 50 98 79 37 32767 44 41 32767 94 57 1 93 32767 64 
6 80 4 20 37 72 44 32767 87 4 7 62 4 100 85 5 
8 41 81 68 20 84 41 87 32767 69 9 91 6 91 38 32767 
44 16 95 32767 32767 30 32767 4 69 32767 54 95 10 28 78 28 
28 56 9 70 5 32767 94 7 9 54 32767 92 43 32767 22 49 
95 3 59 83 56 60 57 62 91 95 92 32767 32767 40 15 32767 
1 17 47 86 1 56 1 4 6 10 43 32767 32767 73 45 80 
73 41 13 92 32767 16 93 100 91 28 32767 40 73 32767 28 32767 
72 43 12 38 68 66 32767 85 38 78 22 15 45 28 32767 44 
48 12 91 8 32767 45 64 5 32767 28 49 32767 80 32767 44 32767 
EOF