DIMENSION: 16
EDGE_WEIGHT_TYPE: EXPLICIT
EDGE_WEIGHT_FORMAT: FULL_MATRIX
EDGE_WEIGHT_SECTION:
32767 74 79 75 5 19 97 32767 24 33 10 40 63 76 70 95 
74 32767 79 1 97 57 26 51 32767 89 26 69 78 55 75 32767 
79 79 32767 81 32767 27 66 63 92 56 10 79 63 32767 89 67 
75 1 81 32767 64 59 58 86 13 16 32767 32767 32767 38 74 82 
5 97 32767 64 32767 32767 60 20 44 64 16 44 90 2 90 100 
19 57 27 59 32767 32767 93 20 80 55 7 34 86 44 17 42 
97 26 66 58 60 93 32767 86 9 38 54 76 36 95 1 80 
32767 51 63 86 20 20 86 32767 3 95 53 92 61 55 43 40 
24 32767 92 13 44 80 9 3 32767 67 13 56 25 59 98 45 
33 89 56 16 64 55 38 95 67 32767 65 16 34 39 67 37 
10 26 10 32767 16 7 54 53 13 65 32767 6 66 82 32767 32767 
40 69 79 32767 44 34 76 92 56 16 6 32767 4 37 72 98 
63 78 63 32767 90 86 36 61 25 34 66 4 32767 57 98 89 
76 55 32767 38 2 44 95 55 59 39 82 37 57 32767 32 84 
70 75 89 74 90 17 1 43 98 67 32767 72 98 32 32767 100 
95 32767 67 82 100 42 80 40 45 37 32767 98 89 84 100 32767 
EOF