DIMENSION: 16
EDGE_WEIGHT_TYPE: EXPLICIT
EDGE_WEIGHT_FORMAT: FULL_MATRIX
EDGE_WEIGHT_SECTION:
32767 25 100 32767 32767 83 94 4 68 28 49 69 47 90 50 12 
25 32767 62 38 32767 89 65 18 79 30 88 16 32767 58 93 32 
100 62 32767 77 96 10 94 95 88 61 48 2 68 59 57 80 
32767 38 77 32767 16 70 53 79 91 57 91 80 81 53 30 52 
32767 32767 96 16 32767 44 22 13 19 72 26 38 76 48 63 35 
83 89 10 70 44 32767 19 85 47 25 15 9 73 32767 32767 1 
94 65 94 53 22 19 32767 82 40 34 51 32767 66 33 88 32767 
4 18 95 79 13 85 82 32767 58 9 96 55 63 32767 51 29 
68 79 88 91 19 47 40 58 32767 54 54 91 28 19 92 51 
28 30 61 57 72 25 34 9 54 32767 51 89 32767 23 32767 77 
49 88 48 91 26 15 51 96 54 51 32767 91 32767 93 3 80 
69 16 2 80 38 9 32767 55 91 89 91 32767 12 51 36 32767 
47 32767 68 81 76 73 66 63 28 32767 32767 12 32767 32767 17 82 
90 58 59 53 48 32767 33 32767 19 23 93 51 32767 32767 7 40 
50 93 57 30 63 32767 88 51 92 32767 3 36 17 7 32767 32767 
12 32 80 52 35 1 32767 29 51 77 80 32767 82 40 32767 32767 
EOF