DIMENSION: 16
EDGE_WEIGHT_TYPE: EXPLICIT
EDGE_WEIGHT_FORMAT: FULL_MATRIX
EDGE_WEIGHT_SECTION:
32767 11 32767 82 98 60 100 81 30 32767 27 19 38 84 59 41 
11 32767 97 55 56 41 84 83 49 82 63 67 8 1 32767 36 
32767 97 32767 14 87 66 72 14 16 32767 65 95 5 91 55 56 
82 55 14 32767 45 59 43 61 91 25 32767 1 12 2 81 99 
98 56 87 45 32767 78 36 32 32767 94 12 40 8 18 83 50 
60 41 66 59 78 32767 94 99 16 42 53 18 25 32767 21 7 
100 84 72 43 36 94 32767 80 100 69 55 86 19 42 20 97 
81 83 14 61 32 99 80 32767 96 79 6 10 23 39 94 91 
30 49 16 91 32767 16 100 96 32767 8 49 29 9 7 80 56 
32767 82 32767 25 94 42 69 79 8 32767 53 16 88 44 91 30 
27 63 65 32767 12 53 55 6 49 53 32767 46 32767 36 58 67 
19 67 95 1 40 18 86 10 29 16 46 32767 27 32 59 32767 
38 8 5 12 8 25 19 23 9 88 32767 27 32767 37 35 43 
84 1 91 2 18 32767 42 39 7 44 36 32 37 32767 24 22 
59 32767 55 81 83 21 20 94 80 91 58 59 35 24 32767 82 
41 36 56 99 50 7 97 91 56 30 67 32767 43 22 82 32767 
EOF