DIMENSION: 16
EDGE_WEIGHT_TYPE: EXPLICIT
EDGE_WEIGHT_FORMAT: FULL_MATRIX
EDGE_WEIGHT_SECTION:
32767 10 16 5 65 43 42 16 72 26 50 92 57 36 67 12 
10 32767 47 65 68 88 14 32767 7 17 46 7 57 40 100 56 
16 47 32767 34 19 89 35 10 89 22 94 92 32767 37 20 26 
5 65 34 32767 76 14 53 28 39 32767 29 36 40 83 46 93 
65 68 19 76 32767 39 78 25 85 90 4 86 12 62 66 94 
43 88 89 14 39 32767 81 32767 32767 98 91 16 47 88 59 62 
42 14 35 53 78 81 32767 5 85 41 21 9 96 43 87 43 
16 32767 10 28 25 32767 5 32767 1 77 14 61 97 77 71 27 
72 7 89 39 85 32767 85 1 32767 23 7 72 85 69 95 1 
26 17 22 32767 90 98 41 77 23 32767 90 22 69 92 32767 88 
50 46 94 29 4 91 21 14 7 90 32767 15 74 76 70 39 
92 7 92 36 86 16 9 61 72 22 15 32767 65 100 21 79 
57 57 32767 40 12 47 96 97 85 69 74 65 32767 27 68 88 
36 40 37 83 62 88 43 77 69 92 76 100 27 32767 32767 74 
67 100 20 46 66 59 87 71 95 32767 70 21 68 32767 32767 29 
12 56 26 93 94 62 43 27 1 88 39 79 88 74 29 32767 
EOF