DIMENSION: 16
EDGE_WEIGHT_TYPE: EXPLICIT
EDGE_WEIGHT_FORMAT: FULL_MATRIX
EDGE_WEIGHT_SECTION:
32767 15 30 52 80 94 10 17 4 62 49 93 40 18 50 42 
15 32767 83 100 67 10 77 73 56 60 68 2 32767 46 63 34 
30 83 32767 47 73 31 72 32767 74 96 6 93 8 72 25 94 
52 100 47 32767 70 11 91 17 65 21 12 43 17 39 9 87 
80 67 73 70 32767 35 94 86 7 44 73 61 77 29 70 32767 
94 10 31 11 35 32767 65 79 19 15 43 36 76 32767 14 43 
10 77 72 91 94 65 32767 20 96 7 58 21 79 95 14 26 
17 73 32767 17 86 79 20 32767 15 60 62 23 32767 89 41 82 
4 56 74 65 7 19 96 15 32767 93 66 32767 53 50 24 32767 
62 60 96 21 44 15 7 60 93 32767 37 15 62 14 54 84 
49 68 6 12 73 43 58 62 66 37 32767 27 22 69 78 69 
93 2 93 43 61 36 21 23 32767 15 27 32767 81 99 93 32767 
40 32767 8 17 77 76 79 32767 53 62 22 81 32767 88 32767 84 
18 46 72 39 29 32767 95 89 50 14 69 99 88 32767 86 25 
50 63 25 9 70 14 14 41 24 54 78 93 32767 86 32767 6 
42 34 94 87 32767 43 26 82 32767 84 69 32767 84 25 6 32767 
EOF