DIMENSION: 14
EDGE_WEIGHT_TYPE: EXPLICIT
EDGE_WEIGHT_FORMAT: FULL_MATRIX
EDGE_WEIGHT_SECTION:
32767 44 83 32767 39 32767 25 32767 32767 32767 37 21 45 32767 
44 32767 31 58 32767 24 25 64 32767 32767 74 32767 64 32767 
83 31 32767 89 24 83 27 32767 23 9 32767 32767 22 41 
32767 58 89 32767 60 32767 4 32767 29 99 32767 42 46 99 
39 32767 24 60 32767 28 32767 11 94 5 32767 26 32767 32767 
32767 24 83 32767 28 32767 91 32767 94 33 31 32767 69 32767 
25 25 27 4 32767 91 32767 32767 89 46 26 79 25 82 
32767 64 32767 32767 11 32767 32767 32767 89 50 47 87 32767 41 
32767 32767 23 29 94 94 89 89 32767 59 73 32767 97 32767 
32767 32767 9 99 5 33 46 50 59 32767 32767 32767 32767 52 
37 74 32767 32767 32767 31 26 47 73 32767 32767 32767 82 58 
21 32767 32767 42 26 32767 79 87 32767 32767 32767 32767 64 32767 
45 64 22 46 32767 69 25 32767 97 32767 82 64 32767 75 
32767 32767 41 99 32767 32767 82 41 32767 52 58 32767 75 32767 
EOF