DIMENSION: 14
EDGE_WEIGHT_TYPE: EXPLICIT
EDGE_WEIGHT_FORMAT: FULL_MATRIX
EDGE_WEIGHT_SECTION:
32767 39 87 10 34 32767 32767 32767 74 32767 49 80 32767 65 
39 32767 32767 32767 34 85 31 32767 11 32767 32767 8 32767 32767 
87 32767 32767 59 96 6 36 32 59 32767 32 32767 65 32767 
10 32767 59 32767 82 32767 4 17 88 9 32767 32767 32767 12 
34 34 96 82 32767 32767 87 52 10 34 32767 11 10 40 
32767 85 6 32767 32767 32767 39 47 78 65 32767 22 48 32767 
32767 31 36 4 87 39 32767 32767 8 2 37 20 4 32767 
32767 32767 32 17 52 47 32767 32767 32767 75 67 31 32767 60 
74 11 59 88 10 78 8 32767 32767 84 9 32767 26 59 
32767 32767 32767 9 34 65 2 75 84 32767 19 71 32767 32767 
49 32767 32 32767 32767 32767 37 67 9 19 32767 83 81 32767 
80 8 32767 32767 11 22 20 31 32767 71 83 32767 64 34 
32767 32767 65 32767 10 48 4 32767 26 32767 81 64 32767 83 
65 32767 32767 12 40 32767 32767 60 59 32767 32767 34 83 32767 
EOF