DIMENSION: 14
EDGE_WEIGHT_TYPE: EXPLICIT
EDGE_WEIGHT_FORMAT: FULL_MATRIX
EDGE_WEIGHT_SECTION:
32767 32767 32767 2 97 78 96 32767 32767 21 93 32767 72 32767 
32767 32767 53 59 18 32767 17 64 39 18 78 44 32767 40 
32767 53 32767 32767 32767 25 55 48 42 85 68 24 70 32767 
2 59 32767 32767 39 32767 56 69 49 17 19 52 76 26 
97 18 32767 39 32767 95 26 18 32767 93 6 56 85 32767 
78 32767 25 32767 95 32767 42 39 32767 32767 32767 55 33 32767 
96 17 55 56 26 42 32767 90 32767 36 32767 32767 58 50 
32767 64 48 69 18 39 90 32767 23 96 50 76 32767 43 
32767 39 42 49 32767 32767 32767 23 32767 14 46 34 27 32767 
21 18 85 17 93 32767 36 96 14 32767 68 96 97 70 
93 78 68 19 6 32767 32767 50 46 68 32767 58 5 32767 
32767 44 24 52 56 55 32767 76 34 96 58 32767 32767 9 
72 32767 70 76 85 33 58 32767 27 97 5 32767 32767 83 
32767 40 32767 26 32767 32767 50 43 32767 70 32767 9 83 32767 
EOF