DIMENSION: 14
EDGE_WEIGHT_TYPE: EXPLICIT
EDGE_WEIGHT_FORMAT: FULL_MATRIX
EDGE_WEIGHT_SECTION:
32767 93 18 59 91 36 32767 52 12 46 32767 59 14 73 
93 32767 80 32767 5 32767 11 97 2 93 42 7 84 32767 
18 80 32767 32767 7 32767 17 38 32767 4 54 82 8 32767 
59 32767 32767 32767 32767 25 32767 17 32767 48 32767 31 32767 32767 
91 5 7 32767 32767 4 32767 20 32767 32767 43 94 62 32767 
36 32767 32767 25 4 32767 32767 32767 80 44 86 45 11 32767 
32767 11 17 32767 32767 32767 32767 42 48 30 90 32767 63 85 
52 97 38 17 20 32767 42 32767 32767 32 38 74 32767 97 
12 2 32767 32767 32767 80 48 32767 32767 22 15 32767 25 32767 
46 93 4 48 32767 44 30 32 22 32767 18 12 55 13 
32767 42 54 32767 43 86 90 38 15 18 32767 32767 32767 71 
59 7 82 31 94 45 32767 74 32767 12 32767 32767 19 94 
14 84 8 32767 62 11 63 32767 25 55 32767 19 32767 70 
73 32767 32767 32767 32767 32767 85 97 32767 13 71 94 70 32767 
EOF