DIMENSION: 14
EDGE_WEIGHT_TYPE: EXPLICIT
EDGE_WEIGHT_FORMAT: FULL_MATRIX
EDGE_WEIGHT_SECTION:
32767 95 6 32767 32767 81 32767 32767 32 32767 32767 32767 32767 35 
95 32767 32767 86 84 32767 32767 88 19 41 67 14 11 2 
6 32767 32767 44 32767 24 32767 32767 32767 73 32767 32767 4 45 
32767 86 44 32767 32767 32 14 12 71 40 75 97 62 57 
32767 84 32767 32767 32767 32767 95 18 78 80 23 6 32767 77 
81 32767 24 32 32767 32767 32767 40 82 49 32767 68 55 24 
32767 32767 32767 14 95 32767 32767 18 57 83 69 6 32767 29 
32767 88 32767 12 18 40 18 32767 4 32767 32767 95 48 32767 
32 19 32767 71 78 82 57 4 32767 49 32767 68 32767 48 
32767 41 73 40 80 49 83 32767 49 32767 78 67 9 12 
32767 67 32767 75 23 32767 69 32767 32767 78 32767 13 32767 47 
32767 14 32767 97 6 68 6 95 68 67 13 32767 41 81 
32767 11 4 62 32767 55 32767 48 32767 9 32767 41 32767 41 
35 2 45 57 77 24 29 32767 48 12 47 81 41 32767 
EOF