DIMENSION: 14
EDGE_WEIGHT_TYPE: EXPLICIT
EDGE_WEIGHT_FORMAT: FULL_MATRIX
EDGE_WEIGHT_SECTION:
32767 32767 32767 32767 32767 94 32767 46 29 15 64 8 96 49 
32767 32767 61 32767 70 95 36 96 34 52 30 24 46 32767 
32767 61 32767 32767 32767 66 9 93 75 32767 92 27 14 21 
32767 32767 32767 32767 90 41 32767 23 8 55 32767 83 66 84 
32767 70 32767 90 32767 63 32767 68 96 32767 32767 32767 92 32767 
94 95 66 41 63 32767 32767 32767 32767 32767 32767 30 32767 34 
32767 36 9 32767 32767 32767 32767 32767 32767 24 99 48 8 80 
46 96 93 23 68 32767 32767 32767 32767 32767 68 7 32767 12 
29 34 75 8 96 32767 32767 32767 32767 32767 70 26 82 69 
15 52 32767 55 32767 32767 24 32767 32767 32767 32767 6 32767 32767 
64 30 92 32767 32767 32767 99 68 70 32767 32767 47 70 28 
8 24 27 83 32767 30 48 7 26 6 47 32767 54 32767 
96 46 14 66 92 32767 8 32767 82 32767 70 54 32767 80 
49 32767 21 84 32767 34 80 12 69 32767 28 32767 80 32767 
EOF