DIMENSION: 14
EDGE_WEIGHT_TYPE: EXPLICIT
EDGE_WEIGHT_FORMAT: FULL_MATRIX
EDGE_WEIGHT_SECTION:
32767 75 81 32767 70 71 75 52 95 92 8 82 26 32767 
75 32767 32767 65 81 15 41 32767 20 32767 32767 26 59 32767 
81 32767 32767 64 32767 32767 32767 96 32767 26 24 6 30 7 
32767 65 64 32767 25 32767 32767 32767 46 50 65 32767 32767 24 
70 81 32767 25 32767 32767 30 32767 87 32767 32767 16 26 19 
71 15 32767 32767 32767 32767 62 39 5 30 18 32767 34 32767 
75 41 32767 32767 30 62 32767 35 78 44 32767 82 14 32767 
52 32767 96 32767 32767 39 35 32767 51 21 32767 32767 84 93 
95 20 32767 46 87 5 78 51 32767 32767 74 84 32767 32767 
92 32767 26 50 32767 30 44 21 32767 32767 43 3 30 4 
8 32767 24 65 32767 18 32767 32767 74 43 32767 32767 85 43 
82 26 6 32767 16 32767 82 32767 84 3 32767 32767 50 15 
26 59 30 32767 26 34 14 84 32767 30 85 50 32767 67 
32767 32767 7 24 19 32767 32767 93 32767 4 43 15 67 32767 
EOF