DIMENSION: 14
EDGE_WEIGHT_TYPE: EXPLICIT
EDGE_WEIGHT_FORMAT: FULL_MATRIX
EDGE_WEIGHT_SECTION:
32767 4 12 32767 50 65 55 69 94 31 47 32767 41 96 
4 32767 29 57 32767 83 84 85 32767 34 52 87 32767 72 
12 29 32767 92 89 17 32767 85 4 53 81 94 32767 23 
32767 57 92 32767 32767 62 32767 32767 32767 99 88 32767 32767 24 
50 32767 89 32767 32767 68 38 24 54 32767 13 51 32767 32767 
65 83 17 62 68 32767 32767 7 43 57 25 54 29 32767 
55 84 32767 32767 38 32767 32767 52 13 22 32767 83 2 32 
69 85 85 32767 24 7 52 32767 3 90 32767 48 32767 77 
94 32767 4 32767 54 43 13 3 32767 32767 53 25 13 13 
31 34 53 99 32767 57 22 90 32767 32767 32767 78 4 20 
47 52 81 88 13 25 32767 32767 53 32767 32767 59 91 43 
32767 87 94 32767 51 54 83 48 25 78 59 32767 80 65 
41 32767 32767 32767 32767 29 2 32767 13 4 91 80 32767 32 
96 72 23 24 32767 32767 32 77 13 20 43 65 32 32767 
EOF