DIMENSION: 20
EDGE_WEIGHT_TYPE: EXPLICIT
EDGE_WEIGHT_FORMAT: FULL_MATRIX
EDGE_WEIGHT_SECTION:
32767 50 6 6 45 32767 99 88 85 46 45 41 92 48 93 30 95 75 24 87 
50 32767 45 13 81 96 96 99 13 5 67 11 24 37 57 52 11 32767 56 92 
6 45 32767 5 45 91 72 49 39 33 15 66 32 14 87 53 73 2 57 63 
6 13 5 32767 31 38 32767 39 77 100 57 88 26 75 61 24 45 39 39 75 
45 81 45 31 32767 26 30 18 32767 47 98 18 4 70 5 38 12 69 65 84 
32767 96 91 38 26 32767 7 90 57 4 66 37 18 7 84 98 64 64 14 72 
99 96 72 32767 30 7 32767 64 42 82 8 52 17 32767 53 29 90 41 98 80 
88 99 49 39 18 90 64 32767 44 50 77 43 73 17 25 7 75 99 58 37 
85 13 39 77 32767 57 42 44 32767 28 63 61 13 32767 14 27 78 17 78 19 
46 5 33 100 47 4 82 50 28 32767 30 61 3 14 28 9 75 69 2 32767 
45 67 15 57 98 66 8 77 63 30 32767 15 45 37 75 35 32767 22 6 83 
41 11 66 88 18 37 52 43 61 61 15 32767 73 89 59 8 38 53 100 5 
92 24 32 26 4 18 17 73 13 3 45 73 32767 67 95 90 59 26 14 66 
48 37 14 75 70 7 32767 17 32767 14 37 89 67 32767 91 43 32767 54 45 69 
93 57 87 61 5 84 53 25 14 28 75 59 95 91 32767 42 71 63 83 23 
30 52 53 24 38 98 29 7 27 9 35 8 90 43 42 32767 68 17 26 68 
95 11 73 45 12 64 90 75 78 75 32767 38 59 32767 71 68 32767 66 98 10 
75 32767 2 39 69 64 41 99 17 69 22 53 26 54 63 17 66 32767 92 8 
24 56 57 39 65 14 98 58 78 2 6 100 14 45 83 26 98 92 32767 1 
87 92 63 75 84 72 80 37 19 32767 83 5 66 69 23 68 10 8 1 32767 
EOF