DIMENSION: 20
EDGE_WEIGHT_TYPE: EXPLICIT
EDGE_WEIGHT_FORMAT: FULL_MATRIX
EDGE_WEIGHT_SECTION:
32767 98 80 32767 96 46 84 54 82 48 99 48 33 63 99 77 89 37 77 24 
98 32767 19 82 94 44 32767 91 57 95 67 32767 80 64 32767 52 70 82 62 82 
80 19 32767 87 77 79 78 98 4 55 37 2 50 32767 53 85 96 5 34 39 
32767 82 87 32767 63 99 40 32767 26 59 48 66 32767 67 32767 19 78 22 66 10 
96 94 77 63 32767 12 67 76 32767 47 90 57 19 87 80 80 71 50 27 49 
46 44 79 99 12 32767 88 32767 65 88 2 91 90 55 33 97 89 82 71 10 
84 32767 78 40 67 88 32767 65 3 75 30 73 83 69 32767 10 79 71 16 77 
54 91 98 32767 76 32767 65 32767 55 86 99 10 32767 77 97 32767 22 37 95 19 
82 57 4 26 32767 65 3 55 32767 99 23 89 42 5 54 92 82 41 30 25 
48 95 55 59 47 88 75 86 99 32767 5 62 92 2 12 64 21 24 69 61 
99 67 37 48 90 2 30 99 23 5 32767 23 25 5 32 68 21 53 65 42 
48 32767 2 66 57 91 73 10 89 62 23 32767 58 17 88 73 2 32767 62 17 
33 80 50 32767 19 90 83 32767 42 92 25 58 32767 90 70 56 73 75 67 60 
63 64 32767 67 87 55 69 77 5 2 5 17 90 32767 2 20 46 46 16 36 
99 32767 53 32767 80 33 32767 97 54 12 32 88 70 2 32767 3 73 14 43 67 
77 52 85 19 80 97 10 32767 92 64 68 73 56 20 3 32767 89 60 87 75 
89 70 96 78 71 89 79 22 82 21 21 2 73 46 73 89 32767 32767 28 59 
37 82 5 22 50 82 71 37 41 24 53 32767 75 46 14 60 32767 32767 72 79 
77 62 34 66 27 71 16 95 30 69 65 62 67 16 43 87 28 72 32767 70 
24 82 39 10 49 10 77 19 25 61 42 17 60 36 67 75 59 79 70 32767 
EOF