DIMENSION: 20
EDGE_WEIGHT_TYPE: EXPLICIT
EDGE_WEIGHT_FORMAT: FULL_MATRIX
EDGE_WEIGHT_SECTION:
32767 38 21 7 60 38 50 32767 56 2 61 69 26 17 2 38 23 32767 6 85 
38 32767 94 75 3 91 79 21 72 17 97 30 62 32767 4 7 77 20 1 14 
21 94 32767 18 74 68 57 4 84 77 47 5 94 18 43 7 85 32767 51 48 
7 75 18 32767 32767 84 47 73 73 19 52 17 64 15 13 26 24 30 12 52 
60 3 74 32767 32767 86 32767 32 29 52 5 88 21 84 9 32767 18 69 3 46 
38 91 68 84 86 32767 21 64 84 89 100 18 27 75 94 83 29 25 39 91 
50 79 57 47 32767 21 32767 95 6 37 72 89 35 35 75 25 11 73 32767 32767 
32767 21 4 73 32 64 95 32767 32767 21 33 94 13 30 17 32767 89 15 78 78 
56 72 84 73 29 84 6 32767 32767 13 56 72 20 81 89 46 32767 70 32767 99 
2 17 77 19 52 89 37 21 13 32767 25 32767 65 73 70 17 37 33 42 30 
61 97 47 52 5 100 72 33 56 25 32767 92 50 32767 55 57 10 29 9 51 
69 30 5 17 88 18 89 94 72 32767 92 32767 59 32767 31 98 28 29 32767 11 
26 62 94 64 21 27 35 13 20 65 50 59 32767 85 79 93 12 14 8 12 
17 32767 18 15 84 75 35 30 81 73 32767 32767 85 32767 80 20 3 20 89 39 
2 4 43 13 9 94 75 17 89 70 55 31 79 80 32767 66 11 89 81 5 
38 7 7 26 32767 83 25 32767 46 17 57 98 93 20 66 32767 5 73 93 11 
23 77 85 24 18 29 11 89 32767 37 10 28 12 3 11 5 32767 52 66 79 
32767 20 32767 30 69 25 73 15 70 33 29 29 14 20 89 73 52 32767 63 32 
6 1 51 12 3 39 32767 78 32767 42 9 32767 8 89 81 93 66 63 32767 35 
85 14 48 52 46 91 32767 78 99 30 51 11 12 39 5 11 79 32 35 32767 
EOF