DIMENSION: 20
EDGE_WEIGHT_TYPE: EXPLICIT
EDGE_WEIGHT_FORMAT: FULL_MATRIX
EDGE_WEIGHT_SECTION:
32767 25 32767 32767 48 64 56 32767 89 3 97 31 69 56 55 82 17 64 71 3 
25 32767 63 60 35 50 10 71 61 48 34 32767 40 36 66 70 56 32767 52 86 
32767 63 32767 35 5 32767 14 65 52 19 50 86 75 99 58 32767 13 55 54 32 
32767 60 35 32767 60 24 50 22 18 91 92 38 91 31 67 31 5 99 77 98 
48 35 5 60 32767 66 32767 32767 87 39 58 4 45 33 2 22 12 2 40 26 
64 50 32767 24 66 32767 32767 23 47 2 81 3 78 91 28 11 84 88 37 56 
56 10 14 50 32767 32767 32767 35 32767 3 4 36 60 32767 81 17 86 36 89 32 
32767 71 65 22 32767 23 35 32767 24 78 14 64 41 2 48 17 32767 69 52 42 
89 61 52 18 87 47 32767 24 32767 9 49 88 58 70 88 94 45 61 95 89 
3 48 19 91 39 2 3 78 9 32767 58 30 11 50 93 52 36 32767 32767 2 
97 34 50 92 58 81 4 14 49 58 32767 73 89 32767 32767 11 25 62 64 50 
31 32767 86 38 4 3 36 64 88 30 73 32767 98 25 63 60 10 57 39 56 
69 40 75 91 45 78 60 41 58 11 89 98 32767 98 81 32 79 48 21 16 
56 36 99 31 33 91 32767 2 70 50 32767 25 98 32767 7 81 63 52 13 69 
55 66 58 67 2 28 81 48 88 93 32767 63 81 7 32767 32767 7 15 27 2 
82 70 32767 31 22 11 17 17 94 52 11 60 32 81 32767 32767 41 16 44 69 
17 56 13 5 12 84 86 32767 45 36 25 10 79 63 7 41 32767 23 65 70 
64 32767 55 99 2 88 36 69 61 32767 62 57 48 52 15 16 23 32767 32767 16 
71 52 54 77 40 37 89 52 95 32767 64 39 21 13 27 44 65 32767 32767 22 
3 86 32 98 26 56 32 42 89 2 50 56 16 69 2 69 70 16 22 32767 
EOF