DIMENSION: 20
EDGE_WEIGHT_TYPE: EXPLICIT
EDGE_WEIGHT_FORMAT: FULL_MATRIX
EDGE_WEIGHT_SECTION:
32767 48 92 79 82 87 32767 67 32767 32767 14 64 68 84 55 28 35 96 41 72 
48 32767 62 33 4 17 95 77 82 79 48 35 32767 14 84 75 100 88 23 36 
92 62 32767 60 55 87 32767 46 49 32767 32767 38 50 60 22 55 17 24 32767 80 
79 33 60 32767 23 47 20 7 79 24 24 44 21 29 3 55 63 15 55 36 
82 4 55 23 32767 33 58 67 79 80 32767 56 47 94 5 82 32767 72 17 45 
87 17 87 47 33 32767 32 32767 16 8 80 97 55 80 76 38 57 66 95 32767 
32767 95 32767 20 58 32 32767 59 47 3 35 93 61 32767 84 8 32767 39 38 88 
67 77 46 7 67 32767 59 32767 32767 81 32767 75 24 21 88 100 76 73 7 20 
32767 82 49 79 79 16 47 32767 32767 62 79 59 69 78 30 55 40 89 52 35 
32767 79 32767 24 80 8 3 81 62 32767 1 98 98 27 73 77 32767 87 13 48 
14 48 32767 24 32767 80 35 32767 79 1 32767 65 12 92 9 92 89 88 32767 12 
64 35 38 44 56 97 93 75 59 98 65 32767 99 17 30 75 32 86 93 32767 
68 32767 50 21 47 55 61 24 69 98 12 99 32767 44 4 94 38 51 83 28 
84 14 60 29 94 80 32767 21 78 27 92 17 44 32767 53 77 92 24 74 19 
55 84 22 3 5 76 84 88 30 73 9 30 4 53 32767 35 62 32767 6 28 
28 75 55 55 82 38 8 100 55 77 92 75 94 77 35 32767 75 81 32767 32767 
35 100 17 63 32767 57 32767 76 40 32767 89 32 38 92 62 75 32767 47 86 86 
96 88 24 15 72 66 39 73 89 87 88 86 51 24 32767 81 47 32767 52 52 
41 23 32767 55 17 95 38 7 52 13 32767 93 83 74 6 32767 86 52 32767 2 
72 36 80 36 45 32767 88 20 35 48 12 32767 28 19 28 32767 86 52 2 32767 
EOF