DIMENSION: 20
EDGE_WEIGHT_TYPE: EXPLICIT
EDGE_WEIGHT_FORMAT: FULL_MATRIX
EDGE_WEIGHT_SECTION:
32767 57 20 69 45 96 58 36 32767 76 33 30 87 76 48 29 32767 24 61 30 
57 32767 98 26 29 81 63 91 88 29 27 9 93 16 31 48 85 72 7 79 
20 98 32767 83 98 66 45 28 86 19 89 59 53 94 80 34 12 51 75 32767 
69 26 83 32767 24 18 75 32767 100 45 2 32 88 1 89 11 32767 32767 13 15 
45 29 98 24 32767 20 63 83 32767 5 27 14 65 27 86 28 32767 59 76 53 
96 81 66 18 20 32767 31 79 85 52 19 23 32767 86 52 50 78 93 56 68 
58 63 45 75 63 31 32767 23 92 32767 11 44 82 65 25 90 77 80 95 8 
36 91 28 32767 83 79 23 32767 32767 64 48 75 94 32 29 82 5 91 4 98 
32767 88 86 100 32767 85 92 32767 32767 32767 32767 32767 37 23 69 11 23 83 39 75 
76 29 19 45 5 52 32767 64 32767 32767 32767 32767 58 3 45 40 59 85 37 37 
33 27 89 2 27 19 11 48 32767 32767 32767 68 34 13 71 99 47 85 23 33 
30 9 59 32 14 23 44 75 32767 32767 68 32767 30 38 3 43 49 32767 38 26 
87 93 53 88 65 32767 82 94 37 58 34 30 32767 23 6 32767 32767 29 98 23 
76 16 94 1 27 86 65 32 23 3 13 38 23 32767 28 8 98 41 39 13 
48 31 80 89 86 52 25 29 69 45 71 3 6 28 32767 32767 44 75 66 55 
29 48 34 11 28 50 90 82 11 40 99 43 32767 8 32767 32767 74 50 66 75 
32767 85 12 32767 32767 78 77 5 23 59 47 49 32767 98 44 74 32767 11 46 10 
24 72 51 32767 59 93 80 91 83 85 85 32767 29 41 75 50 11 32767 76 41 
61 7 75 13 76 56 95 4 39 37 23 38 98 39 66 66 46 76 32767 36 
30 79 32767 15 53 68 8 98 75 37 33 26 23 13 55 75 10 41 36 32767 
EOF