DIMENSION: 20
EDGE_WEIGHT_TYPE: EXPLICIT
EDGE_WEIGHT_FORMAT: FULL_MATRIX
EDGE_WEIGHT_SECTION:
32767 79 89 51 72 32767 54 32767 54 57 82 55 38 57 79 25 28 63 28 17 
79 32767 9 32767 59 32767 6 6 98 87 80 52 93 70 66 98 6 83 6 14 
89 9 32767 54 32767 59 5 3 10 23 10 30 83 9 95 88 24 76 75 72 
51 32767 54 32767 91 32767 95 88 15 64 7 81 8 58 72 78 22 69 13 11 
72 59 32767 91 32767 1 32 44 37 64 61 76 19 70 25 27 34 32767 2 32767 
32767 32767 59 32767 1 32767 13 2 40 12 51 45 51 88 50 13 87 64 90 64 
54 6 5 95 32 13 32767 99 37 50 75 74 23 38 42 76 19 88 99 32767 
32767 6 3 88 44 2 99 32767 62 61 53 57 82 3 45 44 65 73 13 11 
54 98 10 15 37 40 37 62 32767 83 81 32767 6 51 49 47 17 32767 35 45 
57 87 23 64 64 12 50 61 83 32767 96 66 10 47 2 15 32767 95 32767 100 
82 80 10 7 61 51 75 53 81 96 32767 32767 94 46 81 91 100 99 43 95 
55 52 30 81 76 45 74 57 32767 66 32767 32767 47 53 85 35 12 72 29 36 
38 93 83 8 19 51 23 82 6 10 94 47 32767 98 14 98 84 52 27 71 
57 70 9 58 70 88 38 3 51 47 46 53 98 32767 1 57 89 18 13 5 
79 66 95 72 25 50 42 45 49 2 81 85 14 1 32767 32767 85 68 95 73 
25 98 88 78 27 13 76 44 47 15 91 35 98 57 32767 32767 50 7 32 24 
28 6 24 22 34 87 19 65 17 32767 100 12 84 89 85 50 32767 10 30 57 
63 83 76 69 32767 64 88 73 32767 95 99 72 52 18 68 7 10 32767 19 4 
28 6 75 13 2 90 99 13 35 32767 43 29 27 13 95 32 30 19 32767 13 
17 14 72 11 32767 64 32767 11 45 100 95 36 71 5 73 24 57 4 13 32767 
EOF