DIMENSION: 20
EDGE_WEIGHT_TYPE: EXPLICIT
EDGE_WEIGHT_FORMAT: FULL_MATRIX
EDGE_WEIGHT_SECTION:
32767 31 48 79 84 69 32767 52 40 33 70 19 61 35 100 2 32 17 56 99 
31 32767 78 71 16 63 82 61 45 92 73 26 92 6 87 95 16 93 35 8 
48 78 32767 36 57 69 72 100 32767 72 32767 44 25 59 74 54 50 85 32767 44 
79 71 36 32767 47 42 34 40 10 32767 34 13 32767 90 42 54 32767 32767 48 30 
84 16 57 47 32767 66 32767 32767 89 32 25 20 25 68 51 32767 40 95 81 49 
69 63 69 42 66 32767 92 7 20 32767 35 11 41 88 22 97 35 88 38 82 
32767 82 72 34 32767 92 32767 43 81 17 26 6 92 74 58 32767 98 59 32767 99 
52 61 100 40 32767 7 43 32767 72 82 100 42 40 13 57 52 93 55 98 32 
40 45 32767 10 89 20 81 72 32767 32767 8 22 95 53 50 31 55 56 32767 64 
33 92 72 32767 32 32767 17 82 32767 32767 77 100 62 86 21 97 77 32767 32767 87 
70 73 32767 34 25 35 26 100 8 77 32767 13 71 100 33 42 14 98 75 10 
19 26 44 13 20 11 6 42 22 100 13 32767 6 99 16 60 88 53 39 96 
61 92 25 32767 25 41 92 40 95 62 71 6 32767 95 100 22 91 49 77 37 
35 6 59 90 68 88 74 13 53 86 100 99 95 32767 63 32767 32767 21 61 45 
100 87 74 42 51 22 58 57 50 21 33 16 100 63 32767 49 26 32767 74 11 
2 95 54 54 32767 97 32767 52 31 97 42 60 22 32767 49 32767 99 42 32 39 
32 16 50 32767 40 35 98 93 55 77 14 88 91 32767 26 99 32767 58 8 28 
17 93 85 32767 95 88 59 55 56 32767 98 53 49 21 32767 42 58 32767 81 74 
56 35 32767 48 81 38 32767 98 32767 32767 75 39 77 61 74 32 8 81 32767 53 
99 8 44 30 49 82 99 32 64 87 10 96 37 45 11 39 28 74 53 32767 
EOF