DIMENSION: 20
EDGE_WEIGHT_TYPE: EXPLICIT
EDGE_WEIGHT_FORMAT: FULL_MATRIX
EDGE_WEIGHT_SECTION:
32767 79 24 35 17 6 20 30 68 22 97 28 27 95 93 6 90 6 100 56 
79 32767 98 77 47 51 32767 24 56 18 79 84 81 95 18 44 78 90 84 22 
24 98 32767 49 3 39 57 29 36 62 97 99 32 21 51 32767 41 45 16 42 
35 77 49 32767 51 33 64 56 17 32767 88 97 1 54 54 71 45 58 80 80 
17 47 3 51 32767 56 58 3 32767 92 32767 94 15 81 21 88 90 88 32767 97 
6 51 39 33 56 32767 55 32767 28 93 45 77 86 91 75 25 23 40 19 21 
20 32767 57 64 58 55 32767 15 7 97 32767 77 37 66 42 69 94 51 76 25 
30 24 29 56 3 32767 15 32767 97 44 7 44 7 98 77 89 91 48 58 8 
68 56 36 17 32767 28 7 97 32767 19 5 32767 81 15 32767 44 14 25 73 39 
22 18 62 32767 92 93 97 44 19 32767 51 66 85 76 80 96 46 43 32 79 
97 79 97 88 32767 45 32767 7 5 51 32767 74 74 9 60 24 34 29 32767 65 
28 84 99 97 94 77 77 44 32767 66 74 32767 95 42 1 79 33 36 20 19 
27 81 32 1 15 86 37 7 81 85 74 95 32767 11 54 17 37 20 99 81 
95 95 21 54 81 91 66 98 15 76 9 42 11 32767 84 20 60 67 24 32767 
93 18 51 54 21 75 42 77 32767 80 60 1 54 84 32767 60 51 15 7 50 
6 44 32767 71 88 25 69 89 44 96 24 79 17 20 60 32767 32767 36 11 70 
90 78 41 45 90 23 94 91 14 46 34 33 37 60 51 32767 32767 28 23 29 
6 90 45 58 88 40 51 48 25 43 29 36 20 67 15 36 28 32767 87 32767 
100 84 16 80 32767 19 76 58 73 32 32767 20 99 24 7 11 23 87 32767 53 
56 22 42 80 97 21 25 8 39 79 65 19 81 32767 50 70 29 32767 53 32767 
EOF