DIMENSION: 20
EDGE_WEIGHT_TYPE: EXPLICIT
EDGE_WEIGHT_FORMAT: FULL_MATRIX
EDGE_WEIGHT_SECTION:
32767 32767 32767 81 77 95 92 10 66 93 70 62 76 15 100 81 32767 62 94 87 
32767 32767 38 16 54 75 89 22 31 37 56 65 4 57 52 36 84 18 32767 32767 
32767 38 32767 38 60 19 26 76 20 6 17 4 17 2 83 17 32767 86 32767 71 
81 16 38 32767 87 92 30 96 24 32767 30 38 98 19 58 32767 46 61 92 58 
77 54 60 87 32767 78 44 52 89 82 14 93 40 6 62 5 11 10 62 21 
95 75 19 92 78 32767 67 66 70 87 16 22 71 37 9 58 60 74 16 32767 
92 89 26 30 44 67 32767 78 32767 32767 55 66 32767 34 94 70 78 28 2 32767 
10 22 76 96 52 66 78 32767 59 70 84 88 32 32767 96 62 33 46 80 67 
66 31 20 24 89 70 32767 59 32767 5 41 13 72 32767 82 32767 66 10 15 91 
93 37 6 32767 82 87 32767 70 5 32767 42 24 81 92 11 60 58 50 45 93 
70 56 17 30 14 16 55 84 41 42 32767 55 71 16 56 58 44 1 32767 32767 
62 65 4 38 93 22 66 88 13 24 55 32767 39 44 82 15 7 61 37 99 
76 4 17 98 40 71 32767 32 72 81 71 39 32767 38 63 100 39 15 11 52 
15 57 2 19 6 37 34 32767 32767 92 16 44 38 32767 99 10 38 49 81 68 
100 52 83 58 62 9 94 96 82 11 56 82 63 99 32767 57 47 47 75 93 
81 36 17 32767 5 58 70 62 32767 60 58 15 100 10 57 32767 27 87 65 12 
32767 84 32767 46 11 60 78 33 66 58 44 7 39 38 47 27 32767 36 6 56 
62 18 86 61 10 74 28 46 10 50 1 61 15 49 47 87 36 32767 32767 32767 
94 32767 32767 92 62 16 2 80 15 45 32767 37 11 81 75 65 6 32767 32767 47 
87 32767 71 58 21 32767 32767 67 91 93 32767 99 52 68 93 12 56 32767 47 32767 
EOF