DIMENSION: 6
EDGE_WEIGHT_TYPE: EXPLICIT
EDGE_WEIGHT_FORMAT: FULL_MATRIX
EDGE_WEIGHT_SECTION:
32767 45 97 86 97 32767 
45 32767 33 72 32767 32767 
97 33 32767 85 70 32767 
86 72 85 32767 32767 32767 
97 32767 70 32767 32767 55 
32767 32767 32767 32767 55 32767 
EOF