DIMENSION: 6
EDGE_WEIGHT_TYPE: EXPLICIT
EDGE_WEIGHT_FORMAT: FULL_MATRIX
EDGE_WEIGHT_SECTION:
32767 59 55 6 32767 53 
59 32767 29 16 52 86 
55 29 32767 32767 87 71 
6 16 32767 32767 39 38 
32767 52 87 39 32767 58 
53 86 71 38 58 32767 
EOF