DIMENSION: 10
EDGE_WEIGHT_TYPE: EXPLICIT
EDGE_WEIGHT_FORMAT: FULL_MATRIX
EDGE_WEIGHT_SECTION:
32767 32767 32767 2 97 78 32767 32767 32767 32767 
32767 32767 21 93 32767 32767 32 32767 32767 59 
32767 21 32767 18 32767 17 64 39 18 78 
2 93 18 32767 32767 98 32767 32767 32767 32767 
97 32767 32767 32767 32767 25 55 32767 32767 32767 
78 32767 17 98 25 32767 52 32767 68 24 
32767 32 64 32767 55 52 32767 32767 32767 32767 
32767 32767 39 32767 32767 32767 32767 32767 39 32767 
32767 32767 18 32767 32767 68 32767 39 32767 32767 
32767 59 78 32767 32767 24 32767 32767 32767 32767 
EOF