DIMENSION: 10
EDGE_WEIGHT_TYPE: EXPLICIT
EDGE_WEIGHT_FORMAT: FULL_MATRIX
EDGE_WEIGHT_SECTION:
32767 93 18 32767 32767 32767 35 32767 32767 52 
93 32767 12 32767 6 32767 32767 14 32767 67 
18 12 32767 82 5 32767 11 32767 32767 2 
32767 32767 82 32767 93 42 32767 32767 84 32767 
32767 6 5 93 32767 32767 32767 14 17 38 
32767 32767 32767 42 32767 32767 32767 4 54 82 
35 32767 11 32767 32767 32767 32767 8 32767 32767 
32767 14 32767 32767 14 4 8 32767 32767 36 
32767 32767 32767 84 17 54 32767 32767 32767 17 
52 67 2 32767 38 82 32767 36 17 32767 
EOF