DIMENSION: 12
EDGE_WEIGHT_TYPE: EXPLICIT
EDGE_WEIGHT_FORMAT: FULL_MATRIX
EDGE_WEIGHT_SECTION:
32767 40 81 90 8 89 12 32767 100 20 11 68 
40 32767 77 57 83 90 94 5 100 67 30 66 
81 77 32767 32767 4 32767 32767 18 56 85 11 56 
90 57 32767 32767 32767 27 89 57 97 15 37 100 
8 83 4 32767 32767 28 58 44 95 59 98 40 
89 90 32767 27 28 32767 65 63 32767 51 37 11 
12 94 32767 89 58 65 32767 9 80 25 32 32767 
32767 5 18 57 44 63 9 32767 9 46 29 33 
100 100 56 97 95 32767 80 9 32767 13 65 63 
20 67 85 15 59 51 25 46 13 32767 71 29 
11 30 11 37 98 37 32 29 65 71 32767 79 
68 66 56 100 40 11 32767 33 63 29 79 32767 
EOF