DIMENSION: 12
EDGE_WEIGHT_TYPE: EXPLICIT
EDGE_WEIGHT_FORMAT: FULL_MATRIX
EDGE_WEIGHT_SECTION:
32767 80 85 62 19 18 17 90 60 45 61 57 
80 32767 24 72 51 44 32767 23 15 20 31 29 
85 24 32767 9 39 94 97 58 100 32767 15 17 
62 72 9 32767 11 95 86 56 25 77 46 77 
19 51 39 11 32767 68 77 25 22 19 12 61 
18 44 94 95 68 32767 54 92 64 52 75 89 
17 32767 97 86 77 54 32767 44 80 65 97 63 
90 23 58 56 25 92 44 32767 32767 85 30 32767 
60 15 100 25 22 64 80 32767 32767 67 46 78 
45 20 32767 77 19 52 65 85 67 32767 19 18 
61 31 15 46 12 75 97 30 46 19 32767 64 
57 29 17 77 61 89 63 32767 78 18 64 32767 
EOF