DIMENSION: 12
EDGE_WEIGHT_TYPE: EXPLICIT
EDGE_WEIGHT_FORMAT: FULL_MATRIX
EDGE_WEIGHT_SECTION:
32767 12 6 97 19 96 29 97 93 27 32767 43 
12 32767 95 99 39 50 45 39 68 15 40 32767 
6 95 32767 92 26 68 68 33 41 70 86 96 
97 99 92 32767 24 43 62 5 75 74 39 81 
19 39 26 24 32767 56 38 46 97 57 32767 94 
96 50 68 43 56 32767 38 67 34 73 60 32767 
29 45 68 62 38 38 32767 84 58 48 32767 55 
97 39 33 5 46 67 84 32767 27 32767 49 69 
93 68 41 75 97 34 58 27 32767 32767 11 34 
27 15 70 74 57 73 48 32767 32767 32767 42 12 
32767 40 86 39 32767 60 32767 49 11 42 32767 55 
43 32767 96 81 94 32767 55 69 34 12 55 32767 
EOF