DIMENSION: 12
EDGE_WEIGHT_TYPE: EXPLICIT
EDGE_WEIGHT_FORMAT: FULL_MATRIX
EDGE_WEIGHT_SECTION:
32767 5 32767 5 25 90 44 80 21 39 49 96 
5 32767 32767 29 6 11 69 83 7 29 97 84 
32767 32767 32767 23 23 96 95 71 7 48 32767 53 
5 29 23 32767 59 16 32767 40 68 48 47 59 
25 6 23 59 32767 7 77 55 62 62 14 7 
90 11 96 16 7 32767 14 20 32767 32767 24 20 
44 69 95 32767 77 14 32767 32767 19 73 65 55 
80 83 71 40 55 20 32767 32767 22 32767 97 28 
21 7 7 68 62 32767 19 22 32767 89 32767 96 
39 29 48 48 62 32767 73 32767 89 32767 31 73 
49 97 32767 47 14 24 65 97 32767 31 32767 18 
96 84 53 59 7 20 55 28 96 73 18 32767 
EOF