DIMENSION: 6
EDGE_WEIGHT_TYPE: EXPLICIT
EDGE_WEIGHT_FORMAT: FULL_MATRIX
EDGE_WEIGHT_SECTION:
32767 19 3 31 61 32767 
19 32767 32 98 43 98 
3 32 32767 11 32767 93 
31 98 11 32767 35 49 
61 43 32767 35 32767 34 
32767 98 93 49 34 32767 
EOF