DIMENSION: 6
EDGE_WEIGHT_TYPE: EXPLICIT
EDGE_WEIGHT_FORMAT: FULL_MATRIX
EDGE_WEIGHT_SECTION:
32767 89 32767 66 45 51 
89 32767 59 64 99 32 
32767 59 32767 8 49 54 
66 64 8 32767 78 99 
45 99 49 78 32767 95 
51 32 54 99 95 32767 
EOF