DIMENSION: 6
EDGE_WEIGHT_TYPE: EXPLICIT
EDGE_WEIGHT_FORMAT: FULL_MATRIX
EDGE_WEIGHT_SECTION:
32767 32767 87 54 76 29 
32767 32767 99 16 30 77 
87 99 32767 49 51 11 
54 16 49 32767 88 32767 
76 30 51 88 32767 65 
29 77 11 32767 65 32767 
EOF