DIMENSION: 6
EDGE_WEIGHT_TYPE: EXPLICIT
EDGE_WEIGHT_FORMAT: FULL_MATRIX
EDGE_WEIGHT_SECTION:
32767 21 84 47 30 82 
21 32767 87 32767 46 21 
84 87 32767 98 92 58 
47 32767 98 32767 50 46 
30 46 92 50 32767 47 
82 21 58 46 47 32767 
EOF