DIMENSION: 6
EDGE_WEIGHT_TYPE: EXPLICIT
EDGE_WEIGHT_FORMAT: FULL_MATRIX
EDGE_WEIGHT_SECTION:
32767 79 59 87 32767 95 
79 32767 13 63 32767 34 
59 13 32767 32767 39 69 
87 63 32767 32767 59 89 
32767 32767 39 59 32767 75 
95 34 69 89 75 32767 
EOF