DIMENSION: 6
EDGE_WEIGHT_TYPE: EXPLICIT
EDGE_WEIGHT_FORMAT: FULL_MATRIX
EDGE_WEIGHT_SECTION:
32767 72 42 88 42 25 
72 32767 23 5 32767 32767 
42 23 32767 32767 23 27 
88 5 32767 32767 13 93 
42 32767 23 13 32767 37 
25 32767 27 93 37 32767 
EOF