DIMENSION: 10
EDGE_WEIGHT_TYPE: EXPLICIT
EDGE_WEIGHT_FORMAT: FULL_MATRIX
EDGE_WEIGHT_SECTION:
32767 83 22 32767 32767 89 32767 54 32767 7 
83 32767 100 15 32767 4 32767 96 30 32767 
22 100 32767 21 9 12 67 32767 38 4 
32767 15 21 32767 39 22 46 69 57 68 
32767 32767 9 39 32767 60 57 32767 20 1 
89 4 12 22 60 32767 6 30 60 62 
32767 32767 67 46 57 6 32767 67 36 88 
54 96 32767 69 32767 30 67 32767 83 53 
32767 30 38 57 20 60 36 83 32767 16 
7 32767 4 68 1 62 88 53 16 32767 
EOF