DIMENSION: 10
EDGE_WEIGHT_TYPE: EXPLICIT
EDGE_WEIGHT_FORMAT: FULL_MATRIX
EDGE_WEIGHT_SECTION:
32767 8 32767 66 50 1 86 84 16 88 
8 32767 24 7 32767 97 55 32 60 35 
32767 24 32767 55 36 67 91 32767 32767 58 
66 7 55 32767 29 6 32767 32767 48 32767 
50 32767 36 29 32767 97 41 10 57 26 
1 97 67 6 97 32767 20 62 8 32767 
86 55 91 32767 41 20 32767 34 32767 43 
84 32 32767 32767 10 62 34 32767 44 28 
16 60 32767 48 57 8 32767 44 32767 50 
88 35 58 32767 26 32767 43 28 50 32767 
EOF