DIMENSION: 10
EDGE_WEIGHT_TYPE: EXPLICIT
EDGE_WEIGHT_FORMAT: FULL_MATRIX
EDGE_WEIGHT_SECTION:
32767 32767 88 48 32767 76 28 88 32767 32767 
32767 32767 69 93 6 91 16 32767 26 92 
88 69 32767 69 83 99 19 57 2 32767 
48 93 69 32767 8 32767 76 32767 52 53 
32767 6 83 8 32767 11 65 98 49 98 
76 91 99 32767 11 32767 42 31 76 31 
28 16 19 76 65 42 32767 32767 52 13 
88 32767 57 32767 98 31 32767 32767 66 53 
32767 26 2 52 49 76 52 66 32767 43 
32767 92 32767 53 98 31 13 53 43 32767 
EOF