DIMENSION: 10
EDGE_WEIGHT_TYPE: EXPLICIT
EDGE_WEIGHT_FORMAT: FULL_MATRIX
EDGE_WEIGHT_SECTION:
32767 32767 32767 61 21 32767 92 47 96 65 
32767 32767 52 28 32767 69 72 99 61 30 
32767 52 32767 46 32767 7 80 52 32767 51 
61 28 46 32767 71 32767 2 69 32767 47 
21 32767 32767 71 32767 37 52 45 94 73 
32767 69 7 32767 37 32767 62 32767 19 32767 
92 72 80 2 52 62 32767 32767 83 73 
47 99 52 69 45 32767 32767 32767 32767 17 
96 61 32767 32767 94 19 83 32767 32767 85 
65 30 51 47 73 32767 73 17 85 32767 
EOF