DIMENSION: 10
EDGE_WEIGHT_TYPE: EXPLICIT
EDGE_WEIGHT_FORMAT: FULL_MATRIX
EDGE_WEIGHT_SECTION:
32767 50 29 85 81 51 99 35 64 20 
50 32767 87 32 21 10 4 87 17 32767 
29 87 32767 98 55 77 89 32767 95 92 
85 32 98 32767 10 32767 96 79 81 68 
81 21 55 10 32767 32 19 77 1 3 
51 10 77 32767 32 32767 32767 79 51 46 
99 4 89 96 19 32767 32767 32767 37 58 
35 87 32767 79 77 79 32767 32767 2 59 
64 17 95 81 1 51 37 2 32767 12 
20 32767 92 68 3 46 58 59 12 32767 
EOF