DIMENSION: 10
EDGE_WEIGHT_TYPE: EXPLICIT
EDGE_WEIGHT_FORMAT: FULL_MATRIX
EDGE_WEIGHT_SECTION:
32767 32767 52 32767 76 32767 83 90 32767 10 
32767 32767 89 52 94 31 26 20 40 76 
52 89 32767 7 28 16 90 32767 48 98 
32767 52 7 32767 28 31 40 23 20 70 
76 94 28 28 32767 44 32767 77 17 32767 
32767 31 16 31 44 32767 96 63 27 32767 
83 26 90 40 32767 96 32767 74 87 90 
90 20 32767 23 77 63 74 32767 45 15 
32767 40 48 20 17 27 87 45 32767 89 
10 76 98 70 32767 32767 90 15 89 32767 
EOF