DIMENSION: 26
EDGE_WEIGHT_TYPE: EXPLICIT
EDGE_WEIGHT_FORMAT: FULL_MATRIX
EDGE_WEIGHT_SECTION:
32767 21 18 74 5 36 99 91 56 98 32767 45 57 9 42 66 11 91 53 26 42 42 92 70 92 86 
21 32767 42 9 39 84 17 50 36 31 78 46 98 32767 90 19 19 15 4 74 34 37 64 15 72 32767 
18 42 32767 11 81 55 48 19 23 93 62 37 83 42 32767 32767 93 73 90 58 62 32767 17 7 38 43 
74 9 11 32767 25 51 64 17 53 86 38 35 92 33 27 3 41 67 94 68 88 52 29 59 65 44 
5 39 81 25 32767 47 77 95 33 30 32767 71 85 94 32767 12 37 40 83 51 94 1 76 81 37 95 
36 84 55 51 47 32767 1 32767 1 89 47 58 96 23 32767 20 54 13 32767 88 41 72 9 6 26 23 
99 17 48 64 77 1 32767 51 25 5 32 85 98 92 63 22 33 64 19 41 32767 18 20 36 59 45 
91 50 19 17 95 32767 51 32767 27 14 32767 65 34 54 29 21 89 16 15 50 32 35 42 20 55 37 
56 36 23 53 33 1 25 27 32767 13 75 32767 28 8 78 53 19 36 32767 35 69 37 97 32 32767 68 
98 31 93 86 30 89 5 14 13 32767 62 96 99 65 39 9 63 27 62 32 80 64 48 73 20 25 
32767 78 62 38 32767 47 32 32767 75 62 32767 12 92 47 15 1 28 32767 32767 12 18 93 32767 56 46 62 
45 46 37 35 71 58 85 65 32767 96 12 32767 97 72 64 20 38 39 80 53 70 58 28 27 50 65 
57 98 83 92 85 96 98 34 28 99 92 97 32767 12 42 32767 32767 89 57 71 39 71 26 63 32767 20 
9 32767 42 33 94 23 92 54 8 65 47 72 12 32767 13 60 73 57 4 60 16 4 33 84 53 1 
42 90 32767 27 32767 32767 63 29 78 39 15 64 42 13 32767 69 89 61 32767 73 7 55 20 7 85 21 
66 19 32767 3 12 20 22 21 53 9 1 20 32767 60 69 32767 25 46 17 32767 13 17 54 100 65 38 
11 19 93 41 37 54 33 89 19 63 28 38 32767 73 89 25 32767 5 54 73 61 14 99 6 72 53 
91 15 73 67 40 13 64 16 36 27 32767 39 89 57 61 46 5 32767 88 77 32767 30 96 32767 94 23 
53 4 90 94 83 32767 19 15 32767 62 32767 80 57 4 32767 17 54 88 32767 34 53 32767 13 19 32767 32767 
26 74 58 68 51 88 41 50 35 32 12 53 71 60 73 32767 73 77 34 32767 32767 70 48 18 86 91 
42 34 62 88 94 41 32767 32 69 80 18 70 39 16 7 13 61 32767 53 32767 32767 75 82 27 3 73 
42 37 32767 52 1 72 18 35 37 64 93 58 71 4 55 17 14 30 32767 70 75 32767 77 46 41 52 
92 64 17 29 76 9 20 42 97 48 32767 28 26 33 20 54 99 96 13 48 82 77 32767 32767 97 36 
70 15 7 59 81 6 36 20 32 73 56 27 63 84 7 100 6 32767 19 18 27 46 32767 32767 86 32767 
92 72 38 65 37 26 59 55 32767 20 46 50 32767 53 85 65 72 94 32767 86 3 41 97 86 32767 73 
86 32767 43 44 95 23 45 37 68 25 62 65 20 1 21 38 53 23 32767 91 73 52 36 32767 73 32767 
EOF