DIMENSION: 26
EDGE_WEIGHT_TYPE: EXPLICIT
EDGE_WEIGHT_FORMAT: FULL_MATRIX
EDGE_WEIGHT_SECTION:
32767 67 32767 57 19 80 32767 51 22 6 30 32767 32767 58 7 21 43 85 66 20 11 32767 2 8 42 91 
67 32767 14 26 48 23 36 35 93 92 51 87 32767 98 10 98 83 74 19 55 54 6 19 3 53 70 
32767 14 32767 32767 68 99 3 85 32767 16 42 55 47 95 45 20 60 94 62 31 82 2 90 42 30 58 
57 26 32767 32767 97 32767 95 81 70 66 44 78 53 89 26 57 65 24 79 59 80 87 32767 32767 71 52 
19 48 68 97 32767 32767 95 32 32 89 49 48 80 58 75 40 72 66 10 68 84 80 34 30 86 32767 
80 23 99 32767 32767 32767 87 2 64 32767 45 19 3 97 87 52 32 61 16 22 10 32767 16 98 14 19 
32767 36 3 95 95 87 32767 57 32767 92 1 16 94 45 5 41 98 16 73 26 30 32 14 51 85 4 
51 35 85 81 32 2 57 32767 32767 71 28 32767 5 76 64 58 83 11 48 3 33 6 75 77 27 100 
22 93 32767 70 32 64 32767 32767 32767 85 73 32767 48 43 95 6 83 76 19 6 64 60 65 79 40 59 
6 92 16 66 89 32767 92 71 85 32767 4 58 84 26 24 58 96 31 91 52 77 7 4 14 21 22 
30 51 42 44 49 45 1 28 73 4 32767 23 79 83 39 32767 96 82 98 19 98 62 82 64 20 39 
32767 87 55 78 48 19 16 32767 32767 58 23 32767 79 17 44 92 64 86 16 32767 14 57 67 13 62 42 
32767 32767 47 53 80 3 94 5 48 84 79 79 32767 37 22 32767 87 39 26 82 82 32767 32767 32767 32767 63 
58 98 95 89 58 97 45 76 43 26 83 17 37 32767 94 32767 25 1 43 69 93 14 81 12 91 96 
7 10 45 26 75 87 5 64 95 24 39 44 22 94 32767 78 30 6 32767 62 2 85 89 20 43 27 
21 98 20 57 40 52 41 58 6 58 32767 92 32767 32767 78 32767 64 16 63 19 25 36 31 32767 98 9 
43 83 60 65 72 32 98 83 83 96 96 64 87 25 30 64 32767 56 93 85 32767 19 55 96 44 99 
85 74 94 24 66 61 16 11 76 31 82 86 39 1 6 16 56 32767 41 32767 18 52 53 54 20 7 
66 19 62 79 10 16 73 48 19 91 98 16 26 43 32767 63 93 41 32767 10 61 65 65 20 21 5 
20 55 31 59 68 22 26 3 6 52 19 32767 82 69 62 19 85 32767 10 32767 92 32767 13 93 33 88 
11 54 82 80 84 10 30 33 64 77 98 14 82 93 2 25 32767 18 61 92 32767 5 69 95 79 8 
32767 6 2 87 80 32767 32 6 60 7 62 57 32767 14 85 36 19 52 65 32767 5 32767 62 88 44 59 
2 19 90 32767 34 16 14 75 65 4 82 67 32767 81 89 31 55 53 65 13 69 62 32767 53 76 32767 
8 3 42 32767 30 98 51 77 79 14 64 13 32767 12 20 32767 96 54 20 93 95 88 53 32767 89 10 
42 53 30 71 86 14 85 27 40 21 20 62 32767 91 43 98 44 20 21 33 79 44 76 89 32767 79 
91 70 58 52 32767 19 4 100 59 22 39 42 63 96 27 9 99 7 5 88 8 59 32767 10 79 32767 
EOF