DIMENSION: 26
EDGE_WEIGHT_TYPE: EXPLICIT
EDGE_WEIGHT_FORMAT: FULL_MATRIX
EDGE_WEIGHT_SECTION:
32767 76 53 4 74 58 11 20 13 100 71 32767 32767 78 28 56 28 80 24 92 28 18 8 64 76 32767 
76 32767 75 74 62 32767 93 63 37 32 96 32767 32767 34 32767 51 63 32767 41 61 32 69 82 32767 26 91 
53 75 32767 14 8 32 84 100 25 36 79 79 82 32767 32767 32767 56 74 11 27 64 95 41 80 32767 98 
4 74 14 32767 9 25 2 74 77 87 47 45 83 57 11 16 11 91 35 59 20 33 37 7 98 33 
74 62 8 9 32767 66 75 76 17 100 97 59 34 74 87 26 18 30 76 70 71 88 34 31 54 86 
58 32767 32 25 66 32767 44 32767 78 62 28 47 77 80 36 74 29 34 45 8 32767 90 56 32767 44 21 
11 93 84 2 75 44 32767 83 16 32767 92 29 76 69 67 32767 32767 24 2 61 7 76 11 59 71 83 
20 63 100 74 76 32767 83 32767 8 91 21 23 32767 89 94 91 85 13 71 2 91 32767 10 78 16 32767 
13 37 25 77 17 78 16 8 32767 6 41 47 10 48 70 3 55 32 48 38 28 52 38 7 16 47 
100 32 36 87 100 62 32767 91 6 32767 36 37 80 100 78 6 21 62 27 10 60 45 55 32767 70 70 
71 96 79 47 97 28 92 21 41 36 32767 3 14 94 98 79 4 72 76 71 1 37 21 67 56 91 
32767 32767 79 45 59 47 29 23 47 37 3 32767 66 91 91 31 32767 9 38 63 98 53 6 12 49 85 
32767 32767 82 83 34 77 76 32767 10 80 14 66 32767 5 62 90 24 96 50 42 79 33 13 32767 66 57 
78 34 32767 57 74 80 69 89 48 100 94 91 5 32767 69 94 10 74 30 23 29 82 92 81 48 86 
28 32767 32767 11 87 36 67 94 70 78 98 91 62 69 32767 24 92 25 86 21 15 47 64 32767 87 22 
56 51 32767 16 26 74 32767 91 3 6 79 31 90 94 24 32767 96 32767 65 76 53 57 81 69 95 3 
28 63 56 11 18 29 32767 85 55 21 4 32767 24 10 92 96 32767 37 49 56 63 3 21 19 57 23 
80 32767 74 91 30 34 24 13 32 62 72 9 96 74 25 32767 37 32767 99 45 54 54 83 32767 37 68 
24 41 11 35 76 45 2 71 48 27 76 38 50 30 86 65 49 99 32767 67 12 64 37 84 58 26 
92 61 27 59 70 8 61 2 38 10 71 63 42 23 21 76 56 45 67 32767 39 43 54 70 2 65 
28 32 64 20 71 32767 7 91 28 60 1 98 79 29 15 53 63 54 12 39 32767 23 18 32767 32767 32767 
18 69 95 33 88 90 76 32767 52 45 37 53 33 82 47 57 3 54 64 43 23 32767 20 7 54 14 
8 82 41 37 34 56 11 10 38 55 21 6 13 92 64 81 21 83 37 54 18 20 32767 55 1 20 
64 32767 80 7 31 32767 59 78 7 32767 67 12 32767 81 32767 69 19 32767 84 70 32767 7 55 32767 93 16 
76 26 32767 98 54 44 71 16 16 70 56 49 66 48 87 95 57 37 58 2 32767 54 1 93 32767 5 
32767 91 98 33 86 21 83 32767 47 70 91 85 57 86 22 3 23 68 26 65 32767 14 20 16 5 32767 
EOF