DIMENSION: 26
EDGE_WEIGHT_TYPE: EXPLICIT
EDGE_WEIGHT_FORMAT: FULL_MATRIX
EDGE_WEIGHT_SECTION:
32767 8 77 17 16 13 64 30 96 96 3 6 24 87 32767 12 20 63 52 19 46 38 22 84 52 29 
8 32767 34 87 87 66 50 68 52 71 12 28 47 32767 20 96 32767 26 58 93 39 62 96 32767 64 84 
77 34 32767 53 57 17 92 77 7 64 50 41 41 32767 71 2 59 30 69 93 82 74 76 76 66 2 
17 87 53 32767 100 89 32767 24 8 62 30 7 63 62 14 94 74 32767 32767 66 65 90 7 3 61 54 
16 87 57 100 32767 88 69 53 32767 15 92 96 86 43 66 66 74 90 34 86 26 32767 32767 29 13 60 
13 66 17 89 88 32767 32767 51 62 77 49 26 95 6 51 12 69 99 46 56 24 32767 2 41 94 21 
64 50 92 32767 69 32767 32767 47 32 92 37 32767 20 16 39 19 25 15 45 1 45 22 32767 28 62 68 
30 68 77 24 53 51 47 32767 32767 57 44 55 19 76 81 63 51 100 36 48 38 32767 26 47 79 54 
96 52 7 8 32767 62 32 32767 32767 43 7 99 29 32 50 83 78 96 85 10 93 71 33 39 2 66 
96 71 64 62 15 77 92 57 43 32767 34 59 2 45 32767 79 47 59 1 81 60 67 52 40 32767 21 
3 12 50 30 92 49 37 44 7 34 32767 28 21 32767 22 15 97 87 9 66 12 32767 32767 65 24 43 
6 28 41 7 96 26 32767 55 99 59 28 32767 56 36 43 81 32767 32767 9 78 70 52 32767 17 72 52 
24 47 41 63 86 95 20 19 29 2 21 56 32767 30 70 22 52 72 79 44 26 19 23 24 26 99 
87 32767 32767 62 43 6 16 76 32 45 32767 36 30 32767 48 55 20 32767 89 52 83 96 70 89 32767 86 
32767 20 71 14 66 51 39 81 50 32767 22 43 70 48 32767 38 73 98 66 92 70 64 32767 32767 30 98 
12 96 2 94 66 12 19 63 83 79 15 81 22 55 38 32767 100 54 59 86 48 36 82 97 32767 62 
20 32767 59 74 74 69 25 51 78 47 97 32767 52 20 73 100 32767 48 100 42 79 22 37 42 82 83 
63 26 30 32767 90 99 15 100 96 59 87 32767 72 32767 98 54 48 32767 24 93 56 79 26 71 86 66 
52 58 69 32767 34 46 45 36 85 1 9 9 79 89 66 59 100 24 32767 64 25 32767 47 34 30 7 
19 93 93 66 86 56 1 48 10 81 66 78 44 52 92 86 42 93 64 32767 41 32767 13 40 78 34 
46 39 82 65 26 24 45 38 93 60 12 70 26 83 70 48 79 56 25 41 32767 26 42 32767 59 90 
38 62 74 90 32767 32767 22 32767 71 67 32767 52 19 96 64 36 22 79 32767 32767 26 32767 24 67 18 48 
22 96 76 7 32767 2 32767 26 33 52 32767 32767 23 70 32767 82 37 26 47 13 42 24 32767 59 66 58 
84 32767 76 3 29 41 28 47 39 40 65 17 24 89 32767 97 42 71 34 40 32767 67 59 32767 64 51 
52 64 66 61 13 94 62 79 2 32767 24 72 26 32767 30 32767 82 86 30 78 59 18 66 64 32767 83 
29 84 2 54 60 21 68 54 66 21 43 52 99 86 98 62 83 66 7 34 90 48 58 51 83 32767 
EOF