DIMENSION: 26
EDGE_WEIGHT_TYPE: EXPLICIT
EDGE_WEIGHT_FORMAT: FULL_MATRIX
EDGE_WEIGHT_SECTION:
32767 31 79 7 69 41 75 32767 62 94 32767 64 16 46 47 87 32767 64 57 89 72 32767 6 12 36 32767 
31 32767 32767 84 32767 47 45 22 57 45 32767 8 20 34 96 88 92 33 89 71 62 22 97 60 37 98 
79 32767 32767 60 32767 32767 30 76 47 30 32767 14 53 32767 76 91 41 82 89 48 94 95 32767 32767 21 54 
7 84 60 32767 30 57 32767 25 87 75 55 30 32767 82 26 19 40 86 89 96 25 77 19 6 11 92 
69 32767 32767 30 32767 27 81 23 52 43 19 87 61 15 32767 32767 32767 97 3 29 83 11 28 66 51 50 
41 47 32767 57 27 32767 22 69 10 15 91 32767 82 4 57 33 58 39 12 57 70 12 32767 87 11 13 
75 45 30 32767 81 22 32767 83 32767 91 1 89 18 38 5 18 47 30 61 36 79 79 89 9 50 80 
32767 22 76 25 23 69 83 32767 92 32767 32767 92 36 28 16 32767 46 42 78 69 40 41 2 95 63 92 
62 57 47 87 52 10 32767 92 32767 59 73 39 90 36 76 57 23 78 38 84 15 14 37 57 10 32 
94 45 30 75 43 15 91 32767 59 32767 78 7 17 81 79 61 74 91 59 90 63 33 83 27 57 31 
32767 32767 32767 55 19 91 1 32767 73 78 32767 32 52 32767 84 60 51 46 2 51 98 42 7 35 20 56 
64 8 14 30 87 32767 89 92 39 7 32 32767 61 12 44 79 2 52 50 96 6 82 72 59 16 78 
16 20 53 32767 61 82 18 36 90 17 52 61 32767 76 16 74 85 32767 63 91 48 54 90 53 90 59 
46 34 32767 82 15 4 38 28 36 81 32767 12 76 32767 18 80 66 39 30 25 32767 94 26 32767 30 81 
47 96 76 26 32767 57 5 16 76 79 84 44 16 18 32767 36 42 8 100 47 6 32 93 22 48 29 
87 88 91 19 32767 33 18 32767 57 61 60 79 74 80 36 32767 32767 26 32 32767 72 98 13 100 22 90 
32767 92 41 40 32767 58 47 46 23 74 51 2 85 66 42 32767 32767 67 95 19 71 60 90 80 65 64 
64 33 82 86 97 39 30 42 78 91 46 52 32767 39 8 26 67 32767 78 68 42 66 5 91 8 89 
57 89 89 89 3 12 61 78 38 59 2 50 63 30 100 32 95 78 32767 59 92 32767 3 92 30 59 
89 71 48 96 29 57 36 69 84 90 51 96 91 25 47 32767 19 68 59 32767 86 21 54 14 13 42 
72 62 94 25 83 70 79 40 15 63 98 6 48 32767 6 72 71 42 92 86 32767 49 11 24 69 55 
32767 22 95 77 11 12 79 41 14 33 42 82 54 94 32 98 60 66 32767 21 49 32767 37 100 50 2 
6 97 32767 19 28 32767 89 2 37 83 7 72 90 26 93 13 90 5 3 54 11 37 32767 73 94 60 
12 60 32767 6 66 87 9 95 57 27 35 59 53 32767 22 100 80 91 92 14 24 100 73 32767 43 37 
36 37 21 11 51 11 50 63 10 57 20 16 90 30 48 22 65 8 30 13 69 50 94 43 32767 83 
32767 98 54 92 50 13 80 92 32 31 56 78 59 81 29 90 64 89 59 42 55 2 60 37 83 32767 
EOF