DIMENSION: 26
EDGE_WEIGHT_TYPE: EXPLICIT
EDGE_WEIGHT_FORMAT: FULL_MATRIX
EDGE_WEIGHT_SECTION:
32767 24 3 45 8 75 32767 32767 44 10 32767 38 24 87 37 50 90 84 64 1 32767 27 19 24 54 38 
24 32767 74 52 57 11 91 10 32767 50 66 10 4 32767 2 96 100 43 16 22 40 32767 32767 90 81 85 
3 74 32767 32767 43 13 32 62 70 23 89 88 90 52 47 32767 48 43 68 76 21 32 21 86 21 21 
45 52 32767 32767 67 57 37 48 10 25 98 85 32767 32767 32767 70 68 32767 19 72 9 61 91 72 33 72 
8 57 43 67 32767 46 32767 43 34 16 95 46 31 32767 14 28 85 97 57 55 38 32767 84 32767 78 13 
75 11 13 57 46 32767 32767 58 45 49 26 89 60 3 11 32767 30 97 62 3 57 79 69 79 31 52 
32767 91 32 37 32767 32767 32767 11 98 96 80 70 51 45 18 76 92 52 6 9 75 22 49 14 61 57 
32767 10 62 48 43 58 11 32767 32767 78 6 44 46 32767 18 16 15 92 56 13 95 61 11 70 12 45 
44 32767 70 10 34 45 98 32767 32767 31 32767 86 7 87 32 65 50 60 4 14 48 26 95 31 89 32767 
10 50 23 25 16 49 96 78 31 32767 13 39 10 73 91 25 81 5 19 64 92 12 35 46 96 58 
32767 66 89 98 95 26 80 6 32767 13 32767 42 93 32767 32767 64 48 90 55 32767 25 42 82 22 17 91 
38 10 88 85 46 89 70 44 86 39 42 32767 24 32767 35 31 78 96 33 32 22 20 63 32767 73 74 
24 4 90 32767 31 60 51 46 7 10 93 24 32767 88 22 15 63 83 27 66 32767 58 3 21 79 32767 
87 32767 52 32767 32767 3 45 32767 87 73 32767 32767 88 32767 42 66 93 60 28 32767 42 24 12 17 29 33 
37 2 47 32767 14 11 18 18 32 91 32767 35 22 42 32767 30 78 58 41 50 97 34 74 66 79 36 
50 96 32767 70 28 32767 76 16 65 25 64 31 15 66 30 32767 48 65 24 47 30 43 77 67 83 11 
90 100 48 68 85 30 92 15 50 81 48 78 63 93 78 48 32767 31 17 13 32767 32767 92 44 100 55 
84 43 43 32767 97 97 52 92 60 5 90 96 83 60 58 65 31 32767 52 30 76 92 24 21 74 89 
64 16 68 19 57 62 6 56 4 19 55 33 27 28 41 24 17 52 32767 78 63 91 33 77 21 84 
1 22 76 72 55 3 9 13 14 64 32767 32 66 32767 50 47 13 30 78 32767 50 28 20 51 7 21 
32767 40 21 9 38 57 75 95 48 92 25 22 32767 42 97 30 32767 76 63 50 32767 84 61 32767 39 15 
27 32767 32 61 32767 79 22 61 26 12 42 20 58 24 34 43 32767 92 91 28 84 32767 22 13 68 32767 
19 32767 21 91 84 69 49 11 95 35 82 63 3 12 74 77 92 24 33 20 61 22 32767 95 3 12 
24 90 86 72 32767 79 14 70 31 46 22 32767 21 17 66 67 44 21 77 51 32767 13 95 32767 24 38 
54 81 21 33 78 31 61 12 89 96 17 73 79 29 79 83 100 74 21 7 39 68 3 24 32767 46 
38 85 21 72 13 52 57 45 32767 58 91 74 32767 33 36 11 55 89 84 21 15 32767 12 38 46 32767 
EOF