DIMENSION: 26
EDGE_WEIGHT_TYPE: EXPLICIT
EDGE_WEIGHT_FORMAT: FULL_MATRIX
EDGE_WEIGHT_SECTION:
32767 32767 5 35 26 43 84 75 80 4 85 99 39 95 25 82 14 32767 70 51 55 24 20 78 5 48 
32767 32767 79 56 34 86 74 2 75 81 30 26 68 88 21 83 59 35 25 81 40 30 80 82 84 50 
5 79 32767 45 1 75 3 58 72 67 9 48 5 6 3 65 91 99 65 67 11 57 88 49 34 17 
35 56 45 32767 62 32767 66 87 57 64 18 91 79 75 47 4 55 60 3 35 87 25 4 51 38 52 
26 34 1 62 32767 32767 42 11 90 77 13 16 98 36 19 32767 21 14 32767 16 59 38 12 81 60 83 
43 86 75 32767 32767 32767 31 75 32767 72 65 32767 95 32767 32767 22 71 30 69 46 97 32767 56 88 30 18 
84 74 3 66 42 31 32767 64 32767 28 32767 74 32767 32767 17 45 52 73 32767 56 1 22 1 81 34 50 
75 2 58 87 11 75 64 32767 66 61 3 1 72 74 75 52 73 62 20 24 51 59 14 10 37 5 
80 75 72 57 90 32767 32767 66 32767 78 32767 1 92 7 80 15 64 59 63 49 88 32 94 36 67 92 
4 81 67 64 77 72 28 61 78 32767 44 3 73 77 32767 43 32767 32767 1 44 77 70 92 6 52 72 
85 30 9 18 13 65 32767 3 32767 44 32767 64 72 49 80 36 71 32767 48 25 54 52 28 10 69 47 
99 26 48 91 16 32767 74 1 1 3 64 32767 87 3 32767 10 9 89 24 73 59 25 89 37 10 69 
39 68 5 79 98 95 32767 72 92 73 72 87 32767 68 51 22 62 26 32767 34 24 32767 32767 54 44 62 
95 88 6 75 36 32767 32767 74 7 77 49 3 68 32767 29 65 5 56 31 32767 90 39 66 73 2 32767 
25 21 3 47 19 32767 17 75 80 32767 80 32767 51 29 32767 83 9 12 28 81 73 95 9 90 92 33 
82 83 65 4 32767 22 45 52 15 43 36 10 22 65 83 32767 43 69 7 12 44 20 32767 32767 57 60 
14 59 91 55 21 71 52 73 64 32767 71 9 62 5 9 43 32767 68 34 60 16 86 53 62 52 5 
32767 35 99 60 14 30 73 62 59 32767 32767 89 26 56 12 69 68 32767 51 4 62 51 58 54 95 48 
70 25 65 3 32767 69 32767 20 63 1 48 24 32767 31 28 7 34 51 32767 86 23 60 12 32767 25 28 
51 81 67 35 16 46 56 24 49 44 25 73 34 32767 81 12 60 4 86 32767 14 58 41 43 6 73 
55 40 11 87 59 97 1 51 88 77 54 59 24 90 73 44 16 62 23 14 32767 41 58 41 51 12 
24 30 57 25 38 32767 22 59 32 70 52 25 32767 39 95 20 86 51 60 58 41 32767 60 32767 23 43 
20 80 88 4 12 56 1 14 94 92 28 89 32767 66 9 32767 53 58 12 41 58 60 32767 74 46 10 
78 82 49 51 81 88 81 10 36 6 10 37 54 73 90 32767 62 54 32767 43 41 32767 74 32767 32767 32767 
5 84 34 38 60 30 34 37 67 52 69 10 44 2 92 57 52 95 25 6 51 23 46 32767 32767 21 
48 50 17 52 83 18 50 5 92 72 47 69 62 32767 33 60 5 48 28 73 12 43 10 32767 21 32767 
EOF