DIMENSION: 26
EDGE_WEIGHT_TYPE: EXPLICIT
EDGE_WEIGHT_FORMAT: FULL_MATRIX
EDGE_WEIGHT_SECTION:
32767 28 61 1 97 86 69 43 79 96 68 42 50 16 92 49 68 12 80 9 20 11 42 29 54 47 
28 32767 38 14 100 27 35 32 55 33 12 14 87 71 81 100 75 59 39 51 53 29 32767 13 10 25 
61 38 32767 19 9 32767 32767 72 65 84 96 61 32767 33 32767 32767 87 76 2 52 92 32767 9 79 43 96 
1 14 19 32767 72 9 12 26 54 91 22 32767 16 37 41 66 32767 25 52 51 25 77 41 5 70 53 
97 100 9 72 32767 32767 27 74 72 32767 13 27 33 84 69 82 8 29 97 18 43 30 48 19 92 2 
86 27 32767 9 32767 32767 74 32767 32767 30 32767 50 75 16 70 81 84 97 80 5 13 43 48 18 37 9 
69 35 32767 12 27 74 32767 16 66 52 75 47 75 32767 23 88 92 81 34 89 94 20 75 84 94 32767 
43 32 72 26 74 32767 16 32767 74 56 6 55 57 2 32767 93 26 81 9 29 42 32767 25 2 32767 27 
79 55 65 54 72 32767 66 74 32767 78 6 5 32767 98 93 66 60 30 3 54 44 41 95 21 21 32767 
96 33 84 91 32767 30 52 56 78 32767 23 8 50 77 72 32767 20 34 48 52 69 8 19 3 22 64 
68 12 96 22 13 32767 75 6 6 23 32767 98 32767 77 5 18 16 95 43 37 47 99 96 63 10 32767 
42 14 61 32767 27 50 47 55 5 8 98 32767 37 40 62 32767 4 14 100 34 32767 76 6 32767 94 84 
50 87 32767 16 33 75 75 57 32767 50 32767 37 32767 62 39 4 32767 72 45 21 88 19 45 32767 32767 21 
16 71 33 37 84 16 32767 2 98 77 77 40 62 32767 32 77 20 6 45 51 7 79 15 14 28 31 
92 81 32767 41 69 70 23 32767 93 72 5 62 39 32 32767 14 32767 7 70 48 7 20 76 35 31 38 
49 100 32767 66 82 81 88 93 66 32767 18 32767 4 77 14 32767 33 59 33 35 80 47 34 23 35 3 
68 75 87 32767 8 84 92 26 60 20 16 4 32767 20 32767 33 32767 92 31 53 97 70 80 5 61 39 
12 59 76 25 29 97 81 81 30 34 95 14 72 6 7 59 92 32767 22 31 23 24 18 67 50 45 
80 39 2 52 97 80 34 9 3 48 43 100 45 45 70 33 31 22 32767 76 100 36 62 75 9 54 
9 51 52 51 18 5 89 29 54 52 37 34 21 51 48 35 53 31 76 32767 33 64 46 78 83 30 
20 53 92 25 43 13 94 42 44 69 47 32767 88 7 7 80 97 23 100 33 32767 19 10 15 65 60 
11 29 32767 77 30 43 20 32767 41 8 99 76 19 79 20 47 70 24 36 64 19 32767 35 32767 62 27 
42 32767 9 41 48 48 75 25 95 19 96 6 45 15 76 34 80 18 62 46 10 35 32767 43 81 88 
29 13 79 5 19 18 84 2 21 3 63 32767 32767 14 35 23 5 67 75 78 15 32767 43 32767 66 73 
54 10 43 70 92 37 94 32767 21 22 10 94 32767 28 31 35 61 50 9 83 65 62 81 66 32767 7 
47 25 96 53 2 9 32767 27 32767 64 32767 84 21 31 38 3 39 45 54 30 60 27 88 73 7 32767 
EOF