DIMENSION: 26
EDGE_WEIGHT_TYPE: EXPLICIT
EDGE_WEIGHT_FORMAT: FULL_MATRIX
EDGE_WEIGHT_SECTION:
32767 15 32 74 53 39 85 4 88 62 69 77 32767 75 99 4 100 20 22 97 32767 37 43 40 76 17 
15 32767 25 82 32767 33 14 78 37 7 100 32767 32767 72 85 32 32767 77 76 21 82 5 86 48 61 6 
32 25 32767 75 40 60 78 20 80 31 32767 6 32 34 66 32767 50 39 31 51 9 59 77 69 70 76 
74 82 75 32767 56 58 18 32767 32767 85 32767 34 65 4 97 20 71 15 8 28 90 14 38 32767 56 32767 
53 32767 40 56 32767 40 72 99 72 96 14 6 7 95 87 72 54 3 58 50 92 48 32767 46 37 47 
39 33 60 58 40 32767 65 14 20 95 24 8 73 32767 67 51 77 58 9 21 64 57 36 33 41 82 
85 14 78 18 72 65 32767 94 85 26 1 31 60 97 32767 5 4 7 32767 26 32767 10 34 78 78 32767 
4 78 20 32767 99 14 94 32767 74 75 99 29 65 27 34 2 28 73 32767 66 29 46 13 88 48 86 
88 37 80 32767 72 20 85 74 32767 92 6 59 28 68 11 32767 86 80 32767 93 32767 90 73 48 63 32767 
62 7 31 85 96 95 26 75 92 32767 40 62 82 79 81 9 14 28 63 63 53 49 95 60 79 49 
69 100 32767 32767 14 24 1 99 6 40 32767 32 14 34 32767 14 33 55 83 30 75 85 85 91 8 26 
77 32767 6 34 6 8 31 29 59 62 32 32767 19 39 8 66 80 92 86 80 9 52 97 79 32767 21 
32767 32767 32 65 7 73 60 65 28 82 14 19 32767 43 58 62 40 64 59 73 58 74 16 15 97 73 
75 72 34 4 95 32767 97 27 68 79 34 39 43 32767 28 72 37 44 68 51 99 52 32767 77 41 23 
99 85 66 97 87 67 32767 34 11 81 32767 8 58 28 32767 80 14 17 31 42 32767 42 42 70 42 19 
4 32 32767 20 72 51 5 2 32767 9 14 66 62 72 80 32767 38 100 51 62 20 46 21 3 83 77 
100 32767 50 71 54 77 4 28 86 14 33 80 40 37 14 38 32767 83 45 55 89 32767 7 27 38 32767 
20 77 39 15 3 58 7 73 80 28 55 92 64 44 17 100 83 32767 35 97 68 92 32767 47 28 3 
22 76 31 8 58 9 32767 32767 32767 63 83 86 59 68 31 51 45 35 32767 87 45 27 51 1 12 42 
97 21 51 28 50 21 26 66 93 63 30 80 73 51 42 62 55 97 87 32767 78 32767 32767 21 58 32 
32767 82 9 90 92 64 32767 29 32767 53 75 9 58 99 32767 20 89 68 45 78 32767 7 76 82 86 3 
37 5 59 14 48 57 10 46 90 49 85 52 74 52 42 46 32767 92 27 32767 7 32767 31 32767 32767 54 
43 86 77 38 32767 36 34 13 73 95 85 97 16 32767 42 21 7 32767 51 32767 76 31 32767 93 72 65 
40 48 69 32767 46 33 78 88 48 60 91 79 15 77 70 3 27 47 1 21 82 32767 93 32767 58 39 
76 61 70 56 37 41 78 48 63 79 8 32767 97 41 42 83 38 28 12 58 86 32767 72 58 32767 39 
17 6 76 32767 47 82 32767 86 32767 49 26 21 73 23 19 77 32767 3 42 32 3 54 65 39 39 32767 
EOF