DIMENSION: 8
EDGE_WEIGHT_TYPE: EXPLICIT
EDGE_WEIGHT_FORMAT: FULL_MATRIX
EDGE_WEIGHT_SECTION:
32767 83 76 95 92 25 32767 40 
83 32767 63 51 32767 72 53 74 
76 63 32767 65 32767 88 21 32767 
95 51 65 32767 35 96 14 32767 
92 32767 32767 35 32767 90 27 32767 
25 72 88 96 90 32767 41 65 
32767 53 21 14 27 41 32767 70 
40 74 32767 32767 32767 65 70 32767 
EOF