DIMENSION: 8
EDGE_WEIGHT_TYPE: EXPLICIT
EDGE_WEIGHT_FORMAT: FULL_MATRIX
EDGE_WEIGHT_SECTION:
32767 11 59 30 84 32767 14 32767 
11 32767 32767 61 17 84 28 12 
59 32767 32767 21 37 48 36 79 
30 61 21 32767 18 58 32767 32767 
84 17 37 18 32767 42 32767 58 
32767 84 48 58 42 32767 32767 58 
14 28 36 32767 32767 32767 32767 32767 
32767 12 79 32767 58 58 32767 32767 
EOF