DIMENSION: 8
EDGE_WEIGHT_TYPE: EXPLICIT
EDGE_WEIGHT_FORMAT: FULL_MATRIX
EDGE_WEIGHT_SECTION:
32767 42 23 33 32767 28 32767 67 
42 32767 32767 83 40 86 74 20 
23 32767 32767 83 24 32767 93 72 
33 83 83 32767 32767 95 71 32767 
32767 40 24 32767 32767 99 62 7 
28 86 32767 95 99 32767 99 59 
32767 74 93 71 62 99 32767 6 
67 20 72 32767 7 59 6 32767 
EOF