DIMENSION: 8
EDGE_WEIGHT_TYPE: EXPLICIT
EDGE_WEIGHT_FORMAT: FULL_MATRIX
EDGE_WEIGHT_SECTION:
32767 69 52 67 16 87 48 42 
69 32767 96 11 22 9 61 10 
52 96 32767 32767 11 43 34 32767 
67 11 32767 32767 93 72 10 27 
16 22 11 93 32767 75 64 20 
87 9 43 72 75 32767 17 22 
48 61 34 10 64 17 32767 88 
42 10 32767 27 20 22 88 32767 
EOF