DIMENSION: 20
EDGE_WEIGHT_TYPE: EXPLICIT
EDGE_WEIGHT_FORMAT: FULL_MATRIX
EDGE_WEIGHT_SECTION:
32767 32767 32767 32767 69 33 32767 91 32767 32767 32767 32767 32767 32767 32767 86 86 9 32767 59 
32767 32767 12 32767 13 75 46 11 80 32767 32767 32767 22 97 77 12 48 32767 38 32767 
32767 12 32767 32767 11 60 32767 86 48 32767 78 32767 32767 32767 32767 19 32767 45 91 32767 
32767 32767 32767 32767 91 32767 32767 32767 32767 30 32767 89 32767 32767 82 32767 72 32767 1 67 
69 13 11 91 32767 32767 89 32767 32767 32767 33 46 26 21 54 72 57 19 4 61 
33 75 60 32767 32767 32767 46 32767 32767 45 53 43 32767 32767 90 80 32767 52 32767 3 
32767 46 32767 32767 89 46 32767 83 32767 53 43 60 32767 72 89 32767 93 32767 36 39 
91 11 86 32767 32767 32767 83 32767 1 95 32767 45 32767 19 35 62 100 32767 32767 65 
32767 80 48 32767 32767 32767 32767 1 32767 15 32767 32767 32767 61 84 32767 12 57 89 32767 
32767 32767 32767 30 32767 45 53 95 15 32767 32767 5 32767 91 84 29 22 93 10 32767 
32767 32767 78 32767 33 53 43 32767 32767 32767 32767 32767 32767 38 33 32767 45 85 29 32767 
32767 32767 32767 89 46 43 60 45 32767 5 32767 32767 43 32767 32767 32767 32767 32767 32767 84 
32767 22 32767 32767 26 32767 32767 32767 32767 32767 32767 43 32767 32767 32767 32767 99 32767 77 66 
32767 97 32767 32767 21 32767 72 19 61 91 38 32767 32767 32767 32767 99 32767 43 91 32767 
32767 77 32767 82 54 90 89 35 84 84 33 32767 32767 32767 32767 4 32767 32767 70 32767 
86 12 19 32767 72 80 32767 62 32767 29 32767 32767 32767 99 4 32767 25 32767 60 79 
86 48 32767 72 57 32767 93 100 12 22 45 32767 99 32767 32767 25 32767 84 29 32767 
9 32767 45 32767 19 52 32767 32767 57 93 85 32767 32767 43 32767 32767 84 32767 66 71 
32767 38 91 1 4 32767 36 32767 89 10 29 32767 77 91 70 60 29 66 32767 68 
59 32767 32767 67 61 3 39 65 32767 32767 32767 84 66 32767 32767 79 32767 71 68 32767 
EOF