DIMENSION: 8
EDGE_WEIGHT_TYPE: EXPLICIT
EDGE_WEIGHT_FORMAT: FULL_MATRIX
EDGE_WEIGHT_SECTION:
32767 32767 59 32767 81 32767 51 97 
32767 32767 32767 32767 32767 63 86 32767 
59 32767 32767 1 61 32767 32767 72 
32767 32767 1 32767 41 32767 32767 32767 
81 32767 61 41 32767 72 34 32767 
32767 63 32767 32767 72 32767 11 77 
51 86 32767 32767 34 11 32767 41 
97 32767 72 32767 32767 77 41 32767 
EOF