DIMENSION: 12
EDGE_WEIGHT_TYPE: EXPLICIT
EDGE_WEIGHT_FORMAT: FULL_MATRIX
EDGE_WEIGHT_SECTION:
32767 11 32767 52 86 31 32767 75 80 32767 32767 32767 
11 32767 33 32767 79 19 32767 32767 49 32767 69 14 
32767 33 32767 32767 32767 67 49 89 24 54 62 46 
52 32767 32767 32767 32767 39 92 84 77 6 1 93 
86 79 32767 32767 32767 43 62 57 5 86 36 59 
31 19 67 39 43 32767 50 76 31 45 46 98 
32767 32767 49 92 62 50 32767 52 32767 96 51 58 
75 32767 89 84 57 76 52 32767 32767 20 94 16 
80 49 24 77 5 31 32767 32767 32767 9 9 32767 
32767 32767 54 6 86 45 96 20 9 32767 36 60 
32767 69 62 1 36 46 51 94 9 36 32767 32767 
32767 14 46 93 59 98 58 16 32767 60 32767 32767 
EOF