DIMENSION: 12
EDGE_WEIGHT_TYPE: EXPLICIT
EDGE_WEIGHT_FORMAT: FULL_MATRIX
EDGE_WEIGHT_SECTION:
32767 32767 32767 24 32 60 67 8 34 94 25 32767 
32767 32767 27 78 32767 32767 32767 51 32767 19 32767 19 
32767 27 32767 32767 32767 69 74 32767 82 65 73 32767 
24 78 32767 32767 19 92 32767 75 5 32767 52 22 
32 32767 32767 19 32767 39 32767 32767 32767 23 66 32767 
60 32767 69 92 39 32767 99 70 32767 43 31 97 
67 32767 74 32767 32767 99 32767 32767 23 35 70 58 
8 51 32767 75 32767 70 32767 32767 27 34 97 3 
34 32767 82 5 32767 32767 23 27 32767 92 71 98 
94 19 65 32767 23 43 35 34 92 32767 82 35 
25 32767 73 52 66 31 70 97 71 82 32767 40 
32767 19 32767 22 32767 97 58 3 98 35 40 32767 
EOF