DIMENSION: 12
EDGE_WEIGHT_TYPE: EXPLICIT
EDGE_WEIGHT_FORMAT: FULL_MATRIX
EDGE_WEIGHT_SECTION:
32767 32767 36 86 61 94 32767 17 5 32767 10 43 
32767 32767 10 19 48 84 77 8 23 27 32767 39 
36 10 32767 62 31 42 32767 35 32767 32767 72 88 
86 19 62 32767 32767 35 92 23 76 39 32767 98 
61 48 31 32767 32767 32767 62 64 81 31 92 48 
94 84 42 35 32767 32767 98 60 92 85 14 100 
32767 77 32767 92 62 98 32767 55 64 32767 32767 41 
17 8 35 23 64 60 55 32767 5 44 13 7 
5 23 32767 76 81 92 64 5 32767 99 28 32767 
32767 27 32767 39 31 85 32767 44 99 32767 32767 87 
10 32767 72 32767 92 14 32767 13 28 32767 32767 32767 
43 39 88 98 48 100 41 7 32767 87 32767 32767 
EOF