DIMENSION: 12
EDGE_WEIGHT_TYPE: EXPLICIT
EDGE_WEIGHT_FORMAT: FULL_MATRIX
EDGE_WEIGHT_SECTION:
32767 8 32767 63 44 56 85 9 54 85 32767 84 
8 32767 32767 36 91 62 42 74 90 26 47 32767 
32767 32767 32767 54 32767 32767 32767 72 32767 57 27 42 
63 36 54 32767 32767 58 89 24 32767 32767 32767 42 
44 91 32767 32767 32767 32767 93 61 32767 71 32767 90 
56 62 32767 58 32767 32767 43 65 47 32767 32767 32767 
85 42 32767 89 93 43 32767 94 75 32767 32767 32767 
9 74 72 24 61 65 94 32767 35 57 32767 2 
54 90 32767 32767 32767 47 75 35 32767 32767 32767 53 
85 26 57 32767 71 32767 32767 57 32767 32767 33 35 
32767 47 27 32767 32767 32767 32767 32767 32767 33 32767 78 
84 32767 42 42 90 32767 32767 2 53 35 78 32767 
EOF