DIMENSION: 12
EDGE_WEIGHT_TYPE: EXPLICIT
EDGE_WEIGHT_FORMAT: FULL_MATRIX
EDGE_WEIGHT_SECTION:
32767 23 32767 59 6 32767 71 89 55 32767 19 32767 
23 32767 73 32767 32 32767 63 6 92 30 12 25 
32767 73 32767 98 32767 32767 32767 88 35 82 32767 32767 
59 32767 98 32767 30 70 32767 72 32767 29 96 72 
6 32 32767 30 32767 92 86 13 43 32767 30 32767 
32767 32767 32767 70 92 32767 32767 32767 30 32767 11 47 
71 63 32767 32767 86 32767 32767 32767 32767 97 32767 39 
89 6 88 72 13 32767 32767 32767 32767 32767 49 73 
55 92 35 32767 43 30 32767 32767 32767 64 92 68 
32767 30 82 29 32767 32767 97 32767 64 32767 39 55 
19 12 32767 96 30 11 32767 49 92 39 32767 1 
32767 25 32767 72 32767 47 39 73 68 55 1 32767 
EOF