DIMENSION: 12
EDGE_WEIGHT_TYPE: EXPLICIT
EDGE_WEIGHT_FORMAT: FULL_MATRIX
EDGE_WEIGHT_SECTION:
32767 5 32767 97 32767 32 86 23 62 93 58 65 
5 32767 69 26 32767 2 32767 70 93 32767 32767 22 
32767 69 32767 32767 53 32767 58 12 63 81 91 84 
97 26 32767 32767 35 32767 13 40 32 7 42 78 
32767 32767 53 35 32767 54 93 32767 7 32767 69 41 
32 2 32767 32767 54 32767 67 76 32767 37 37 64 
86 32767 58 13 93 67 32767 82 57 100 19 96 
23 70 12 40 32767 76 82 32767 49 90 74 76 
62 93 63 32 7 32767 57 49 32767 39 15 95 
93 32767 81 7 32767 37 100 90 39 32767 51 68 
58 32767 91 42 69 37 19 74 15 51 32767 33 
65 22 84 78 41 64 96 76 95 68 33 32767 
EOF