DIMENSION: 12
EDGE_WEIGHT_TYPE: EXPLICIT
EDGE_WEIGHT_FORMAT: FULL_MATRIX
EDGE_WEIGHT_SECTION:
32767 32767 54 85 10 32767 8 100 62 32767 64 48 
32767 32767 27 84 38 53 67 32767 32767 92 25 11 
54 27 32767 32767 2 41 91 2 32767 48 32767 74 
85 84 32767 32767 62 32767 32767 72 8 36 45 94 
10 38 2 62 32767 32767 32767 78 73 72 20 57 
32767 53 41 32767 32767 32767 72 32767 45 79 32767 32767 
8 67 91 32767 32767 72 32767 88 32767 93 32767 90 
100 32767 2 72 78 32767 88 32767 41 32767 32767 39 
62 32767 32767 8 73 45 32767 41 32767 93 96 32767 
32767 92 48 36 72 79 93 32767 93 32767 20 16 
64 25 32767 45 20 32767 32767 32767 96 20 32767 64 
48 11 74 94 57 32767 90 39 32767 16 64 32767 
EOF