DIMENSION: 14
EDGE_WEIGHT_TYPE: EXPLICIT
EDGE_WEIGHT_FORMAT: FULL_MATRIX
EDGE_WEIGHT_SECTION:
32767 32767 19 70 6 98 54 32767 32767 32767 1 66 32767 74 
32767 32767 41 20 51 80 32767 32767 32767 61 32767 32767 26 71 
19 41 32767 92 25 32767 25 32767 77 62 32767 32767 49 95 
70 20 92 32767 32767 32767 32767 32767 32767 41 32767 32767 32767 32767 
6 51 25 32767 32767 32767 11 32767 32767 6 32767 32767 69 67 
98 80 32767 32767 32767 32767 17 22 32767 16 32767 63 60 32767 
54 32767 25 32767 11 17 32767 32767 100 32767 87 7 39 22 
32767 32767 32767 32767 32767 22 32767 32767 32767 32767 32767 32767 100 7 
32767 32767 77 32767 32767 32767 100 32767 32767 43 94 32767 19 13 
32767 61 62 41 6 16 32767 32767 43 32767 32767 89 26 43 
1 32767 32767 32767 32767 32767 87 32767 94 32767 32767 7 80 93 
66 32767 32767 32767 32767 63 7 32767 32767 89 7 32767 20 34 
32767 26 49 32767 69 60 39 100 19 26 80 20 32767 87 
74 71 95 32767 67 32767 22 7 13 43 93 34 87 32767 
EOF