DIMENSION: 14
EDGE_WEIGHT_TYPE: EXPLICIT
EDGE_WEIGHT_FORMAT: FULL_MATRIX
EDGE_WEIGHT_SECTION:
32767 59 15 39 32767 31 63 32767 91 32767 32767 45 32767 32767 
59 32767 32767 67 32767 32767 32767 32767 32767 32767 32767 49 32767 16 
15 32767 32767 45 3 32767 32767 37 32767 89 32767 33 32767 5 
39 67 45 32767 32767 33 32767 32767 3 38 32767 96 46 32767 
32767 32767 3 32767 32767 71 28 32767 32767 56 32767 1 37 50 
31 32767 32767 33 71 32767 44 32767 32767 32767 15 32767 32767 32767 
63 32767 32767 32767 28 44 32767 32767 52 32767 41 78 32767 32767 
32767 32767 37 32767 32767 32767 32767 32767 42 32767 59 23 32767 53 
91 32767 32767 3 32767 32767 52 42 32767 43 32767 32767 2 34 
32767 32767 89 38 56 32767 32767 32767 43 32767 52 32767 61 32767 
32767 32767 32767 32767 32767 15 41 59 32767 52 32767 68 46 32767 
45 49 33 96 1 32767 78 23 32767 32767 68 32767 37 12 
32767 32767 32767 46 37 32767 32767 32767 2 61 46 37 32767 32767 
32767 16 5 32767 50 32767 32767 53 34 32767 32767 12 32767 32767 
EOF