DIMENSION: 14
EDGE_WEIGHT_TYPE: EXPLICIT
EDGE_WEIGHT_FORMAT: FULL_MATRIX
EDGE_WEIGHT_SECTION:
32767 27 41 32767 45 32767 32767 68 32767 32767 57 32767 32767 32767 
27 32767 73 32767 91 3 32767 66 73 32767 51 39 32767 35 
41 73 32767 34 83 32767 43 67 37 13 86 32767 32767 32767 
32767 32767 34 32767 32767 32767 64 39 56 53 49 91 64 29 
45 91 83 32767 32767 32767 31 32767 67 32767 55 32767 20 30 
32767 3 32767 32767 32767 32767 72 32767 10 12 32767 40 53 32767 
32767 32767 43 64 31 72 32767 16 32767 32767 74 32767 85 32767 
68 66 67 39 32767 32767 16 32767 9 32767 32767 32767 32767 32767 
32767 73 37 56 67 10 32767 9 32767 32767 72 32767 81 32767 
32767 32767 13 53 32767 12 32767 32767 32767 32767 38 1 32767 82 
57 51 86 49 55 32767 74 32767 72 38 32767 58 99 32767 
32767 39 32767 91 32767 40 32767 32767 32767 1 58 32767 32767 17 
32767 32767 32767 64 20 53 85 32767 81 32767 99 32767 32767 60 
32767 35 32767 29 30 32767 32767 32767 32767 82 32767 17 60 32767 
EOF