DIMENSION: 14
EDGE_WEIGHT_TYPE: EXPLICIT
EDGE_WEIGHT_FORMAT: FULL_MATRIX
EDGE_WEIGHT_SECTION:
32767 32767 32767 34 91 8 20 32767 32767 83 32767 7 32767 62 
32767 32767 84 32767 32767 32767 32767 41 34 39 32767 32767 32767 41 
32767 84 32767 83 47 32767 32767 32767 32767 100 32767 99 54 67 
34 32767 83 32767 7 32767 100 32767 8 32767 6 32767 32767 32767 
91 32767 47 7 32767 32767 32767 32767 43 32767 32767 32767 80 23 
8 32767 32767 32767 32767 32767 89 63 32767 21 36 45 32767 73 
20 32767 32767 100 32767 89 32767 37 12 12 32767 32767 80 32767 
32767 41 32767 32767 32767 63 37 32767 32767 5 32767 79 32 32767 
32767 34 32767 8 43 32767 12 32767 32767 32767 5 93 32767 37 
83 39 100 32767 32767 21 12 5 32767 32767 32767 32767 32767 6 
32767 32767 32767 6 32767 36 32767 32767 5 32767 32767 86 52 32767 
7 32767 99 32767 32767 45 32767 79 93 32767 86 32767 93 43 
32767 32767 54 32767 80 32767 80 32 32767 32767 52 93 32767 32767 
62 41 67 32767 23 73 32767 32767 37 6 32767 43 32767 32767 
EOF