DIMENSION: 14
EDGE_WEIGHT_TYPE: EXPLICIT
EDGE_WEIGHT_FORMAT: FULL_MATRIX
EDGE_WEIGHT_SECTION:
32767 80 93 32 60 41 96 87 35 5 21 65 85 52 
80 32767 44 32767 93 76 58 42 93 16 10 97 92 8 
93 44 32767 55 46 29 91 14 80 99 16 88 83 24 
32 32767 55 32767 91 54 88 21 78 92 66 97 32767 32767 
60 93 46 91 32767 41 32767 91 35 78 81 67 4 35 
41 76 29 54 41 32767 90 64 61 81 32767 1 32767 56 
96 58 91 88 32767 90 32767 56 60 32767 94 10 28 55 
87 42 14 21 91 64 56 32767 74 44 99 32 35 67 
35 93 80 78 35 61 60 74 32767 80 6 75 32767 65 
5 16 99 92 78 81 32767 44 80 32767 47 4 6 22 
21 10 16 66 81 32767 94 99 6 47 32767 99 54 74 
65 97 88 97 67 1 10 32 75 4 99 32767 5 32767 
85 92 83 32767 4 32767 28 35 32767 6 54 5 32767 44 
52 8 24 32767 35 56 55 67 65 22 74 32767 44 32767 
EOF