DIMENSION: 14
EDGE_WEIGHT_TYPE: EXPLICIT
EDGE_WEIGHT_FORMAT: FULL_MATRIX
EDGE_WEIGHT_SECTION:
32767 32767 88 89 71 35 39 16 29 6 55 53 52 81 
32767 32767 32767 36 32767 29 32767 16 9 22 9 44 18 43 
88 32767 32767 69 30 27 35 74 59 73 37 90 34 27 
89 36 69 32767 3 58 50 58 3 18 62 25 74 74 
71 32767 30 3 32767 59 54 80 32767 32767 93 21 65 41 
35 29 27 58 59 32767 57 62 32767 80 93 66 48 65 
39 32767 35 50 54 57 32767 74 85 42 71 25 32767 32767 
16 16 74 58 80 62 74 32767 64 12 17 43 41 69 
29 9 59 3 32767 32767 85 64 32767 32767 35 48 41 23 
6 22 73 18 32767 80 42 12 32767 32767 15 96 64 71 
55 9 37 62 93 93 71 17 35 15 32767 33 78 53 
53 44 90 25 21 66 25 43 48 96 33 32767 58 53 
52 18 34 74 65 48 32767 41 41 64 78 58 32767 6 
81 43 27 74 41 65 32767 69 23 71 53 53 6 32767 
EOF