DIMENSION: 14
EDGE_WEIGHT_TYPE: EXPLICIT
EDGE_WEIGHT_FORMAT: FULL_MATRIX
EDGE_WEIGHT_SECTION:
32767 93 84 32767 1 44 89 50 2 47 1 35 32767 86 
93 32767 45 23 32 19 98 5 7 32767 39 32767 88 43 
84 45 32767 81 33 95 12 85 93 32767 24 4 87 3 
32767 23 81 32767 64 22 70 41 10 37 57 64 33 32767 
1 32 33 64 32767 40 33 63 29 8 15 1 89 2 
44 19 95 22 40 32767 46 14 42 27 51 47 32767 39 
89 98 12 70 33 46 32767 27 99 96 7 25 34 11 
50 5 85 41 63 14 27 32767 32767 14 14 32767 8 33 
2 7 93 10 29 42 99 32767 32767 16 69 95 32767 21 
47 32767 32767 37 8 27 96 14 16 32767 47 69 27 33 
1 39 24 57 15 51 7 14 69 47 32767 88 11 45 
35 32767 4 64 1 47 25 32767 95 69 88 32767 11 7 
32767 88 87 33 89 32767 34 8 32767 27 11 11 32767 65 
86 43 3 32767 2 39 11 33 21 33 45 7 65 32767 
EOF