DIMENSION: 14
EDGE_WEIGHT_TYPE: EXPLICIT
EDGE_WEIGHT_FORMAT: FULL_MATRIX
EDGE_WEIGHT_SECTION:
32767 62 32767 48 32767 57 34 93 96 47 77 100 37 51 
62 32767 82 12 31 99 100 91 29 77 94 57 83 94 
32767 82 32767 71 6 85 64 19 49 20 44 32767 86 3 
48 12 71 32767 95 30 77 97 16 2 13 97 24 39 
32767 31 6 95 32767 32767 32767 21 35 35 9 4 58 70 
57 99 85 30 32767 32767 32767 67 72 17 90 80 100 99 
34 100 64 77 32767 32767 32767 32767 90 22 63 32767 72 99 
93 91 19 97 21 67 32767 32767 32767 32 43 14 58 32767 
96 29 49 16 35 72 90 32767 32767 41 4 89 32767 39 
47 77 20 2 35 17 22 32 41 32767 32767 28 52 43 
77 94 44 13 9 90 63 43 4 32767 32767 46 12 92 
100 57 32767 97 4 80 32767 14 89 28 46 32767 75 32767 
37 83 86 24 58 100 72 58 32767 52 12 75 32767 13 
51 94 3 39 70 99 99 32767 39 43 92 32767 13 32767 
EOF