DIMENSION: 14
EDGE_WEIGHT_TYPE: EXPLICIT
EDGE_WEIGHT_FORMAT: FULL_MATRIX
EDGE_WEIGHT_SECTION:
32767 99 96 97 32767 94 89 100 67 4 75 5 20 32767 
99 32767 33 23 26 87 4 46 80 93 39 59 60 23 
96 33 32767 7 92 5 5 69 22 3 73 42 32767 21 
97 23 7 32767 1 6 91 54 99 32767 83 1 33 27 
32767 26 92 1 32767 84 50 56 44 91 22 1 63 32767 
94 87 5 6 84 32767 87 19 88 68 51 52 33 43 
89 4 5 91 50 87 32767 5 88 73 32767 73 32767 25 
100 46 69 54 56 19 5 32767 32767 67 27 76 54 83 
67 80 22 99 44 88 88 32767 32767 77 77 72 27 89 
4 93 3 32767 91 68 73 67 77 32767 44 79 82 41 
75 39 73 83 22 51 32767 27 77 44 32767 28 100 8 
5 59 42 1 1 52 73 76 72 79 28 32767 12 32767 
20 60 32767 33 63 33 32767 54 27 82 100 12 32767 65 
32767 23 21 27 32767 43 25 83 89 41 8 32767 65 32767 
EOF