DIMENSION: 14
EDGE_WEIGHT_TYPE: EXPLICIT
EDGE_WEIGHT_FORMAT: FULL_MATRIX
EDGE_WEIGHT_SECTION:
32767 44 69 74 86 90 54 89 31 32767 32767 26 55 32 
44 32767 16 15 24 70 32767 91 52 69 23 67 31 69 
69 16 32767 19 83 81 23 34 48 64 45 32767 87 32767 
74 15 19 32767 19 27 27 79 51 14 25 13 62 91 
86 24 83 19 32767 27 22 73 75 32767 92 23 76 2 
90 70 81 27 27 32767 98 71 23 21 32767 32767 32 72 
54 32767 23 27 22 98 32767 16 52 85 31 25 20 32767 
89 91 34 79 73 71 16 32767 95 3 15 85 87 83 
31 52 48 51 75 23 52 95 32767 78 40 83 82 73 
32767 69 64 14 32767 21 85 3 78 32767 80 21 71 21 
32767 23 45 25 92 32767 31 15 40 80 32767 95 38 82 
26 67 32767 13 23 32767 25 85 83 21 95 32767 62 14 
55 31 87 62 76 32 20 87 82 71 38 62 32767 45 
32 69 32767 91 2 72 32767 83 73 21 82 14 45 32767 
EOF