DIMENSION: 14
EDGE_WEIGHT_TYPE: EXPLICIT
EDGE_WEIGHT_FORMAT: FULL_MATRIX
EDGE_WEIGHT_SECTION:
32767 19 29 30 74 88 33 40 79 32767 93 32 12 99 
19 32767 78 10 100 82 11 71 1 33 51 32767 32767 7 
29 78 32767 32767 52 29 89 68 30 55 32767 37 71 2 
30 10 32767 32767 39 60 48 100 88 34 9 65 32767 17 
74 100 52 39 32767 97 28 39 87 31 66 24 35 18 
88 82 29 60 97 32767 97 84 83 15 36 44 42 49 
33 11 89 48 28 97 32767 43 81 51 66 87 39 86 
40 71 68 100 39 84 43 32767 17 57 89 71 85 47 
79 1 30 88 87 83 81 17 32767 9 20 12 96 32767 
32767 33 55 34 31 15 51 57 9 32767 47 59 41 4 
93 51 32767 9 66 36 66 89 20 47 32767 85 30 20 
32 32767 37 65 24 44 87 71 12 59 85 32767 7 4 
12 32767 71 32767 35 42 39 85 96 41 30 7 32767 95 
99 7 2 17 18 49 86 47 32767 4 20 4 95 32767 
EOF