DIMENSION: 14
EDGE_WEIGHT_TYPE: EXPLICIT
EDGE_WEIGHT_FORMAT: FULL_MATRIX
EDGE_WEIGHT_SECTION:
32767 45 74 9 78 41 23 99 32767 32767 100 14 32767 3 
45 32767 77 53 65 12 57 32 54 5 84 100 91 55 
74 77 32767 32767 32767 82 5 52 47 99 69 69 7 52 
9 53 32767 32767 95 88 100 50 85 11 94 26 32767 29 
78 65 32767 95 32767 27 32767 89 42 77 13 11 39 36 
41 12 82 88 27 32767 89 33 32767 95 87 83 66 66 
23 57 5 100 32767 89 32767 96 84 40 77 6 2 99 
99 32 52 50 89 33 96 32767 100 40 73 78 22 4 
32767 54 47 85 42 32767 84 100 32767 99 66 64 14 61 
32767 5 99 11 77 95 40 40 99 32767 92 32767 32767 96 
100 84 69 94 13 87 77 73 66 92 32767 13 48 82 
14 100 69 26 11 83 6 78 64 32767 13 32767 48 55 
32767 91 7 32767 39 66 2 22 14 32767 48 48 32767 72 
3 55 52 29 36 66 99 4 61 96 82 55 72 32767 
EOF