DIMENSION: 14
EDGE_WEIGHT_TYPE: EXPLICIT
EDGE_WEIGHT_FORMAT: FULL_MATRIX
EDGE_WEIGHT_SECTION:
32767 31 32767 46 46 40 62 54 77 87 84 77 89 19 
31 32767 59 43 6 100 36 32767 34 61 7 66 96 94 
32767 59 32767 86 98 85 90 39 66 22 56 88 56 45 
46 43 86 32767 33 36 10 53 3 32767 100 87 51 18 
46 6 98 33 32767 24 40 80 64 34 28 21 37 41 
40 100 85 36 24 32767 23 21 98 74 4 94 42 45 
62 36 90 10 40 23 32767 45 32767 60 44 87 68 29 
54 32767 39 53 80 21 45 32767 10 64 72 1 2 99 
77 34 66 3 64 98 32767 10 32767 82 71 15 48 15 
87 61 22 32767 34 74 60 64 82 32767 50 6 51 6 
84 7 56 100 28 4 44 72 71 50 32767 14 82 70 
77 66 88 87 21 94 87 1 15 6 14 32767 58 100 
89 96 56 51 37 42 68 2 48 51 82 58 32767 11 
19 94 45 18 41 45 29 99 15 6 70 100 11 32767 
EOF