DIMENSION: 14
EDGE_WEIGHT_TYPE: EXPLICIT
EDGE_WEIGHT_FORMAT: FULL_MATRIX
EDGE_WEIGHT_SECTION:
32767 47 6 51 16 35 4 69 32767 57 21 21 6 57 
47 32767 16 84 18 62 81 82 74 91 28 27 32767 83 
6 16 32767 31 32767 40 71 32767 86 32767 32767 32767 32767 63 
51 84 31 32767 17 13 95 63 32767 82 93 66 70 61 
16 18 32767 17 32767 65 60 17 99 45 33 51 32767 75 
35 62 40 13 65 32767 75 52 71 81 100 32 36 30 
4 81 71 95 60 75 32767 4 35 70 32767 5 67 37 
69 82 32767 63 17 52 4 32767 82 32 87 92 5 20 
32767 74 86 32767 99 71 35 82 32767 85 62 63 31 15 
57 91 32767 82 45 81 70 32 85 32767 56 19 55 18 
21 28 32767 93 33 100 32767 87 62 56 32767 91 78 73 
21 27 32767 66 51 32 5 92 63 19 91 32767 45 84 
6 32767 32767 70 32767 36 67 5 31 55 78 45 32767 69 
57 83 63 61 75 30 37 20 15 18 73 84 69 32767 
EOF