DIMENSION: 22
EDGE_WEIGHT_TYPE: EXPLICIT
EDGE_WEIGHT_FORMAT: FULL_MATRIX
EDGE_WEIGHT_SECTION:
32767 24 20 39 32767 32767 6 40 35 60 49 11 32767 32767 36 32767 32767 32767 32767 16 32767 39 
24 32767 96 69 32767 23 53 59 58 58 59 51 57 32767 88 51 32767 32767 32767 18 32767 32767 
20 96 32767 22 32767 44 32767 57 26 32767 32767 32767 14 32767 12 63 98 84 32767 32767 57 32767 
39 69 22 32767 47 32767 32767 51 32767 91 65 32767 32767 51 33 94 11 32767 9 12 39 82 
32767 32767 32767 47 32767 32767 80 5 32767 79 72 27 7 32767 32767 32767 32767 20 32767 32767 32767 64 
32767 23 44 32767 32767 32767 32767 89 83 58 32767 32767 32767 32767 71 32767 42 32767 33 32767 32767 32767 
6 53 32767 32767 80 32767 32767 32767 67 32767 71 32767 86 32767 32767 91 96 91 32767 4 59 22 
40 59 57 51 5 89 32767 32767 1 85 16 1 25 95 44 32 32767 58 64 78 50 61 
35 58 26 32767 32767 83 67 1 32767 76 32767 80 95 32767 10 25 97 24 27 79 33 93 
60 58 32767 91 79 58 32767 85 76 32767 89 32767 32767 32767 32767 67 25 46 63 56 34 1 
49 59 32767 65 72 32767 71 16 32767 89 32767 14 32767 32767 78 6 42 32767 32767 24 32767 15 
11 51 32767 32767 27 32767 32767 1 80 32767 14 32767 32767 32767 56 32767 32767 32767 32767 46 72 32767 
32767 57 14 32767 7 32767 86 25 95 32767 32767 32767 32767 6 23 34 40 62 32767 23 16 87 
32767 32767 32767 51 32767 32767 32767 95 32767 32767 32767 32767 6 32767 21 11 33 32767 52 32767 32767 51 
36 88 12 33 32767 71 32767 44 10 32767 78 56 23 21 32767 32767 56 68 68 32767 11 32767 
32767 51 63 94 32767 32767 91 32 25 67 6 32767 34 11 32767 32767 4 27 45 32767 32767 32767 
32767 32767 98 11 32767 42 96 32767 97 25 42 32767 40 33 56 4 32767 32767 32767 73 58 29 
32767 32767 84 32767 20 32767 91 58 24 46 32767 32767 62 32767 68 27 32767 32767 32767 31 19 32767 
32767 32767 32767 9 32767 33 32767 64 27 63 32767 32767 32767 52 68 45 32767 32767 32767 87 67 57 
16 18 32767 12 32767 32767 4 78 79 56 24 46 23 32767 32767 32767 73 31 87 32767 87 81 
32767 32767 57 39 32767 32767 59 50 33 34 32767 72 16 32767 11 32767 58 19 67 87 32767 95 
39 32767 32767 82 64 32767 22 61 93 1 15 32767 87 51 32767 32767 29 32767 57 81 95 32767 
EOF