DIMENSION: 22
EDGE_WEIGHT_TYPE: EXPLICIT
EDGE_WEIGHT_FORMAT: FULL_MATRIX
EDGE_WEIGHT_SECTION:
32767 27 93 32767 32767 65 53 85 95 51 24 17 33 75 90 78 32767 32767 39 32767 31 32767 
27 32767 95 43 50 58 18 60 84 32767 16 32767 51 19 11 52 32767 96 32767 79 32767 74 
93 95 32767 12 32767 7 32767 18 32767 32767 72 60 45 75 22 75 29 6 32767 31 32767 6 
32767 43 12 32767 78 50 31 60 16 1 86 39 21 3 34 32767 32767 32767 21 32767 98 29 
32767 50 32767 78 32767 16 73 48 55 66 43 4 32767 76 17 30 42 32767 14 32767 11 70 
65 58 7 50 16 32767 85 9 47 32767 32767 9 56 2 26 32767 94 60 32767 32767 98 72 
53 18 32767 31 73 85 32767 72 9 78 32767 32767 6 32767 19 98 32767 99 9 32767 32767 30 
85 60 18 60 48 9 72 32767 48 32767 32767 34 36 32767 32767 66 56 37 32767 87 67 32767 
95 84 32767 16 55 47 9 48 32767 98 32767 59 32767 32767 32767 32767 60 32767 56 57 32767 6 
51 32767 32767 1 66 32767 78 32767 98 32767 71 47 32767 32767 50 89 41 17 11 36 35 88 
24 16 72 86 43 32767 32767 32767 32767 71 32767 41 32767 32767 32767 97 32767 88 32767 32767 71 32767 
17 32767 60 39 4 9 32767 34 59 47 41 32767 72 32 32767 75 32767 37 58 32767 84 32767 
33 51 45 21 32767 56 6 36 32767 32767 32767 72 32767 24 67 83 32767 36 76 32767 46 30 
75 19 75 3 76 2 32767 32767 32767 32767 32767 32 24 32767 76 32767 32767 32767 32767 32767 75 7 
90 11 22 34 17 26 19 32767 32767 50 32767 32767 67 76 32767 17 81 32767 19 80 11 88 
78 52 75 32767 30 32767 98 66 32767 89 97 75 83 32767 17 32767 15 51 75 32767 3 32767 
32767 32767 29 32767 42 94 32767 56 60 41 32767 32767 32767 32767 81 15 32767 78 32767 75 32767 81 
32767 96 6 32767 32767 60 99 37 32767 17 88 37 36 32767 32767 51 78 32767 72 32767 53 43 
39 32767 32767 21 14 32767 9 32767 56 11 32767 58 76 32767 19 75 32767 72 32767 32767 32767 64 
32767 79 31 32767 32767 32767 32767 87 57 36 32767 32767 32767 32767 80 32767 75 32767 32767 32767 35 77 
31 32767 32767 98 11 98 32767 67 32767 35 71 84 46 75 11 3 32767 53 32767 35 32767 32767 
32767 74 6 29 70 72 30 32767 6 88 32767 32767 30 7 88 32767 81 43 64 77 32767 32767 
EOF