DIMENSION: 22
EDGE_WEIGHT_TYPE: EXPLICIT
EDGE_WEIGHT_FORMAT: FULL_MATRIX
EDGE_WEIGHT_SECTION:
32767 32767 32767 32767 32767 82 12 93 23 25 32767 32767 42 72 32767 32767 32767 32767 2 32767 93 74 
32767 32767 68 55 32767 28 32767 20 48 32767 53 32767 46 22 67 5 5 32767 50 32767 68 39 
32767 68 32767 70 32767 45 24 31 56 13 80 32767 96 32767 52 87 32767 88 55 54 32767 32767 
32767 55 70 32767 32767 85 32767 32767 88 93 3 48 24 32767 32767 32767 33 32767 92 85 32767 91 
32767 32767 32767 32767 32767 83 32767 37 32767 74 30 32767 32767 96 72 32767 50 32767 9 32767 6 32767 
82 28 45 85 83 32767 32767 73 32767 32767 82 32767 70 80 32767 32767 32767 37 32 32767 32767 32767 
12 32767 24 32767 32767 32767 32767 54 39 68 19 32767 60 75 32767 8 80 62 73 32767 9 5 
93 20 31 32767 37 73 54 32767 30 55 32767 28 81 32767 32767 47 32767 24 5 88 97 32767 
23 48 56 88 32767 32767 39 30 32767 7 32767 32767 97 87 71 32767 42 22 47 34 67 32767 
25 32767 13 93 74 32767 68 55 7 32767 90 32767 55 32767 51 32767 10 52 60 78 11 32767 
32767 53 80 3 30 82 19 32767 32767 90 32767 32767 92 60 32767 45 54 1 6 32767 64 52 
32767 32767 32767 48 32767 32767 32767 28 32767 32767 32767 32767 32767 32767 49 4 77 8 32767 53 50 32767 
42 46 96 24 32767 70 60 81 97 55 92 32767 32767 32767 32767 97 32767 32 53 51 100 6 
72 22 32767 32767 96 80 75 32767 87 32767 60 32767 32767 32767 77 86 32767 46 3 32767 32767 57 
32767 67 52 32767 72 32767 32767 32767 71 51 32767 49 32767 77 32767 62 21 84 32767 94 67 37 
32767 5 87 32767 32767 32767 8 47 32767 32767 45 4 97 86 62 32767 52 61 32767 38 32767 32767 
32767 5 32767 33 50 32767 80 32767 42 10 54 77 32767 32767 21 52 32767 48 43 32767 21 18 
32767 32767 88 32767 32767 37 62 24 22 52 1 8 32 46 84 61 48 32767 23 32767 78 32767 
2 50 55 92 9 32 73 5 47 60 6 32767 53 3 32767 32767 43 23 32767 12 83 72 
32767 32767 54 85 32767 32767 32767 88 34 78 32767 53 51 32767 94 38 32767 32767 12 32767 47 32767 
93 68 32767 32767 6 32767 9 97 67 11 64 50 100 32767 67 32767 21 78 83 47 32767 32767 
74 39 32767 91 32767 32767 5 32767 32767 32767 52 32767 6 57 37 32767 18 32767 72 32767 32767 32767 
EOF