DIMENSION: 22
EDGE_WEIGHT_TYPE: EXPLICIT
EDGE_WEIGHT_FORMAT: FULL_MATRIX
EDGE_WEIGHT_SECTION:
32767 32767 47 32767 32767 32767 37 51 32767 15 32767 16 14 21 29 52 32767 80 41 32767 32767 32767 
32767 32767 94 32767 32767 52 32767 32767 98 32767 53 32767 32767 3 46 77 32767 54 32767 81 32767 27 
47 94 32767 95 53 32767 32767 66 32767 63 75 69 41 32767 86 86 20 92 32767 42 32767 40 
32767 32767 95 32767 32767 92 76 81 1 92 62 32767 2 32767 39 78 32767 32767 69 38 59 1 
32767 32767 53 32767 32767 32767 92 38 32767 32767 32767 32 32767 45 100 32767 44 38 13 32767 81 79 
32767 52 32767 92 32767 32767 32767 17 82 85 64 22 60 32767 23 32767 32767 94 32767 82 32767 94 
37 32767 32767 76 92 32767 32767 32767 32767 32767 57 32767 32767 60 32767 32767 36 17 32767 32767 62 32767 
51 32767 66 81 38 17 32767 32767 10 76 86 37 35 56 32767 80 32767 49 36 32767 32767 34 
32767 98 32767 1 32767 82 32767 10 32767 99 32767 27 85 32767 28 20 32767 32767 29 32767 32767 100 
15 32767 63 92 32767 85 32767 76 99 32767 64 32767 64 32767 63 36 39 32767 89 41 93 32767 
32767 53 75 62 32767 64 57 86 32767 64 32767 32767 77 32767 32767 32767 35 32767 32767 32767 32767 32767 
16 32767 69 32767 32 22 32767 37 27 32767 32767 32767 94 32767 100 32767 87 96 32767 84 46 32767 
14 32767 41 2 32767 60 32767 35 85 64 77 94 32767 3 32767 32767 23 32767 67 92 48 32767 
21 3 32767 32767 45 32767 60 56 32767 32767 32767 32767 3 32767 58 32767 32767 8 32767 94 32767 32767 
29 46 86 39 100 23 32767 32767 28 63 32767 100 32767 58 32767 88 51 32767 28 32767 32767 67 
52 77 86 78 32767 32767 32767 80 20 36 32767 32767 32767 32767 88 32767 79 86 73 32767 32767 73 
32767 32767 20 32767 44 32767 36 32767 32767 39 35 87 23 32767 51 79 32767 96 36 32767 36 32767 
80 54 92 32767 38 94 17 49 32767 32767 32767 96 32767 8 32767 86 96 32767 79 11 32767 32767 
41 32767 32767 69 13 32767 32767 36 29 89 32767 32767 67 32767 28 73 36 79 32767 95 30 32767 
32767 81 42 38 32767 82 32767 32767 32767 41 32767 84 92 94 32767 32767 32767 11 95 32767 32767 6 
32767 32767 32767 59 81 32767 62 32767 32767 93 32767 46 48 32767 32767 32767 36 32767 30 32767 32767 29 
32767 27 40 1 79 94 32767 34 100 32767 32767 32767 32767 32767 67 73 32767 32767 32767 6 29 32767 
EOF