DIMENSION: 22
EDGE_WEIGHT_TYPE: EXPLICIT
EDGE_WEIGHT_FORMAT: FULL_MATRIX
EDGE_WEIGHT_SECTION:
32767 53 75 58 49 80 55 32767 37 63 26 24 32767 60 32767 32767 84 75 32767 27 47 32767 
53 32767 32767 30 32767 82 32767 32767 24 26 91 35 7 54 74 96 32767 32767 32767 88 32767 87 
75 32767 32767 89 52 59 86 32 45 37 94 73 34 32767 30 85 32767 24 32767 62 32767 33 
58 30 89 32767 90 47 32767 30 69 26 97 24 32767 32767 32767 87 19 44 32767 24 26 40 
49 32767 52 90 32767 33 32767 60 32767 49 36 32767 32767 49 32767 32767 70 32767 32767 85 82 32767 
80 82 59 47 33 32767 32767 89 32767 29 85 59 32767 91 32767 27 32767 11 32767 32767 32767 32767 
55 32767 86 32767 32767 32767 32767 7 32767 32767 48 25 60 74 41 95 32767 90 32767 85 9 32767 
32767 32767 32 30 60 89 7 32767 71 32767 64 32767 23 32767 65 37 95 54 58 2 97 32767 
37 24 45 69 32767 32767 32767 71 32767 32767 24 32767 32767 32767 32767 7 32767 32767 15 45 74 32767 
63 26 37 26 49 29 32767 32767 32767 32767 10 32767 9 21 32767 22 100 16 32767 46 32767 32767 
26 91 94 97 36 85 48 64 24 10 32767 33 32767 8 11 51 32767 64 32767 17 32767 32767 
24 35 73 24 32767 59 25 32767 32767 32767 33 32767 32767 62 100 32767 32767 32767 91 32767 30 32767 
32767 7 34 32767 32767 32767 60 23 32767 9 32767 32767 32767 32767 15 73 38 24 46 32767 32 100 
60 54 32767 32767 49 91 74 32767 32767 21 8 62 32767 32767 29 88 32767 32767 31 32767 74 74 
32767 74 30 32767 32767 32767 41 65 32767 32767 11 100 15 29 32767 79 68 33 14 12 32767 9 
32767 96 85 87 32767 27 95 37 7 22 51 32767 73 88 79 32767 52 32767 51 32767 32767 7 
84 32767 32767 19 70 32767 32767 95 32767 100 32767 32767 38 32767 68 52 32767 8 45 32767 18 79 
75 32767 24 44 32767 11 90 54 32767 16 64 32767 24 32767 33 32767 8 32767 32767 84 70 30 
32767 32767 32767 32767 32767 32767 32767 58 15 32767 32767 91 46 31 14 51 45 32767 32767 91 23 2 
27 88 62 24 85 32767 85 2 45 46 17 32767 32767 32767 12 32767 32767 84 91 32767 2 32767 
47 32767 32767 26 82 32767 9 97 74 32767 32767 30 32 74 32767 32767 18 70 23 2 32767 32767 
32767 87 33 40 32767 32767 32767 32767 32767 32767 32767 32767 100 74 9 7 79 30 2 32767 32767 32767 
EOF