DIMENSION: 22
EDGE_WEIGHT_TYPE: EXPLICIT
EDGE_WEIGHT_FORMAT: FULL_MATRIX
EDGE_WEIGHT_SECTION:
32767 32767 38 32767 77 67 64 89 32767 4 17 32767 51 18 7 32767 46 32767 59 68 32767 8 
32767 32767 73 90 32767 67 32767 32767 32767 30 61 32767 81 80 24 32 32767 32767 26 32767 22 32767 
38 73 32767 32767 32767 32767 32767 6 66 36 37 11 28 32767 60 13 32767 32767 2 56 82 32767 
32767 90 32767 32767 32767 32767 32767 32767 9 32767 32767 18 72 45 10 77 32767 6 5 93 73 6 
77 32767 32767 32767 32767 32767 64 32767 32767 7 32767 85 2 7 44 32767 68 32767 32767 22 32767 91 
67 67 32767 32767 32767 32767 12 74 69 32767 5 5 32767 89 32767 42 2 32767 32767 70 32767 32767 
64 32767 32767 32767 64 12 32767 32767 32767 32767 32767 25 79 70 60 82 32767 32767 27 26 83 19 
89 32767 6 32767 32767 74 32767 32767 20 29 32767 90 32767 24 48 98 87 32767 32767 32767 11 69 
32767 32767 66 9 32767 69 32767 20 32767 88 26 91 31 16 54 61 89 32767 32767 40 93 4 
4 30 36 32767 7 32767 32767 29 88 32767 47 56 32767 32767 32767 1 81 32767 25 32767 93 52 
17 61 37 32767 32767 5 32767 32767 26 47 32767 49 41 32767 84 32 50 90 32767 45 32767 21 
32767 32767 11 18 85 5 25 90 91 56 49 32767 32767 32767 32767 66 32767 13 61 32767 32767 32767 
51 81 28 72 2 32767 79 32767 31 32767 41 32767 32767 32767 1 36 32767 67 28 32767 75 1 
18 80 32767 45 7 89 70 24 16 32767 32767 32767 32767 32767 32767 32767 32767 44 81 50 73 32767 
7 24 60 10 44 32767 60 48 54 32767 84 32767 1 32767 32767 25 32767 32767 17 32767 4 32767 
32767 32 13 77 32767 42 82 98 61 1 32 66 36 32767 25 32767 32767 32767 32767 32767 32767 51 
46 32767 32767 32767 68 2 32767 87 89 81 50 32767 32767 32767 32767 32767 32767 32767 81 32767 22 29 
32767 32767 32767 6 32767 32767 32767 32767 32767 32767 90 13 67 44 32767 32767 32767 32767 32767 32767 55 2 
59 26 2 5 32767 32767 27 32767 32767 25 32767 61 28 81 17 32767 81 32767 32767 62 32767 40 
68 32767 56 93 22 70 26 32767 40 32767 45 32767 32767 50 32767 32767 32767 32767 62 32767 13 32767 
32767 22 82 73 32767 32767 83 11 93 93 32767 32767 75 73 4 32767 22 55 32767 13 32767 32767 
8 32767 32767 6 91 32767 19 69 4 52 21 32767 1 32767 32767 51 29 2 40 32767 32767 32767 
EOF