DIMENSION: 14
EDGE_WEIGHT_TYPE: EXPLICIT
EDGE_WEIGHT_FORMAT: FULL_MATRIX
EDGE_WEIGHT_SECTION:
32767 5 17 23 57 85 32767 76 8 90 66 32767 78 44 
5 32767 89 25 4 80 32767 96 37 32767 89 22 32767 36 
17 89 32767 32767 25 18 32767 95 32767 13 30 32767 32767 32767 
23 25 32767 32767 32767 93 32767 32767 32767 48 87 66 32767 32767 
57 4 25 32767 32767 71 78 32767 32767 32767 72 32767 32767 32767 
85 80 18 93 71 32767 64 32767 48 32767 41 32767 57 32767 
32767 32767 32767 32767 78 64 32767 1 32767 18 91 90 1 32767 
76 96 95 32767 32767 32767 1 32767 32767 95 32767 29 56 32767 
8 37 32767 32767 32767 48 32767 32767 32767 91 77 83 32767 32767 
90 32767 13 48 32767 32767 18 95 91 32767 41 32767 10 61 
66 89 30 87 72 41 91 32767 77 41 32767 32767 83 32767 
32767 22 32767 66 32767 32767 90 29 83 32767 32767 32767 35 32767 
78 32767 32767 32767 32767 57 1 56 32767 10 83 35 32767 59 
44 36 32767 32767 32767 32767 32767 32767 32767 61 32767 32767 59 32767 
EOF