DIMENSION: 14
EDGE_WEIGHT_TYPE: EXPLICIT
EDGE_WEIGHT_FORMAT: FULL_MATRIX
EDGE_WEIGHT_SECTION:
32767 90 56 32767 38 32767 30 32767 68 76 9 21 32767 47 
90 32767 82 32767 32767 32767 56 32767 100 32767 7 32767 96 60 
56 82 32767 25 45 77 59 64 66 32767 47 32767 32767 13 
32767 32767 25 32767 9 61 68 32767 32767 14 26 37 88 4 
38 32767 45 9 32767 96 95 34 51 96 70 13 94 51 
32767 32767 77 61 96 32767 32767 23 5 5 32767 32767 32767 8 
30 56 59 68 95 32767 32767 32767 55 11 32767 32767 32767 70 
32767 32767 64 32767 34 23 32767 32767 7 32767 19 32767 32767 71 
68 100 66 32767 51 5 55 7 32767 32767 93 32767 27 85 
76 32767 32767 14 96 5 11 32767 32767 32767 94 55 82 33 
9 7 47 26 70 32767 32767 19 93 94 32767 32767 71 17 
21 32767 32767 37 13 32767 32767 32767 32767 55 32767 32767 22 31 
32767 96 32767 88 94 32767 32767 32767 27 82 71 22 32767 32767 
47 60 13 4 51 8 70 71 85 33 17 31 32767 32767 
EOF