DIMENSION: 14
EDGE_WEIGHT_TYPE: EXPLICIT
EDGE_WEIGHT_FORMAT: FULL_MATRIX
EDGE_WEIGHT_SECTION:
32767 32767 32767 32767 32767 24 32767 9 24 27 78 28 32767 76 
32767 32767 32767 27 12 32767 5 32767 32767 32767 32767 92 68 73 
32767 32767 32767 32767 39 100 7 13 80 61 32767 88 32767 28 
32767 27 32767 32767 6 27 74 63 32767 32767 22 32767 32767 47 
32767 12 39 6 32767 25 32767 32767 91 15 24 43 32767 32767 
24 32767 100 27 25 32767 54 40 83 32767 32767 62 26 32767 
32767 5 7 74 32767 54 32767 81 21 19 32767 59 32767 26 
9 32767 13 63 32767 40 81 32767 68 32767 56 87 53 89 
24 32767 80 32767 91 83 21 68 32767 32767 91 4 32767 39 
27 32767 61 32767 15 32767 19 32767 32767 32767 89 32767 28 2 
78 32767 32767 22 24 32767 32767 56 91 89 32767 15 32767 32767 
28 92 88 32767 43 62 59 87 4 32767 15 32767 93 32767 
32767 68 32767 32767 32767 26 32767 53 32767 28 32767 93 32767 32767 
76 73 28 47 32767 32767 26 89 39 2 32767 32767 32767 32767 
EOF