DIMENSION: 14
EDGE_WEIGHT_TYPE: EXPLICIT
EDGE_WEIGHT_FORMAT: FULL_MATRIX
EDGE_WEIGHT_SECTION:
32767 91 32767 68 32767 21 32767 32767 32767 32767 32767 82 32767 20 
91 32767 32767 14 32767 30 32767 44 32767 46 32767 32767 32767 33 
32767 32767 32767 59 75 94 21 94 32767 32767 73 32767 38 32767 
68 14 59 32767 32767 32767 9 32767 66 32767 40 80 49 90 
32767 32767 75 32767 32767 84 32767 32767 78 61 32767 85 32767 22 
21 30 94 32767 84 32767 92 63 2 18 42 32767 32767 34 
32767 32767 21 9 32767 92 32767 62 30 32767 32767 52 32767 12 
32767 44 94 32767 32767 63 62 32767 32767 48 76 15 10 32767 
32767 32767 32767 66 78 2 30 32767 32767 32767 32767 41 24 29 
32767 46 32767 32767 61 18 32767 48 32767 32767 35 58 65 69 
32767 32767 73 40 32767 42 32767 76 32767 35 32767 6 15 61 
82 32767 32767 80 85 32767 52 15 41 58 6 32767 32767 5 
32767 32767 38 49 32767 32767 32767 10 24 65 15 32767 32767 86 
20 33 32767 90 22 34 12 32767 29 69 61 5 86 32767 
EOF