DIMENSION: 28
EDGE_WEIGHT_TYPE: EXPLICIT
EDGE_WEIGHT_FORMAT: FULL_MATRIX
EDGE_WEIGHT_SECTION:
32767 32767 82 32767 49 32767 21 32767 11 52 87 20 47 75 66 32767 32767 32767 81 37 32767 18 59 86 39 27 39 32767 
32767 32767 32767 32767 84 64 30 32767 32767 32767 32767 49 32767 32767 32767 32767 54 96 12 32767 32767 28 66 77 32767 60 32767 48 
82 32767 32767 46 84 57 11 20 89 32767 36 29 60 64 21 49 95 6 7 81 14 15 80 16 32767 40 95 32767 
32767 32767 46 32767 31 32767 94 47 17 32767 29 95 44 46 44 58 31 32767 90 37 32767 57 100 12 30 37 37 32767 
49 84 84 31 32767 32 49 32767 9 60 77 32767 26 55 66 32767 32767 8 44 32767 21 74 32767 32767 32767 32767 32767 32767 
32767 64 57 32767 32 32767 29 4 32767 32767 29 32767 59 70 9 8 32767 32767 43 75 58 84 27 67 93 32 63 61 
21 30 11 94 49 29 32767 32767 32767 32767 92 32767 32767 32767 32767 30 32 32767 36 32767 32767 32767 32767 32767 26 28 32767 60 
32767 32767 20 47 32767 4 32767 32767 32767 72 49 71 94 32767 53 56 61 32767 48 24 48 32767 73 80 32767 91 44 32767 
11 32767 89 17 9 32767 32767 32767 32767 44 37 32767 32767 9 58 20 34 18 32767 36 32767 88 32767 20 32767 10 84 27 
52 32767 32767 32767 60 32767 32767 72 44 32767 33 62 32767 70 32767 86 75 35 32767 78 32767 96 57 32767 32767 8 21 75 
87 32767 36 29 77 29 92 49 37 33 32767 70 15 45 53 32767 90 38 38 32767 67 64 32767 20 71 32767 32767 52 
20 49 29 95 32767 32767 32767 71 32767 62 70 32767 43 2 32767 84 32767 36 32767 32767 32767 78 30 37 22 32767 55 43 
47 32767 60 44 26 59 32767 94 32767 32767 15 43 32767 2 32767 32767 67 56 32767 73 89 39 39 69 32767 50 90 32767 
75 32767 64 46 55 70 32767 32767 9 70 45 2 2 32767 41 6 5 65 74 7 26 53 29 48 69 35 54 32767 
66 32767 21 44 66 9 32767 53 58 32767 53 32767 32767 41 32767 32 87 32767 97 84 69 93 70 7 24 44 3 32767 
32767 32767 49 58 32767 8 30 56 20 86 32767 84 32767 6 32 32767 72 58 82 32767 32767 32767 88 98 88 88 32767 32767 
32767 54 95 31 32767 32767 32 61 34 75 90 32767 67 5 87 72 32767 54 30 32767 32767 32767 97 26 32767 49 42 1 
32767 96 6 32767 8 32767 32767 32767 18 35 38 36 56 65 32767 58 54 32767 32767 66 48 64 52 23 33 32767 87 77 
81 12 7 90 44 43 36 48 32767 32767 38 32767 32767 74 97 82 30 32767 32767 32767 100 98 78 25 71 97 97 32767 
37 32767 81 37 32767 75 32767 24 36 78 32767 32767 73 7 84 32767 32767 66 32767 32767 96 43 30 32767 32767 24 32767 32767 
32767 32767 14 32767 21 58 32767 48 32767 32767 67 32767 89 26 69 32767 32767 48 100 96 32767 32767 32767 53 33 26 32767 55 
18 28 15 57 74 84 32767 32767 88 96 64 78 39 53 93 32767 32767 64 98 43 32767 32767 18 32767 66 68 65 4 
59 66 80 100 32767 27 32767 73 32767 57 32767 30 39 29 70 88 97 52 78 30 32767 18 32767 94 2 32767 25 82 
86 77 16 12 32767 67 32767 80 20 32767 20 37 69 48 7 98 26 23 25 32767 53 32767 94 32767 96 43 99 50 
39 32767 32767 30 32767 93 26 32767 32767 32767 71 22 32767 69 24 88 32767 33 71 32767 33 66 2 96 32767 4 43 33 
27 60 40 37 32767 32 28 91 10 8 32767 32767 50 35 44 88 49 32767 97 24 26 68 32767 43 4 32767 38 82 
39 32767 95 37 32767 63 32767 44 84 21 32767 55 90 54 3 32767 42 87 97 32767 32767 65 25 99 43 38 32767 87 
32767 48 32767 32767 32767 61 60 32767 27 75 52 43 32767 32767 32767 32767 1 77 32767 32767 55 4 82 50 33 82 87 32767 
EOF