DIMENSION: 28
EDGE_WEIGHT_TYPE: EXPLICIT
EDGE_WEIGHT_FORMAT: FULL_MATRIX
EDGE_WEIGHT_SECTION:
32767 55 24 15 95 91 64 90 52 72 75 60 85 35 32767 32767 1 3 14 32767 80 60 22 32767 75 6 96 6 
55 32767 2 32767 39 8 100 76 32767 31 32767 32767 1 55 15 81 32767 38 61 25 20 32767 32767 41 32767 32767 49 47 
24 2 32767 91 32767 86 32767 92 32767 57 100 32767 18 66 32767 85 32767 43 32767 28 35 12 32767 32767 70 2 32767 32 
15 32767 91 32767 68 71 32767 32767 73 32767 87 16 84 32767 63 33 70 32767 32767 74 54 32767 85 32767 78 32767 17 41 
95 39 32767 68 32767 96 11 32767 94 37 32767 70 32767 73 32767 32767 44 32 78 32767 32767 64 71 32767 92 32767 32767 37 
91 8 86 71 96 32767 47 2 32767 32767 63 95 76 98 72 93 41 32767 95 6 13 16 68 65 32767 19 32767 33 
64 100 32767 32767 11 47 32767 2 79 32767 95 42 26 86 28 59 32767 90 32767 57 50 32767 20 32767 4 15 17 29 
90 76 92 32767 32767 2 2 32767 73 1 55 3 44 55 50 99 64 32767 70 10 22 48 64 95 28 78 70 32 
52 32767 32767 73 94 32767 79 73 32767 59 10 45 72 32767 71 86 39 15 67 32767 22 32767 1 7 32767 32767 13 32767 
72 31 57 32767 37 32767 32767 1 59 32767 56 57 30 53 3 83 24 58 68 13 15 32767 6 23 74 32767 58 32767 
75 32767 100 87 32767 63 95 55 10 56 32767 66 92 51 100 72 32767 25 19 32767 31 32767 32767 25 75 32767 32767 32767 
60 32767 32767 16 70 95 42 3 45 57 66 32767 68 27 75 74 23 71 86 32767 32767 16 32767 58 32767 32767 39 31 
85 1 18 84 32767 76 26 44 72 30 92 68 32767 8 32767 92 69 11 32767 32767 14 98 74 32767 89 16 99 37 
35 55 66 32767 73 98 86 55 32767 53 51 27 8 32767 32767 75 73 56 51 67 17 66 64 32767 32767 32767 52 67 
32767 15 32767 63 32767 72 28 50 71 3 100 75 32767 32767 32767 40 61 32767 49 32767 23 73 76 64 24 91 32767 1 
32767 81 85 33 32767 93 59 99 86 83 72 74 92 75 40 32767 32 27 31 64 65 35 55 78 6 26 73 83 
1 32767 32767 70 44 41 32767 64 39 24 32767 23 69 73 61 32 32767 32767 17 15 37 100 60 98 32767 72 10 2 
3 38 43 32767 32 32767 90 32767 15 58 25 71 11 56 32767 27 32767 32767 90 32767 32767 28 32767 32767 32767 100 32767 68 
14 61 32767 32767 78 95 32767 70 67 68 19 86 32767 51 49 31 17 90 32767 32767 37 32767 32767 88 37 32767 50 82 
32767 25 28 74 32767 6 57 10 32767 13 32767 32767 32767 67 32767 64 15 32767 32767 32767 15 26 65 32767 32767 44 43 18 
80 20 35 54 32767 13 50 22 22 15 31 32767 14 17 23 65 37 32767 37 15 32767 32767 32767 19 74 20 26 98 
60 32767 12 32767 64 16 32767 48 32767 32767 32767 16 98 66 73 35 100 28 32767 26 32767 32767 2 71 32767 37 32767 92 
22 32767 32767 85 71 68 20 64 1 6 32767 32767 74 64 76 55 60 32767 32767 65 32767 2 32767 32767 32767 24 16 7 
32767 41 32767 32767 32767 65 32767 95 7 23 25 58 32767 32767 64 78 98 32767 88 32767 19 71 32767 32767 5 22 32767 95 
75 32767 70 78 92 32767 4 28 32767 74 75 32767 89 32767 24 6 32767 32767 37 32767 74 32767 32767 5 32767 28 91 57 
6 32767 2 32767 32767 19 15 78 32767 32767 32767 32767 16 32767 91 26 72 100 32767 44 20 37 24 22 28 32767 50 32767 
96 49 32767 17 32767 32767 17 70 13 58 32767 39 99 52 32767 73 10 32767 50 43 26 32767 16 32767 91 50 32767 85 
6 47 32 41 37 33 29 32 32767 32767 32767 31 37 67 1 83 2 68 82 18 98 92 7 95 57 32767 85 32767 
EOF