DIMENSION: 28
EDGE_WEIGHT_TYPE: EXPLICIT
EDGE_WEIGHT_FORMAT: FULL_MATRIX
EDGE_WEIGHT_SECTION:
32767 90 33 22 39 32767 100 45 32767 89 32767 85 89 91 32767 81 6 31 25 32767 9 32767 58 32 27 32767 32767 56 
90 32767 19 94 76 6 72 32767 29 32767 1 32767 32767 58 32767 67 95 73 12 60 59 67 75 31 24 32767 4 32767 
33 19 32767 4 47 98 32767 32767 32767 13 35 19 32767 91 75 6 9 32767 32767 5 36 89 38 32767 87 32767 51 32767 
22 94 4 32767 9 93 73 32767 5 26 42 50 66 91 52 32767 41 89 68 32767 32 32767 31 65 39 60 59 74 
39 76 47 9 32767 74 59 31 32767 62 23 32767 32767 45 79 72 32767 32767 32 32767 65 32767 24 85 70 26 32767 89 
32767 6 98 93 74 32767 16 4 32767 32767 38 35 7 32767 32767 32767 85 99 35 4 41 43 26 59 17 63 95 32767 
100 72 32767 73 59 16 32767 32767 2 32767 32767 32767 32767 89 32767 32767 32767 47 40 32767 65 32767 90 81 78 32767 32767 31 
45 32767 32767 32767 31 4 32767 32767 90 82 49 47 25 32767 32767 6 75 32767 79 21 2 85 32767 21 32767 32767 91 11 
32767 29 32767 5 32767 32767 2 90 32767 32767 11 42 85 93 32767 37 66 5 32767 57 2 32767 32767 32767 32767 11 34 74 
89 32767 13 26 62 32767 32767 82 32767 32767 96 32767 90 32767 32767 72 32767 32767 26 57 32767 32767 38 32767 31 32767 44 3 
32767 1 35 42 23 38 32767 49 11 96 32767 2 32767 59 68 32767 32767 28 22 18 57 90 32767 32767 75 32767 32767 95 
85 32767 19 50 32767 35 32767 47 42 32767 2 32767 1 38 17 91 43 32767 34 32767 77 13 11 32767 32767 6 32767 32767 
89 32767 32767 66 32767 7 32767 25 85 90 32767 1 32767 93 89 95 32767 32767 53 77 100 32767 54 12 32 51 51 27 
91 58 91 91 45 32767 89 32767 93 32767 59 38 93 32767 32767 2 59 32767 100 25 89 45 32767 39 32767 43 58 53 
32767 32767 75 52 79 32767 32767 32767 32767 32767 68 17 89 32767 32767 47 66 32767 32767 99 94 10 32767 61 19 63 32767 24 
81 67 6 32767 72 32767 32767 6 37 72 32767 91 95 2 47 32767 40 32767 82 74 32767 14 53 84 24 28 3 7 
6 95 9 41 32767 85 32767 75 66 32767 32767 43 32767 59 66 40 32767 32767 32 55 45 18 42 23 1 15 61 56 
31 73 32767 89 32767 99 47 32767 5 32767 28 32767 32767 32767 32767 32767 32767 32767 32767 84 22 83 53 72 73 8 32767 32767 
25 12 32767 68 32 35 40 79 32767 26 22 34 53 100 32767 82 32 32767 32767 35 4 62 32767 61 43 46 13 86 
32767 60 5 32767 32767 4 32767 21 57 57 18 32767 77 25 99 74 55 84 35 32767 55 10 53 32767 6 38 92 32767 
9 59 36 32 65 41 65 2 2 32767 57 77 100 89 94 32767 45 22 4 55 32767 26 32767 32767 23 6 7 32767 
32767 67 89 32767 32767 43 32767 85 32767 32767 90 13 32767 45 10 14 18 83 62 10 26 32767 4 19 35 32767 32767 32767 
58 75 38 31 24 26 90 32767 32767 38 32767 11 54 32767 32767 53 42 53 32767 53 32767 4 32767 24 8 93 13 32767 
32 31 32767 65 85 59 81 21 32767 32767 32767 32767 12 39 61 84 23 72 61 32767 32767 19 24 32767 83 50 32767 32767 
27 24 87 39 70 17 78 32767 32767 31 75 32767 32 32767 19 24 1 73 43 6 23 35 8 83 32767 18 21 38 
32767 32767 32767 60 26 63 32767 32767 11 32767 32767 6 51 43 63 28 15 8 46 38 6 32767 93 50 18 32767 59 71 
32767 4 51 59 32767 95 32767 91 34 44 32767 32767 51 58 32767 3 61 32767 13 92 7 32767 13 32767 21 59 32767 82 
56 32767 32767 74 89 32767 31 11 74 3 95 32767 27 53 24 7 56 32767 86 32767 32767 32767 32767 32767 38 71 82 32767 
EOF