DIMENSION: 28
EDGE_WEIGHT_TYPE: EXPLICIT
EDGE_WEIGHT_FORMAT: FULL_MATRIX
EDGE_WEIGHT_SECTION:
32767 34 22 15 14 19 12 80 35 2 39 51 32767 50 32767 55 40 7 69 77 32 2 66 71 63 10 56 72 
34 32767 46 8 80 32767 32767 34 44 32767 32767 88 62 60 55 76 32767 32767 33 36 51 16 32767 95 54 57 10 34 
22 46 32767 97 42 32767 21 38 61 32 32767 67 19 15 10 32767 63 7 88 3 65 62 2 46 77 66 32767 85 
15 8 97 32767 32767 3 32767 31 77 32767 7 20 7 15 68 25 10 12 27 32767 76 75 16 91 39 31 32767 22 
14 80 42 32767 32767 32767 28 32767 3 65 32767 26 32767 32767 32767 12 53 32767 32767 32767 41 90 32767 32767 21 93 37 65 
19 32767 32767 3 32767 32767 32767 15 100 32767 99 79 83 28 82 51 78 1 32767 74 55 32767 26 32767 100 40 32767 32767 
12 32767 21 32767 28 32767 32767 2 86 24 32767 32767 32767 32767 85 45 35 38 49 32767 73 85 32767 70 75 32767 28 4 
80 34 38 31 32767 15 2 32767 56 32767 90 32767 26 32767 32767 61 90 37 82 5 32767 29 32767 3 32767 32767 32767 68 
35 44 61 77 3 100 86 56 32767 17 1 32767 31 32767 32767 32767 80 32767 32767 30 81 32767 99 92 22 64 27 53 
2 32767 32 32767 65 32767 24 32767 17 32767 89 64 98 32767 17 10 92 96 40 64 27 32767 32767 12 75 19 50 35 
39 32767 32767 7 32767 99 32767 90 1 89 32767 97 54 59 41 18 100 57 89 94 63 78 32767 32767 32767 1 24 32767 
51 88 67 20 26 79 32767 32767 32767 64 97 32767 28 69 32767 28 64 20 47 32767 89 27 38 73 67 32767 89 22 
32767 62 19 7 32767 83 32767 26 31 98 54 28 32767 32767 32767 91 32767 32767 90 24 5 52 79 92 32767 25 26 7 
50 60 15 15 32767 28 32767 32767 32767 32767 59 69 32767 32767 53 32 51 32767 62 16 7 3 32767 7 61 7 5 32767 
32767 55 10 68 32767 82 85 32767 32767 17 41 32767 32767 53 32767 32767 47 26 32767 30 2 33 34 80 32767 38 92 15 
55 76 32767 25 12 51 45 61 32767 10 18 28 91 32 32767 32767 32767 75 6 15 95 60 21 32767 51 95 82 32767 
40 32767 63 10 53 78 35 90 80 92 100 64 32767 51 47 32767 32767 27 26 32767 31 82 8 71 38 33 9 14 
7 32767 7 12 32767 1 38 37 32767 96 57 20 32767 32767 26 75 27 32767 32767 32767 32767 51 22 32767 63 32767 84 52 
69 33 88 27 32767 32767 49 82 32767 40 89 47 90 62 32767 6 26 32767 32767 21 28 18 39 32767 32767 20 62 65 
77 36 3 32767 32767 74 32767 5 30 64 94 32767 24 16 30 15 32767 32767 21 32767 100 19 19 32767 78 32767 62 47 
32 51 65 76 41 55 73 32767 81 27 63 89 5 7 2 95 31 32767 28 100 32767 32 32767 60 44 32767 32767 32767 
2 16 62 75 90 32767 85 29 32767 32767 78 27 52 3 33 60 82 51 18 19 32 32767 79 21 50 32767 32767 32767 
66 32767 2 16 32767 26 32767 32767 99 32767 32767 38 79 32767 34 21 8 22 39 19 32767 79 32767 54 49 40 32767 32767 
71 95 46 91 32767 32767 70 3 92 12 32767 73 92 7 80 32767 71 32767 32767 32767 60 21 54 32767 39 93 20 79 
63 54 77 39 21 100 75 32767 22 75 32767 67 32767 61 32767 51 38 63 32767 78 44 50 49 39 32767 32767 22 32767 
10 57 66 31 93 40 32767 32767 64 19 1 32767 25 7 38 95 33 32767 20 32767 32767 32767 40 93 32767 32767 32767 32767 
56 10 32767 32767 37 32767 28 32767 27 50 24 89 26 5 92 82 9 84 62 62 32767 32767 32767 20 22 32767 32767 50 
72 34 85 22 65 32767 4 68 53 35 32767 22 7 32767 15 32767 14 52 65 47 32767 32767 32767 79 32767 32767 50 32767 
EOF