DIMENSION: 28
EDGE_WEIGHT_TYPE: EXPLICIT
EDGE_WEIGHT_FORMAT: FULL_MATRIX
EDGE_WEIGHT_SECTION:
32767 44 32767 35 32767 35 44 55 90 31 90 10 21 47 95 74 74 52 72 4 8 40 45 69 8 100 32767 9 
44 32767 45 87 32 8 23 45 3 47 63 10 32 32767 32767 32767 89 32767 32767 32767 32767 57 42 32767 90 42 83 7 
32767 45 32767 41 7 41 72 74 41 97 32767 9 53 60 9 35 2 93 57 79 88 32767 8 77 66 20 31 32767 
35 87 41 32767 25 32767 84 100 32767 32767 97 32767 32767 32767 84 32767 32767 32767 32767 79 6 74 31 32767 52 32767 77 17 
32767 32 7 25 32767 32767 12 63 10 43 53 49 32767 32767 32767 58 17 10 32767 32767 32767 32767 99 89 32767 41 78 86 
35 8 41 32767 32767 32767 25 63 84 1 32767 6 32767 22 32767 20 5 87 98 69 32767 47 32767 84 46 32767 23 70 
44 23 72 84 12 25 32767 32767 62 36 6 32767 25 31 55 47 54 47 74 36 32767 32767 73 32767 32767 66 4 70 
55 45 74 100 63 63 32767 32767 55 21 55 32767 61 75 42 32767 45 60 88 79 32767 76 86 10 80 89 32767 72 
90 3 41 32767 10 84 62 55 32767 32767 99 32767 32767 78 22 51 80 80 32767 32767 76 46 98 96 10 46 8 10 
31 47 97 32767 43 1 36 21 32767 32767 55 83 32767 32767 32767 84 83 32767 90 70 32767 67 14 32767 42 62 32767 21 
90 63 32767 97 53 32767 6 55 99 55 32767 32767 32767 63 13 32767 68 69 35 93 63 94 80 32767 4 32767 37 74 
10 10 9 32767 49 6 32767 32767 32767 83 32767 32767 32767 32767 32767 32767 97 73 23 32767 44 85 32767 32767 44 6 45 67 
21 32 53 32767 32767 32767 25 61 32767 32767 32767 32767 32767 26 32767 88 42 12 32767 60 32767 5 47 32767 54 61 52 32767 
47 32767 60 32767 32767 22 31 75 78 32767 63 32767 26 32767 32767 32767 32767 86 32767 63 5 31 72 32767 32767 32767 32767 8 
95 32767 9 84 32767 32767 55 42 22 32767 13 32767 32767 32767 32767 75 12 60 68 2 84 53 49 32767 63 21 32767 32767 
74 32767 35 32767 58 20 47 32767 51 84 32767 32767 88 32767 75 32767 88 41 76 48 57 32767 32767 61 31 47 32767 32767 
74 89 2 32767 17 5 54 45 80 83 68 97 42 32767 12 88 32767 5 32767 32767 28 58 36 32767 75 58 39 63 
52 32767 93 32767 10 87 47 60 80 32767 69 73 12 86 60 41 5 32767 96 18 32767 63 32767 32767 46 71 26 59 
72 32767 57 32767 32767 98 74 88 32767 90 35 23 32767 32767 68 76 32767 96 32767 51 100 3 13 74 9 42 32767 9 
4 32767 79 79 32767 69 36 79 32767 70 93 32767 60 63 2 48 32767 18 51 32767 32767 37 63 32767 8 94 85 20 
8 32767 88 6 32767 32767 32767 32767 76 32767 63 44 32767 5 84 57 28 32767 100 32767 32767 76 41 32767 57 7 57 46 
40 57 32767 74 32767 47 32767 76 46 67 94 85 5 31 53 32767 58 63 3 37 76 32767 97 59 32767 47 90 35 
45 42 8 31 99 32767 73 86 98 14 80 32767 47 72 49 32767 36 32767 13 63 41 97 32767 50 10 32767 81 80 
69 32767 77 32767 89 84 32767 10 96 32767 32767 32767 32767 32767 32767 61 32767 32767 74 32767 32767 59 50 32767 66 4 75 7 
8 90 66 52 32767 46 32767 80 10 42 4 44 54 32767 63 31 75 46 9 8 57 32767 10 66 32767 28 33 9 
100 42 20 32767 41 32767 66 89 46 62 32767 6 61 32767 21 47 58 71 42 94 7 47 32767 4 28 32767 32767 87 
32767 83 31 77 78 23 4 32767 8 32767 37 45 52 32767 32767 32767 39 26 32767 85 57 90 81 75 33 32767 32767 36 
9 7 32767 17 86 70 70 72 10 21 74 67 32767 8 32767 32767 63 59 9 20 46 35 80 7 9 87 36 32767 
EOF