DIMENSION: 28
EDGE_WEIGHT_TYPE: EXPLICIT
EDGE_WEIGHT_FORMAT: FULL_MATRIX
EDGE_WEIGHT_SECTION:
32767 4 29 47 84 28 38 60 48 32767 65 42 38 25 26 32767 32767 53 70 32767 20 80 30 32767 19 37 32767 32767 
4 32767 45 63 32767 32767 49 61 55 92 32767 13 32767 32767 65 88 27 65 53 51 66 32767 3 57 51 29 91 63 
29 45 32767 32767 27 17 40 89 20 5 32767 8 42 71 86 51 32767 32767 32767 86 7 87 41 76 10 45 20 4 
47 63 32767 32767 9 90 93 32767 32767 88 32767 67 51 32767 19 49 61 38 91 32767 62 32767 10 79 37 36 89 87 
84 32767 27 9 32767 41 4 13 67 32767 79 23 83 32767 45 32767 6 32767 4 62 39 13 8 21 32767 32767 32767 32767 
28 32767 17 90 41 32767 32767 70 32767 92 24 23 39 25 32767 32767 43 70 46 32767 32767 91 32767 9 100 32767 21 54 
38 49 40 93 4 32767 32767 77 32767 32767 32767 97 72 32767 3 32767 72 58 100 48 77 32767 28 54 11 59 88 42 
60 61 89 32767 13 70 77 32767 17 59 54 99 33 76 42 32767 70 97 92 68 59 49 14 32767 1 75 21 32767 
48 55 20 32767 67 32767 32767 17 32767 72 32767 13 32767 32767 32767 32767 32767 32767 32767 32767 17 8 46 56 99 85 32767 32767 
32767 92 5 88 32767 92 32767 59 72 32767 11 38 52 32767 17 32767 74 72 32767 60 14 100 41 76 87 23 59 48 
65 32767 32767 32767 79 24 32767 54 32767 11 32767 70 95 32767 11 97 33 89 80 44 32 66 91 54 74 4 39 27 
42 13 8 67 23 23 97 99 13 38 70 32767 42 33 32767 81 32767 1 12 8 54 23 6 23 58 32767 32767 54 
38 32767 42 51 83 39 72 33 32767 52 95 42 32767 8 32767 32767 65 53 32767 32767 95 20 58 64 18 33 3 86 
25 32767 71 32767 32767 25 32767 76 32767 32767 32767 33 8 32767 55 25 33 39 32767 4 33 19 32767 32767 96 53 32767 67 
26 65 86 19 45 32767 3 42 32767 17 11 32767 32767 55 32767 32767 100 32767 6 90 91 19 32767 10 79 32767 12 82 
32767 88 51 49 32767 32767 32767 32767 32767 32767 97 81 32767 25 32767 32767 91 83 82 96 47 32767 32767 46 32767 32767 17 50 
32767 27 32767 61 6 43 72 70 32767 74 33 32767 65 33 100 91 32767 30 96 32767 60 32767 32767 32767 76 32767 32767 95 
53 65 32767 38 32767 70 58 97 32767 72 89 1 53 39 32767 83 30 32767 32767 32767 56 10 75 32767 32767 43 32767 32767 
70 53 32767 91 4 46 100 92 32767 32767 80 12 32767 32767 6 82 96 32767 32767 66 91 73 25 32767 17 32 32767 32767 
32767 51 86 32767 62 32767 48 68 32767 60 44 8 32767 4 90 96 32767 32767 66 32767 45 32767 35 32767 44 48 40 45 
20 66 7 62 39 32767 77 59 17 14 32 54 95 33 91 47 60 56 91 45 32767 32767 88 51 32767 75 74 50 
80 32767 87 32767 13 91 32767 49 8 100 66 23 20 19 19 32767 32767 10 73 32767 32767 32767 32767 33 32767 74 32767 32 
30 3 41 10 8 32767 28 14 46 41 91 6 58 32767 32767 32767 32767 75 25 35 88 32767 32767 12 13 52 84 32767 
32767 57 76 79 21 9 54 32767 56 76 54 23 64 32767 10 46 32767 32767 32767 32767 51 33 12 32767 2 32767 32767 66 
19 51 10 37 32767 100 11 1 99 87 74 58 18 96 79 32767 76 32767 17 44 32767 32767 13 2 32767 39 22 55 
37 29 45 36 32767 32767 59 75 85 23 4 32767 33 53 32767 32767 32767 43 32 48 75 74 52 32767 39 32767 6 32767 
32767 91 20 89 32767 21 88 21 32767 59 39 32767 3 32767 12 17 32767 32767 32767 40 74 32767 84 32767 22 6 32767 97 
32767 63 4 87 32767 54 42 32767 32767 48 27 54 86 67 82 50 95 32767 32767 45 50 32 32767 66 55 32767 97 32767 
EOF