DIMENSION: 28
EDGE_WEIGHT_TYPE: EXPLICIT
EDGE_WEIGHT_FORMAT: FULL_MATRIX
EDGE_WEIGHT_SECTION:
32767 17 37 32767 27 92 32767 63 16 48 15 11 81 32767 32767 32767 32767 30 76 87 10 99 1 77 32767 91 13 90 
17 32767 17 96 32767 32767 32767 30 32767 59 32767 10 30 32767 32767 57 77 32767 74 88 77 32767 93 18 38 65 32767 28 
37 17 32767 13 88 46 100 15 32767 32767 78 25 13 94 45 32767 13 77 70 4 32767 69 57 44 32767 10 32767 8 
32767 96 13 32767 71 32767 32767 85 70 40 32767 90 70 76 58 46 32767 32767 39 32767 48 32767 8 32767 92 32767 28 23 
27 32767 88 71 32767 36 2 32767 24 79 45 32767 88 4 97 77 2 52 27 69 17 32767 52 69 43 17 40 17 
92 32767 46 32767 36 32767 48 36 34 54 94 1 68 32767 32767 89 32767 40 32767 21 32767 37 32767 97 32767 32767 32767 10 
32767 32767 100 32767 2 48 32767 23 78 99 76 86 92 36 32767 75 32767 32767 98 83 98 36 80 80 99 82 83 32767 
63 30 15 85 32767 36 23 32767 94 44 47 32767 48 32767 32767 52 65 73 32767 60 48 16 82 33 83 32767 32767 72 
16 32767 32767 70 24 34 78 94 32767 64 32767 20 33 32767 36 38 27 42 32767 32767 22 32767 56 24 32767 59 32767 30 
48 59 32767 40 79 54 99 44 64 32767 25 86 16 11 5 78 32767 28 32767 13 56 98 32767 74 48 36 32767 46 
15 32767 78 32767 45 94 76 47 32767 25 32767 12 32767 79 44 32767 32767 96 4 6 88 32767 1 55 32767 32767 32767 70 
11 10 25 90 32767 1 86 32767 20 86 12 32767 73 32767 32767 32767 93 25 85 55 32767 42 13 32767 100 81 32767 32767 
81 30 13 70 88 68 92 48 33 16 32767 73 32767 65 32767 32767 33 1 32767 32767 13 51 75 31 31 70 34 71 
32767 32767 94 76 4 32767 36 32767 32767 11 79 32767 65 32767 82 85 32767 1 32767 30 32767 82 32767 43 85 71 32767 32767 
32767 32767 45 58 97 32767 32767 32767 36 5 44 32767 32767 82 32767 39 32767 32767 95 28 43 32767 32767 17 32 49 92 94 
32767 57 32767 46 77 89 75 52 38 78 32767 32767 32767 85 39 32767 80 32767 32767 32767 66 32767 18 24 76 53 34 32767 
32767 77 13 32767 2 32767 32767 65 27 32767 32767 93 33 32767 32767 80 32767 49 85 57 32767 21 75 32767 32767 3 32767 35 
30 32767 77 32767 52 40 32767 73 42 28 96 25 1 1 32767 32767 49 32767 52 32767 67 100 32767 32767 49 100 73 32767 
76 74 70 39 27 32767 98 32767 32767 32767 4 85 32767 32767 95 32767 85 52 32767 32767 34 28 38 32767 14 74 32767 9 
87 88 4 32767 69 21 83 60 32767 13 6 55 32767 30 28 32767 57 32767 32767 32767 85 33 32767 32 32767 36 42 9 
10 77 32767 48 17 32767 98 48 22 56 88 32767 13 32767 43 66 32767 67 34 85 32767 12 41 31 32767 32767 23 34 
99 32767 69 32767 32767 37 36 16 32767 98 32767 42 51 82 32767 32767 21 100 28 33 12 32767 32767 69 55 32767 32767 76 
1 93 57 8 52 32767 80 82 56 32767 1 13 75 32767 32767 18 75 32767 38 32767 41 32767 32767 32767 60 56 32767 49 
77 18 44 32767 69 97 80 33 24 74 55 32767 31 43 17 24 32767 32767 32767 32 31 69 32767 32767 57 93 32767 41 
32767 38 32767 92 43 32767 99 83 32767 48 32767 100 31 85 32 76 32767 49 14 32767 32767 55 60 57 32767 75 32767 49 
91 65 10 32767 17 32767 82 32767 59 36 32767 81 70 71 49 53 3 100 74 36 32767 32767 56 93 75 32767 48 58 
13 32767 32767 28 40 32767 83 32767 32767 32767 32767 32767 34 32767 92 34 32767 73 32767 42 23 32767 32767 32767 32767 48 32767 50 
90 28 8 23 17 10 32767 72 30 46 70 32767 71 32767 94 32767 35 32767 9 9 34 76 49 41 49 58 50 32767 
EOF