DIMENSION: 28
EDGE_WEIGHT_TYPE: EXPLICIT
EDGE_WEIGHT_FORMAT: FULL_MATRIX
EDGE_WEIGHT_SECTION:
32767 86 32767 34 100 29 32767 11 32767 75 93 91 18 9 15 32767 78 32767 32767 32767 33 32767 66 9 51 98 76 88 
86 32767 32767 92 45 32767 32767 67 32767 60 32767 7 32767 39 12 79 67 35 94 32767 81 32767 32767 46 32 32767 32767 32767 
32767 32767 32767 32767 10 90 66 7 32767 14 76 32767 32767 47 71 32767 29 32767 32767 83 23 66 73 60 95 58 100 66 
34 92 32767 32767 32767 32767 37 44 20 25 15 32767 32767 22 30 39 66 67 32767 25 74 30 30 14 70 50 5 32767 
100 45 10 32767 32767 63 10 16 75 44 3 52 39 51 45 57 94 92 36 78 57 32767 32767 28 9 72 42 32767 
29 32767 90 32767 63 32767 46 5 32767 84 32767 40 32767 78 32767 13 32767 32767 32767 69 32767 96 32767 49 32767 32767 32767 74 
32767 32767 66 37 10 46 32767 70 32767 32767 61 32767 52 35 32767 34 76 40 82 92 60 78 51 19 32767 40 32767 15 
11 67 7 44 16 5 70 32767 61 32767 98 50 32767 43 32767 34 37 32767 66 17 87 14 42 96 25 13 32767 34 
32767 32767 32767 20 75 32767 32767 61 32767 46 93 32767 76 11 31 32767 48 96 32767 62 15 26 2 32767 14 32767 32767 27 
75 60 14 25 44 84 32767 32767 46 32767 81 96 32767 32767 20 20 31 29 32767 87 18 93 15 32767 90 37 57 32767 
93 32767 76 15 3 32767 61 98 93 81 32767 90 55 79 32767 32767 15 64 55 96 79 32767 23 12 6 27 32767 36 
91 7 32767 32767 52 40 32767 50 32767 96 90 32767 32767 25 71 32767 32767 92 80 32767 16 54 68 32767 65 33 75 80 
18 32767 32767 32767 39 32767 52 32767 76 32767 55 32767 32767 31 32767 32767 3 32767 73 47 32767 98 32767 11 32767 32767 48 48 
9 39 47 22 51 78 35 43 11 32767 79 25 31 32767 55 55 80 14 75 32767 13 88 26 88 32767 32767 37 100 
15 12 71 30 45 32767 32767 32767 31 20 32767 71 32767 55 32767 82 22 15 27 2 32767 46 32767 73 32767 37 99 2 
32767 79 32767 39 57 13 34 34 32767 20 32767 32767 32767 55 82 32767 32767 32767 32767 54 42 31 32767 32767 48 99 54 32767 
78 67 29 66 94 32767 76 37 48 31 15 32767 3 80 22 32767 32767 58 7 32767 79 58 32767 35 32767 51 12 32767 
32767 35 32767 67 92 32767 40 32767 96 29 64 92 32767 14 15 32767 58 32767 32767 8 81 69 61 53 71 23 93 89 
32767 94 32767 32767 36 32767 82 66 32767 32767 55 80 73 75 27 32767 7 32767 32767 71 32767 32767 32 32767 82 16 99 32767 
32767 32767 83 25 78 69 92 17 62 87 96 32767 47 32767 2 54 32767 8 71 32767 32767 53 85 32767 32767 33 25 76 
33 81 23 74 57 32767 60 87 15 18 79 16 32767 13 32767 42 79 81 32767 32767 32767 32767 32767 32767 86 29 32767 32767 
32767 32767 66 30 32767 96 78 14 26 93 32767 54 98 88 46 31 58 69 32767 53 32767 32767 2 94 32767 31 32767 27 
66 32767 73 30 32767 32767 51 42 2 15 23 68 32767 26 32767 32767 32767 61 32 85 32767 2 32767 34 70 85 49 49 
9 46 60 14 28 49 19 96 32767 32767 12 32767 11 88 73 32767 35 53 32767 32767 32767 94 34 32767 61 32767 55 71 
51 32 95 70 9 32767 32767 25 14 90 6 65 32767 32767 32767 48 32767 71 82 32767 86 32767 70 61 32767 52 60 37 
98 32767 58 50 72 32767 40 13 32767 37 27 33 32767 32767 37 99 51 23 16 33 29 31 85 32767 52 32767 32767 5 
76 32767 100 5 42 32767 32767 32767 32767 57 32767 75 48 37 99 54 12 93 99 25 32767 32767 49 55 60 32767 32767 87 
88 32767 66 32767 32767 74 15 34 27 32767 36 80 48 100 2 32767 32767 89 32767 76 32767 27 49 71 37 5 87 32767 
EOF