DIMENSION: 28
EDGE_WEIGHT_TYPE: EXPLICIT
EDGE_WEIGHT_FORMAT: FULL_MATRIX
EDGE_WEIGHT_SECTION:
32767 32767 69 8 44 32767 32767 17 32767 32767 71 1 16 68 59 81 15 32767 93 41 32767 33 29 7 52 93 95 69 
32767 32767 25 68 32767 32767 57 32767 72 32767 32767 72 42 21 32767 1 30 56 98 37 32767 13 69 32767 47 67 88 32767 
69 25 32767 3 1 1 72 32767 32767 44 60 78 53 62 98 74 28 32767 32767 32767 32767 55 19 32767 19 95 32767 99 
8 68 3 32767 32 32767 32767 75 5 14 32767 39 96 32767 38 7 32767 32767 98 48 32767 32767 80 60 32767 56 89 75 
44 32767 1 32 32767 70 44 72 36 29 84 32767 60 34 32767 88 29 50 32767 57 32767 60 24 15 32767 32767 10 64 
32767 32767 1 32767 70 32767 17 32767 32767 58 75 83 32767 63 8 32767 64 9 32767 32767 56 51 32767 60 72 87 61 28 
32767 57 72 32767 44 17 32767 54 32767 68 40 9 35 9 32767 13 1 77 40 67 32767 32767 32767 32767 85 90 55 57 
17 32767 32767 75 72 32767 54 32767 32767 82 53 32767 32767 32767 32767 26 32767 61 81 32767 99 35 96 87 20 62 32767 70 
32767 72 32767 5 36 32767 32767 32767 32767 67 32767 34 12 8 84 50 76 32767 74 81 13 15 82 32767 71 2 94 67 
32767 32767 44 14 29 58 68 82 67 32767 62 75 20 64 32767 92 32767 32767 32767 85 99 32767 70 32767 3 32767 32767 32767 
71 32767 60 32767 84 75 40 53 32767 62 32767 74 40 7 27 41 32767 62 34 32767 50 81 32767 79 90 7 11 48 
1 72 78 39 32767 83 9 32767 34 75 74 32767 61 23 48 32767 26 32767 32767 46 53 32767 55 43 32767 21 8 32767 
16 42 53 96 60 32767 35 32767 12 20 40 61 32767 32767 32767 51 75 39 32767 38 71 26 31 67 32767 82 32767 32767 
68 21 62 32767 34 63 9 32767 8 64 7 23 32767 32767 38 97 32767 32767 6 32767 9 32767 32767 15 51 38 32767 64 
59 32767 98 38 32767 8 32767 32767 84 32767 27 48 32767 38 32767 98 40 32767 73 32767 48 3 53 74 56 32767 32767 42 
81 1 74 7 88 32767 13 26 50 92 41 32767 51 97 98 32767 99 92 76 18 37 77 48 48 32767 32767 32767 52 
15 30 28 32767 29 64 1 32767 76 32767 32767 26 75 32767 40 99 32767 32767 82 42 32767 12 56 32767 32767 97 69 32767 
32767 56 32767 32767 50 9 77 61 32767 32767 62 32767 39 32767 32767 92 32767 32767 60 32767 32767 25 32767 72 32767 19 51 78 
93 98 32767 98 32767 32767 40 81 74 32767 34 32767 32767 6 73 76 82 60 32767 77 20 83 46 10 84 59 32767 32767 
41 37 32767 48 57 32767 67 32767 81 85 32767 46 38 32767 32767 18 42 32767 77 32767 32767 23 68 59 32767 10 38 32767 
32767 32767 32767 32767 32767 56 32767 99 13 99 50 53 71 9 48 37 32767 32767 20 32767 32767 68 52 62 32767 54 60 32767 
33 13 55 32767 60 51 32767 35 15 32767 81 32767 26 32767 3 77 12 25 83 23 68 32767 95 32767 42 61 32767 70 
29 69 19 80 24 32767 32767 96 82 70 32767 55 31 32767 53 48 56 32767 46 68 52 95 32767 32767 80 5 10 100 
7 32767 32767 60 15 60 32767 87 32767 32767 79 43 67 15 74 48 32767 72 10 59 62 32767 32767 32767 62 87 56 24 
52 47 19 32767 32767 72 85 20 71 3 90 32767 32767 51 56 32767 32767 32767 84 32767 32767 42 80 62 32767 18 27 30 
93 67 95 56 32767 87 90 62 2 32767 7 21 82 38 32767 32767 97 19 59 10 54 61 5 87 18 32767 32767 24 
95 88 32767 89 10 61 55 32767 94 32767 11 8 32767 32767 32767 32767 69 51 32767 38 60 32767 10 56 27 32767 32767 97 
69 32767 99 75 64 28 57 70 67 32767 48 32767 32767 64 42 52 32767 78 32767 32767 32767 70 100 24 30 24 97 32767 
EOF