DIMENSION: 28
EDGE_WEIGHT_TYPE: EXPLICIT
EDGE_WEIGHT_FORMAT: FULL_MATRIX
EDGE_WEIGHT_SECTION:
32767 78 43 32767 32767 81 32767 12 32767 85 51 32 50 15 51 46 23 32767 90 52 35 98 32767 2 32767 32767 32767 49 
78 32767 32767 20 3 32767 32767 32767 17 93 71 43 22 32767 56 32767 98 89 32 50 65 99 9 93 32767 9 10 99 
43 32767 32767 32767 32767 32767 64 72 84 32767 24 81 32767 13 20 100 32767 92 32767 52 56 32767 98 45 12 86 28 32767 
32767 20 32767 32767 32767 32767 23 32767 35 32767 97 77 27 24 32767 31 100 5 94 36 56 85 32767 2 77 6 29 97 
32767 3 32767 32767 32767 80 32767 32767 53 38 57 65 32767 32767 88 88 32767 32767 20 8 10 32767 90 58 97 89 85 32767 
81 32767 32767 32767 80 32767 46 58 32767 68 94 29 38 32767 16 32767 77 79 1 15 32767 3 56 41 54 63 32767 56 
32767 32767 64 23 32767 46 32767 32767 36 15 32767 32767 23 32767 32767 69 32767 56 11 32767 11 32767 32767 32767 32767 32767 32767 32767 
12 32767 72 32767 32767 58 32767 32767 65 16 39 32767 90 42 32767 53 49 34 32767 45 68 12 32767 32767 66 32767 78 32767 
32767 17 84 35 53 32767 36 65 32767 32767 32767 87 78 54 32767 32767 23 35 44 32767 88 45 35 56 79 32767 56 73 
85 93 32767 32767 38 68 15 16 32767 32767 54 64 34 54 56 82 32767 32767 32767 56 32767 32767 11 13 32767 32767 32767 46 
51 71 24 97 57 94 32767 39 32767 54 32767 18 99 29 6 32767 32767 86 32767 20 16 19 32767 32767 75 68 32767 89 
32 43 81 77 65 29 32767 32767 87 64 18 32767 32767 86 39 32767 32767 37 67 76 36 62 1 32767 19 64 74 12 
50 22 32767 27 32767 38 23 90 78 34 99 32767 32767 31 92 89 91 97 33 22 14 70 32767 29 89 1 46 14 
15 32767 13 24 32767 32767 32767 42 54 54 29 86 31 32767 32767 77 32767 69 32767 38 48 13 24 32767 89 87 95 53 
51 56 20 32767 88 16 32767 32767 32767 56 6 39 92 32767 32767 46 32767 91 91 13 93 36 27 19 10 5 69 25 
46 32767 100 31 88 32767 69 53 32767 82 32767 32767 89 77 46 32767 56 32767 32767 32767 84 56 58 100 73 28 54 74 
23 98 32767 100 32767 77 32767 49 23 32767 32767 32767 91 32767 32767 56 32767 9 91 32767 76 72 14 47 2 46 52 78 
32767 89 92 5 32767 79 56 34 35 32767 86 37 97 69 91 32767 9 32767 58 32767 76 32 31 32767 32767 4 33 79 
90 32 32767 94 20 1 11 32767 44 32767 32767 67 33 32767 91 32767 91 58 32767 32767 31 9 32767 32767 25 30 32767 8 
52 50 52 36 8 15 32767 45 32767 56 20 76 22 38 13 32767 32767 32767 32767 32767 84 32767 59 8 32767 65 32767 68 
35 65 56 56 10 32767 11 68 88 32767 16 36 14 48 93 84 76 76 31 84 32767 22 32767 17 32767 25 88 32767 
98 99 32767 85 32767 3 32767 12 45 32767 19 62 70 13 36 56 72 32 9 32767 22 32767 32767 32767 3 95 32767 32767 
32767 9 98 32767 90 56 32767 32767 35 11 32767 1 32767 24 27 58 14 31 32767 59 32767 32767 32767 86 89 63 1 32767 
2 93 45 2 58 41 32767 32767 56 13 32767 32767 29 32767 19 100 47 32767 32767 8 17 32767 86 32767 90 34 72 31 
32767 32767 12 77 97 54 32767 66 79 32767 75 19 89 89 10 73 2 32767 25 32767 32767 3 89 90 32767 27 90 55 
32767 9 86 6 89 63 32767 32767 32767 32767 68 64 1 87 5 28 46 4 30 65 25 95 63 34 27 32767 79 70 
32767 10 28 29 85 32767 32767 78 56 32767 32767 74 46 95 69 54 52 33 32767 32767 88 32767 1 72 90 79 32767 69 
49 99 32767 97 32767 56 32767 32767 73 46 89 12 14 53 25 74 78 79 8 68 32767 32767 32767 31 55 70 69 32767 
EOF