DIMENSION: 18
EDGE_WEIGHT_TYPE: EXPLICIT
EDGE_WEIGHT_FORMAT: FULL_MATRIX
EDGE_WEIGHT_SECTION:
32767 37 56 73 1 58 89 32767 32767 32767 42 69 96 5 71 32767 56 23 
37 32767 60 32767 16 68 11 38 62 91 82 32767 32767 32767 84 49 100 48 
56 60 32767 26 16 85 4 78 53 74 64 52 89 62 79 32767 80 32767 
73 32767 26 32767 19 73 88 33 32767 88 80 70 49 97 82 32767 16 33 
1 16 16 19 32767 79 32767 97 44 46 2 76 35 90 32767 59 34 43 
58 68 85 73 79 32767 22 32 32767 16 77 32767 74 32767 88 99 69 32767 
89 11 4 88 32767 22 32767 32767 88 20 32767 32767 59 60 32767 32767 31 32767 
32767 38 78 33 97 32 32767 32767 32767 52 65 23 74 87 32767 32767 97 9 
32767 62 53 32767 44 32767 88 32767 32767 67 32767 32767 45 33 19 32767 32767 25 
32767 91 74 88 46 16 20 52 67 32767 96 48 32767 32767 14 32767 100 32767 
42 82 64 80 2 77 32767 65 32767 96 32767 6 32767 32767 32767 32767 93 32767 
69 32767 52 70 76 32767 32767 23 32767 48 6 32767 37 28 32767 88 24 32767 
96 32767 89 49 35 74 59 74 45 32767 32767 37 32767 32767 92 82 88 53 
5 32767 62 97 90 32767 60 87 33 32767 32767 28 32767 32767 95 32767 32767 32767 
71 84 79 82 32767 88 32767 32767 19 14 32767 32767 92 95 32767 1 32767 67 
32767 49 32767 32767 59 99 32767 32767 32767 32767 32767 88 82 32767 1 32767 44 99 
56 100 80 16 34 69 31 97 32767 100 93 24 88 32767 32767 44 32767 89 
23 48 32767 33 43 32767 32767 9 25 32767 32767 32767 53 32767 67 99 89 32767 
EOF