DIMENSION: 18
EDGE_WEIGHT_TYPE: EXPLICIT
EDGE_WEIGHT_FORMAT: FULL_MATRIX
EDGE_WEIGHT_SECTION:
32767 39 32767 15 8 21 23 78 34 32767 32767 32767 73 12 32767 34 6 32767 
39 32767 83 32767 73 15 41 41 62 32767 32767 3 13 85 97 90 38 75 
32767 83 32767 61 26 32767 50 66 17 29 53 13 45 32767 32767 32767 34 38 
15 32767 61 32767 56 50 18 42 78 32767 2 32767 19 32767 100 2 32767 98 
8 73 26 56 32767 53 11 31 61 32767 62 40 60 100 32767 32767 32767 32767 
21 15 32767 50 53 32767 72 73 32767 32767 35 24 73 32767 11 39 56 84 
23 41 50 18 11 72 32767 53 33 32767 32767 19 50 29 56 93 38 32767 
78 41 66 42 31 73 53 32767 32767 38 8 15 22 58 32767 32767 62 100 
34 62 17 78 61 32767 33 32767 32767 17 76 53 32767 8 30 97 44 32767 
32767 32767 29 32767 32767 32767 32767 38 17 32767 88 83 70 29 12 32767 73 32767 
32767 32767 53 2 62 35 32767 8 76 88 32767 90 61 90 32767 27 83 61 
32767 3 13 32767 40 24 19 15 53 83 90 32767 55 32767 38 20 50 32767 
73 13 45 19 60 73 50 22 32767 70 61 55 32767 78 32767 2 10 32767 
12 85 32767 32767 100 32767 29 58 8 29 90 32767 78 32767 51 63 22 44 
32767 97 32767 100 32767 11 56 32767 30 12 32767 38 32767 51 32767 1 32767 61 
34 90 32767 2 32767 39 93 32767 97 32767 27 20 2 63 1 32767 62 56 
6 38 34 32767 32767 56 38 62 44 73 83 50 10 22 32767 62 32767 32767 
32767 75 38 98 32767 84 32767 100 32767 32767 61 32767 32767 44 61 56 32767 32767 
EOF