DIMENSION: 18
EDGE_WEIGHT_TYPE: EXPLICIT
EDGE_WEIGHT_FORMAT: FULL_MATRIX
EDGE_WEIGHT_SECTION:
32767 5 30 32767 13 70 32767 25 47 28 83 38 25 69 7 66 32767 85 
5 32767 32767 81 7 54 75 88 32767 32767 32767 12 80 58 32767 72 53 23 
30 32767 32767 29 3 32767 32767 83 40 32767 32767 32767 31 36 62 32767 93 32767 
32767 81 29 32767 40 70 32767 100 32767 32767 20 32767 83 51 56 48 32767 32767 
13 7 3 40 32767 38 94 23 32767 32767 32767 34 98 32767 98 56 32767 37 
70 54 32767 70 38 32767 75 97 32767 35 32767 76 70 49 32767 31 91 32767 
32767 75 32767 32767 94 75 32767 32767 56 88 9 82 32767 32767 75 24 95 82 
25 88 83 100 23 97 32767 32767 85 48 32767 20 18 6 32767 66 32767 32767 
47 32767 40 32767 32767 32767 56 85 32767 40 52 35 32767 9 72 16 32767 94 
28 32767 32767 32767 32767 35 88 48 40 32767 30 6 65 35 32767 62 32767 32767 
83 32767 32767 20 32767 32767 9 32767 52 30 32767 32767 32767 37 52 84 6 8 
38 12 32767 32767 34 76 82 20 35 6 32767 32767 57 61 17 84 82 27 
25 80 31 83 98 70 32767 18 32767 65 32767 57 32767 34 32 18 92 27 
69 58 36 51 32767 49 32767 6 9 35 37 61 34 32767 81 85 68 9 
7 32767 62 56 98 32767 75 32767 72 32767 52 17 32 81 32767 70 99 32767 
66 72 32767 48 56 31 24 66 16 62 84 84 18 85 70 32767 67 50 
32767 53 93 32767 32767 91 95 32767 32767 32767 6 82 92 68 99 67 32767 92 
85 23 32767 32767 37 32767 82 32767 94 32767 8 27 27 9 32767 50 92 32767 
EOF