DIMENSION: 18
EDGE_WEIGHT_TYPE: EXPLICIT
EDGE_WEIGHT_FORMAT: FULL_MATRIX
EDGE_WEIGHT_SECTION:
32767 66 32767 31 32767 7 54 17 29 32767 28 38 97 32767 13 32767 84 91 
66 32767 44 39 32767 32767 42 28 95 20 31 32767 10 59 33 77 26 80 
32767 44 32767 32767 53 32767 32767 85 32767 79 42 28 53 32767 32767 32767 32767 98 
31 39 32767 32767 40 48 31 62 40 32767 50 32767 87 71 48 50 56 66 
32767 32767 53 40 32767 32767 78 65 58 49 32767 74 90 37 67 11 32767 81 
7 32767 32767 48 32767 32767 18 70 48 32767 30 86 7 6 35 32767 60 26 
54 42 32767 31 78 18 32767 9 32767 32767 40 39 32767 56 35 32767 10 93 
17 28 85 62 65 70 9 32767 44 9 98 16 1 4 51 7 32767 32767 
29 95 32767 40 58 48 32767 44 32767 32767 67 51 33 24 47 89 77 6 
32767 20 79 32767 49 32767 32767 9 32767 32767 78 26 23 32767 1 32767 32767 32767 
28 31 42 50 32767 30 40 98 67 78 32767 4 35 30 95 75 10 32767 
38 32767 28 32767 74 86 39 16 51 26 4 32767 32767 69 30 90 96 67 
97 10 53 87 90 7 32767 1 33 23 35 32767 32767 19 22 54 32767 9 
32767 59 32767 71 37 6 56 4 24 32767 30 69 19 32767 9 69 32767 83 
13 33 32767 48 67 35 35 51 47 1 95 30 22 9 32767 47 44 93 
32767 77 32767 50 11 32767 32767 7 89 32767 75 90 54 69 47 32767 28 86 
84 26 32767 56 32767 60 10 32767 77 32767 10 96 32767 32767 44 28 32767 32767 
91 80 98 66 81 26 93 32767 6 32767 32767 67 9 83 93 86 32767 32767 
EOF