DIMENSION: 18
EDGE_WEIGHT_TYPE: EXPLICIT
EDGE_WEIGHT_FORMAT: FULL_MATRIX
EDGE_WEIGHT_SECTION:
32767 60 97 48 24 90 58 35 32767 7 55 19 28 94 88 32767 20 94 
60 32767 65 23 32767 46 32767 32767 83 42 15 32767 32767 10 20 50 40 32767 
97 65 32767 21 13 40 8 92 60 21 100 60 74 15 69 66 73 48 
48 23 21 32767 16 32767 32767 32767 60 93 1 85 32767 3 67 32767 40 62 
24 32767 13 16 32767 93 4 32767 32767 96 54 32767 82 49 44 32767 31 32767 
90 46 40 32767 93 32767 90 78 21 95 86 38 37 77 32767 45 32767 34 
58 32767 8 32767 4 90 32767 32767 34 99 95 64 70 35 32767 59 40 56 
35 32767 92 32767 32767 78 32767 32767 66 32767 32767 17 91 32767 76 12 60 15 
32767 83 60 60 32767 21 34 66 32767 90 63 52 87 60 32767 56 32767 73 
7 42 21 93 96 95 99 32767 90 32767 32767 66 90 32767 99 32767 32767 91 
55 15 100 1 54 86 95 32767 63 32767 32767 72 47 32767 10 37 10 69 
19 32767 60 85 32767 38 64 17 52 66 72 32767 72 83 32767 38 14 64 
28 32767 74 32767 82 37 70 91 87 90 47 72 32767 32767 14 32767 24 54 
94 10 15 3 49 77 35 32767 60 32767 32767 83 32767 32767 51 59 61 73 
88 20 69 67 44 32767 32767 76 32767 99 10 32767 14 51 32767 92 39 30 
32767 50 66 32767 32767 45 59 12 56 32767 37 38 32767 59 92 32767 45 10 
20 40 73 40 31 32767 40 60 32767 32767 10 14 24 61 39 45 32767 32767 
94 32767 48 62 32767 34 56 15 73 91 69 64 54 73 30 10 32767 32767 
EOF