DIMENSION: 18
EDGE_WEIGHT_TYPE: EXPLICIT
EDGE_WEIGHT_FORMAT: FULL_MATRIX
EDGE_WEIGHT_SECTION:
32767 26 38 50 10 67 33 4 32767 93 32767 32767 34 82 32767 54 17 32767 
26 32767 92 62 32767 7 92 36 32767 32767 70 32767 51 32767 13 32767 23 45 
38 92 32767 32767 73 18 32767 32767 71 32767 77 32767 45 19 32767 32767 71 91 
50 62 32767 32767 33 32767 19 55 11 88 56 32767 53 61 43 32767 32767 32767 
10 32767 73 33 32767 46 32767 33 88 32767 32767 77 39 76 16 32767 76 38 
67 7 18 32767 46 32767 32767 4 32767 32767 18 37 14 32767 99 98 40 2 
33 92 32767 19 32767 32767 32767 8 36 22 32767 32767 72 29 99 89 39 32767 
4 36 32767 55 33 4 8 32767 32767 23 32767 73 99 97 46 27 32767 40 
32767 32767 71 11 88 32767 36 32767 32767 96 73 89 13 32767 1 61 66 32767 
93 32767 32767 88 32767 32767 22 23 96 32767 30 56 32767 100 32767 32767 92 32767 
32767 70 77 56 32767 18 32767 32767 73 30 32767 36 78 30 49 55 9 14 
32767 32767 32767 32767 77 37 32767 73 89 56 36 32767 89 60 32767 89 13 40 
34 51 45 53 39 14 72 99 13 32767 78 89 32767 63 13 1 32767 85 
82 32767 19 61 76 32767 29 97 32767 100 30 60 63 32767 32767 66 75 99 
32767 13 32767 43 16 99 99 46 1 32767 49 32767 13 32767 32767 95 1 16 
54 32767 32767 32767 32767 98 89 27 61 32767 55 89 1 66 95 32767 32767 56 
17 23 71 32767 76 40 39 32767 66 92 9 13 32767 75 1 32767 32767 37 
32767 45 91 32767 38 2 32767 40 32767 32767 14 40 85 99 16 56 37 32767 
EOF