DIMENSION: 18
EDGE_WEIGHT_TYPE: EXPLICIT
EDGE_WEIGHT_FORMAT: FULL_MATRIX
EDGE_WEIGHT_SECTION:
32767 17 57 71 33 42 58 32767 15 24 8 19 32767 72 78 51 68 23 
17 32767 70 4 75 32767 16 84 40 57 44 33 70 86 67 56 32767 84 
57 70 32767 77 15 32767 41 32767 32767 32767 32767 7 56 62 32767 47 99 2 
71 4 77 32767 32767 23 68 32767 32767 92 32767 23 10 32767 18 32767 24 83 
33 75 15 32767 32767 59 19 32767 17 54 32767 76 14 32767 68 32767 37 32767 
42 32767 32767 23 59 32767 98 32767 67 32767 32767 32767 58 2 49 32767 32767 51 
58 16 41 68 19 98 32767 32767 49 76 32767 57 99 17 67 51 32 42 
32767 84 32767 32767 32767 32767 32767 32767 40 3 41 32767 35 5 60 5 32767 22 
15 40 32767 32767 17 67 49 40 32767 47 84 74 32767 32767 69 72 37 9 
24 57 32767 92 54 32767 76 3 47 32767 3 94 32767 13 32767 24 25 32767 
8 44 32767 32767 32767 32767 32767 41 84 3 32767 47 26 38 43 25 9 89 
19 33 7 23 76 32767 57 32767 74 94 47 32767 76 79 54 60 18 72 
32767 70 56 10 14 58 99 35 32767 32767 26 76 32767 47 63 32767 61 43 
72 86 62 32767 32767 2 17 5 32767 13 38 79 47 32767 32767 35 32767 32767 
78 67 32767 18 68 49 67 60 69 32767 43 54 63 32767 32767 90 47 71 
51 56 47 32767 32767 32767 51 5 72 24 25 60 32767 35 90 32767 77 40 
68 32767 99 24 37 32767 32 32767 37 25 9 18 61 32767 47 77 32767 32 
23 84 2 83 32767 51 42 22 9 32767 89 72 43 32767 71 40 32 32767 
EOF