DIMENSION: 18
EDGE_WEIGHT_TYPE: EXPLICIT
EDGE_WEIGHT_FORMAT: FULL_MATRIX
EDGE_WEIGHT_SECTION:
32767 32767 26 74 56 26 96 65 32767 37 32767 32767 35 5 32767 32767 32767 32767 
32767 32767 58 28 45 72 65 48 32767 32767 13 32767 35 50 86 43 95 76 
26 58 32767 67 32767 34 57 28 22 32767 22 31 26 32767 13 84 51 32767 
74 28 67 32767 82 24 73 19 75 39 88 78 32767 51 68 18 3 98 
56 45 32767 82 32767 1 12 32767 84 91 32767 9 58 80 56 43 88 30 
26 72 34 24 1 32767 14 32767 68 32767 6 89 46 5 32767 32767 32767 73 
96 65 57 73 12 14 32767 75 32767 40 30 85 75 75 12 60 54 32767 
65 48 28 19 32767 32767 75 32767 32767 86 67 55 1 32767 1 32767 81 32767 
32767 32767 22 75 84 68 32767 32767 32767 62 78 32767 92 36 32767 32767 94 60 
37 32767 32767 39 91 32767 40 86 62 32767 32767 97 39 89 39 23 32767 17 
32767 13 22 88 32767 6 30 67 78 32767 32767 97 85 39 63 32767 98 97 
32767 32767 31 78 9 89 85 55 32767 97 97 32767 30 32767 97 32767 31 38 
35 35 26 32767 58 46 75 1 92 39 85 30 32767 32767 32767 83 68 43 
5 50 32767 51 80 5 75 32767 36 89 39 32767 32767 32767 32767 4 10 42 
32767 86 13 68 56 32767 12 1 32767 39 63 97 32767 32767 32767 32767 65 60 
32767 43 84 18 43 32767 60 32767 32767 23 32767 32767 83 4 32767 32767 66 88 
32767 95 51 3 88 32767 54 81 94 32767 98 31 68 10 65 66 32767 37 
32767 76 32767 98 30 73 32767 32767 60 17 97 38 43 42 60 88 37 32767 
EOF