DIMENSION: 18
EDGE_WEIGHT_TYPE: EXPLICIT
EDGE_WEIGHT_FORMAT: FULL_MATRIX
EDGE_WEIGHT_SECTION:
32767 100 35 32767 76 32767 41 87 30 32767 32767 84 32767 9 61 63 20 23 
100 32767 63 75 69 17 30 36 31 91 22 60 90 81 32767 32767 32767 10 
35 63 32767 62 32767 95 57 32767 32767 59 32767 94 100 7 32767 32767 35 73 
32767 75 62 32767 32767 32767 32767 63 55 22 32767 69 78 24 32767 26 87 70 
76 69 32767 32767 32767 32767 45 79 50 32767 69 32767 32767 37 32767 32767 71 79 
32767 17 95 32767 32767 32767 32767 61 32767 54 87 66 32767 13 40 32767 41 32767 
41 30 57 32767 45 32767 32767 10 93 58 61 95 98 32767 32767 20 63 21 
87 36 32767 63 79 61 10 32767 63 32 80 21 32767 17 25 32767 32767 47 
30 31 32767 55 50 32767 93 63 32767 32767 18 32767 15 49 35 39 4 94 
32767 91 59 22 32767 54 58 32 32767 32767 76 15 92 14 57 49 7 27 
32767 22 32767 32767 69 87 61 80 18 76 32767 32767 19 30 19 68 96 56 
84 60 94 69 32767 66 95 21 32767 15 32767 32767 44 14 54 58 32767 18 
32767 90 100 78 32767 32767 98 32767 15 92 19 44 32767 16 20 65 32767 28 
9 81 7 24 37 13 32767 17 49 14 30 14 16 32767 32767 58 100 69 
61 32767 32767 32767 32767 40 32767 25 35 57 19 54 20 32767 32767 58 32767 48 
63 32767 32767 26 32767 32767 20 32767 39 49 68 58 65 58 58 32767 98 77 
20 32767 35 87 71 41 63 32767 4 7 96 32767 32767 100 32767 98 32767 77 
23 10 73 70 79 32767 21 47 94 27 56 18 28 69 48 77 77 32767 
EOF