DIMENSION: 26
EDGE_WEIGHT_TYPE: EXPLICIT
EDGE_WEIGHT_FORMAT: FULL_MATRIX
EDGE_WEIGHT_SECTION:
32767 28 61 32767 93 32767 68 80 32767 57 58 15 32767 82 6 26 25 84 32767 32767 8 71 31 52 100 18 
28 32767 40 88 20 18 70 44 91 32767 32767 2 84 32767 6 9 13 4 32767 32767 83 32767 15 16 1 59 
61 40 32767 36 68 32767 69 57 63 90 67 29 50 4 36 99 32767 32767 88 94 69 2 16 49 51 38 
32767 88 36 32767 82 98 32767 48 81 57 32767 32767 32767 32767 31 58 58 67 18 32767 32767 91 31 67 32767 28 
93 20 68 82 32767 32767 49 32767 32767 55 32767 12 80 16 59 15 84 32767 77 89 79 32767 10 32767 32767 35 
32767 18 32767 98 32767 32767 32767 40 91 69 71 65 33 82 32767 36 43 60 11 93 32767 50 32767 53 32767 10 
68 70 69 32767 49 32767 32767 32767 30 32767 4 53 32767 32767 52 32767 24 32767 35 12 51 4 32767 89 3 66 
80 44 57 48 32767 40 32767 32767 32 5 50 23 19 32767 32767 32767 32767 32767 82 49 2 27 32767 71 32767 73 
32767 91 63 81 32767 91 30 32 32767 20 32767 67 14 6 5 48 61 60 10 51 63 85 100 64 80 32767 
57 32767 90 57 55 69 32767 5 20 32767 7 96 38 99 68 32767 32767 87 23 61 40 45 2 40 79 36 
58 32767 67 32767 32767 71 4 50 32767 7 32767 76 78 32767 32767 86 91 10 68 66 85 25 32767 69 32767 32767 
15 2 29 32767 12 65 53 23 67 96 76 32767 55 62 92 32767 32767 97 71 32767 55 92 32767 12 36 96 
32767 84 50 32767 80 33 32767 19 14 38 78 55 32767 77 60 32767 8 92 47 55 27 32767 32767 61 68 32 
82 32767 4 32767 16 82 32767 32767 6 99 32767 62 77 32767 32767 32767 22 38 88 3 14 95 85 32767 83 90 
6 6 36 31 59 32767 52 32767 5 68 32767 92 60 32767 32767 61 9 40 8 67 39 32767 32 32767 32767 32767 
26 9 99 58 15 36 32767 32767 48 32767 86 32767 32767 32767 61 32767 32767 29 20 2 13 38 78 32767 32767 32767 
25 13 32767 58 84 43 24 32767 61 32767 91 32767 8 22 9 32767 32767 32767 32767 32767 6 50 95 62 29 97 
84 4 32767 67 32767 60 32767 32767 60 87 10 97 92 38 40 29 32767 32767 95 32767 66 23 64 32767 10 98 
32767 32767 88 18 77 11 35 82 10 23 68 71 47 88 8 20 32767 95 32767 96 32767 95 71 74 45 7 
32767 32767 94 32767 89 93 12 49 51 61 66 32767 55 3 67 2 32767 32767 96 32767 24 32767 16 32767 37 93 
8 83 69 32767 79 32767 51 2 63 40 85 55 27 14 39 13 6 66 32767 24 32767 20 32767 81 8 84 
71 32767 2 91 32767 50 4 27 85 45 25 92 32767 95 32767 38 50 23 95 32767 20 32767 71 32767 95 32767 
31 15 16 31 10 32767 32767 32767 100 2 32767 32767 32767 85 32 78 95 64 71 16 32767 71 32767 32767 32767 92 
52 16 49 67 32767 53 89 71 64 40 69 12 61 32767 32767 32767 62 32767 74 32767 81 32767 32767 32767 70 88 
100 1 51 32767 32767 32767 3 32767 80 79 32767 36 68 83 32767 32767 29 10 45 37 8 95 32767 70 32767 32 
18 59 38 28 35 10 66 73 32767 36 32767 96 32 90 32767 32767 97 98 7 93 84 32767 92 88 32 32767 
EOF