DIMENSION: 26
EDGE_WEIGHT_TYPE: EXPLICIT
EDGE_WEIGHT_FORMAT: FULL_MATRIX
EDGE_WEIGHT_SECTION:
32767 32767 67 32767 32767 32767 50 32 32767 38 1 68 44 79 32767 32767 40 19 64 32767 59 94 32767 62 32767 42 
32767 32767 86 32767 68 91 27 82 32767 19 58 59 87 32767 32767 53 32767 29 32767 54 23 68 10 53 16 77 
67 86 32767 32767 96 66 32767 91 34 32767 32767 31 66 29 83 61 32767 70 70 59 94 32767 89 85 18 14 
32767 32767 32767 32767 66 40 32767 5 100 32767 2 21 32767 12 73 48 32767 15 95 63 26 67 93 39 11 14 
32767 68 96 66 32767 32767 16 12 32767 75 32767 44 24 87 92 44 63 32767 6 32767 32767 32767 89 32767 78 58 
32767 91 66 40 32767 32767 32767 92 99 32767 94 32767 32767 24 32767 61 38 32767 11 82 76 78 32767 32767 4 11 
50 27 32767 32767 16 32767 32767 2 32767 32767 32767 71 32767 32767 27 32767 32767 60 14 45 8 32767 18 13 70 76 
32 82 91 5 12 92 2 32767 95 81 32767 75 49 4 53 66 34 91 73 32767 93 29 36 73 32767 67 
32767 32767 34 100 32767 99 32767 95 32767 62 34 81 26 32767 30 26 69 36 29 16 55 26 32767 98 32767 64 
38 19 32767 32767 75 32767 32767 81 62 32767 36 32767 24 65 18 79 51 25 12 35 89 3 32767 45 32767 32767 
1 58 32767 2 32767 94 32767 32767 34 36 32767 32767 45 39 76 32 11 65 32767 67 29 27 7 32767 32767 29 
68 59 31 21 44 32767 71 75 81 32767 32767 32767 45 2 32767 4 71 67 4 86 50 6 32767 73 40 87 
44 87 66 32767 24 32767 32767 49 26 24 45 45 32767 26 11 56 82 32767 7 32767 32767 32767 32767 75 15 22 
79 32767 29 12 87 24 32767 4 32767 65 39 2 26 32767 14 69 52 25 40 28 33 26 32767 35 72 32767 
32767 32767 83 73 92 32767 27 53 30 18 76 32767 11 14 32767 100 32767 75 47 78 4 82 12 62 26 32767 
32767 53 61 48 44 61 32767 66 26 79 32 4 56 69 100 32767 96 77 54 32767 32767 65 38 1 32767 57 
40 32767 32767 32767 63 38 32767 34 69 51 11 71 82 52 32767 96 32767 32767 87 84 60 6 33 20 63 32767 
19 29 70 15 32767 32767 60 91 36 25 65 67 32767 25 75 77 32767 32767 32767 88 32 62 96 32767 49 5 
64 32767 70 95 6 11 14 73 29 12 32767 4 7 40 47 54 87 32767 32767 32767 84 62 37 91 66 64 
32767 54 59 63 32767 82 45 32767 16 35 67 86 32767 28 78 32767 84 88 32767 32767 95 4 32767 91 51 34 
59 23 94 26 32767 76 8 93 55 89 29 50 32767 33 4 32767 60 32 84 95 32767 85 61 51 90 52 
94 68 32767 67 32767 78 32767 29 26 3 27 6 32767 26 82 65 6 62 62 4 85 32767 32767 32767 21 13 
32767 10 89 93 89 32767 18 36 32767 32767 7 32767 32767 32767 12 38 33 96 37 32767 61 32767 32767 37 30 32767 
62 53 85 39 32767 32767 13 73 98 45 32767 73 75 35 62 1 20 32767 91 91 51 32767 37 32767 59 62 
32767 16 18 11 78 4 70 32767 32767 32767 32767 40 15 72 26 32767 63 49 66 51 90 21 30 59 32767 71 
42 77 14 14 58 11 76 67 64 32767 29 87 22 32767 32767 57 32767 5 64 34 52 13 32767 62 71 32767 
EOF