DIMENSION: 26
EDGE_WEIGHT_TYPE: EXPLICIT
EDGE_WEIGHT_FORMAT: FULL_MATRIX
EDGE_WEIGHT_SECTION:
32767 70 40 32767 96 76 51 17 100 32767 61 32767 90 43 63 32767 32767 32 15 76 1 32767 32767 13 83 99 
70 32767 32767 99 32767 59 15 54 47 47 80 32767 32767 39 84 33 39 32767 74 25 41 63 34 32767 85 99 
40 32767 32767 74 83 26 51 32767 87 32767 54 3 32767 32767 32767 46 31 33 61 100 26 32767 22 97 4 63 
32767 99 74 32767 85 32 14 21 50 32767 59 36 32767 96 25 43 32767 65 54 27 26 32767 32767 35 60 32767 
96 32767 83 85 32767 42 79 28 57 62 32767 87 32767 94 47 77 92 32767 32767 22 30 41 54 32767 85 46 
76 59 26 32 42 32767 59 83 56 80 14 85 32 32767 64 32767 37 97 55 94 63 32767 32767 50 27 63 
51 15 51 14 79 59 32767 4 32767 32767 32767 9 80 67 88 32767 2 32767 56 65 37 86 43 26 1 34 
17 54 32767 21 28 83 4 32767 32767 32767 32767 45 23 15 87 97 32767 16 52 91 25 32767 20 65 69 83 
100 47 87 50 57 56 32767 32767 32767 32767 33 56 32 48 44 45 32767 32767 79 44 20 100 92 23 85 23 
32767 47 32767 32767 62 80 32767 32767 32767 32767 13 56 32767 87 39 69 32 63 30 32767 2 32767 32767 20 17 32767 
61 80 54 59 32767 14 32767 32767 33 13 32767 1 17 32767 24 76 45 32767 32767 32767 91 73 32767 32767 95 56 
32767 32767 3 36 87 85 9 45 56 56 1 32767 15 76 72 62 65 75 32767 33 19 99 60 15 92 87 
90 32767 32767 32767 32767 32 80 23 32 32767 17 15 32767 32767 39 22 8 20 18 55 62 32767 32767 13 85 51 
43 39 32767 96 94 32767 67 15 48 87 32767 76 32767 32767 1 32767 26 32767 13 32767 51 32767 32767 20 74 49 
63 84 32767 25 47 64 88 87 44 39 24 72 39 1 32767 4 20 32767 86 32767 22 41 37 7 32767 51 
32767 33 46 43 77 32767 32767 97 45 69 76 62 22 32767 4 32767 34 76 32767 82 32767 56 72 32767 6 58 
32767 39 31 32767 92 37 2 32767 32767 32 45 65 8 26 20 34 32767 70 32767 43 26 32767 87 32767 12 68 
32 32767 33 65 32767 97 32767 16 32767 63 32767 75 20 32767 32767 76 70 32767 32767 96 32 12 32767 78 32767 51 
15 74 61 54 32767 55 56 52 79 30 32767 32767 18 13 86 32767 32767 32767 32767 34 75 61 32767 53 32767 82 
76 25 100 27 22 94 65 91 44 32767 32767 33 55 32767 32767 82 43 96 34 32767 54 36 91 75 80 15 
1 41 26 26 30 63 37 25 20 2 91 19 62 51 22 32767 26 32 75 54 32767 12 72 47 69 32767 
32767 63 32767 32767 41 32767 86 32767 100 32767 73 99 32767 32767 41 56 32767 12 61 36 12 32767 44 42 83 32767 
32767 34 22 32767 54 32767 43 20 92 32767 32767 60 32767 32767 37 72 87 32767 32767 91 72 44 32767 55 61 32767 
13 32767 97 35 32767 50 26 65 23 20 32767 15 13 20 7 32767 32767 78 53 75 47 42 55 32767 32767 44 
83 85 4 60 85 27 1 69 85 17 95 92 85 74 32767 6 12 32767 32767 80 69 83 61 32767 32767 32767 
99 99 63 32767 46 63 34 83 23 32767 56 87 51 49 51 58 68 51 82 15 32767 32767 32767 44 32767 32767 
EOF