DIMENSION: 26
EDGE_WEIGHT_TYPE: EXPLICIT
EDGE_WEIGHT_FORMAT: FULL_MATRIX
EDGE_WEIGHT_SECTION:
32767 52 28 17 45 27 83 71 72 61 61 44 1 32767 11 42 60 32767 38 32767 54 75 31 32767 40 46 
52 32767 32767 6 33 96 97 96 26 67 68 75 32767 80 83 60 29 48 61 84 32767 27 32767 23 79 32767 
28 32767 32767 68 43 26 61 48 69 50 41 51 32767 32767 49 32767 32767 82 50 89 20 78 91 82 41 92 
17 6 68 32767 89 12 45 99 36 30 32767 63 28 13 96 87 11 90 34 32767 95 49 32767 32767 32767 32767 
45 33 43 89 32767 49 88 32767 13 97 20 97 32767 32767 32767 40 64 9 7 32767 7 34 87 99 10 18 
27 96 26 12 49 32767 24 14 24 32767 32767 45 92 100 32 1 28 1 32767 40 9 44 54 32767 68 10 
83 97 61 45 88 24 32767 92 95 32767 32767 59 32 32767 85 32767 32767 80 53 67 55 53 80 76 28 1 
71 96 48 99 32767 14 92 32767 65 8 47 32767 89 70 28 46 65 31 70 82 32767 100 32767 80 32767 81 
72 26 69 36 13 24 95 65 32767 32767 88 32767 4 56 50 91 20 32767 32767 85 5 88 32767 32767 90 19 
61 67 50 30 97 32767 32767 8 32767 32767 60 32767 81 52 42 3 33 95 32767 49 30 82 61 71 60 32767 
61 68 41 32767 20 32767 32767 47 88 60 32767 30 51 32767 31 33 60 84 100 10 32767 59 35 5 4 42 
44 75 51 63 97 45 59 32767 32767 32767 30 32767 37 32767 32767 30 46 32767 64 15 32767 98 63 48 13 31 
1 32767 32767 28 32767 92 32 89 4 81 51 37 32767 100 70 11 66 67 13 22 60 32767 32767 73 32767 32767 
32767 80 32767 13 32767 100 32767 70 56 52 32767 32767 100 32767 32767 33 85 42 74 41 62 18 61 91 32767 39 
11 83 49 96 32767 32 85 28 50 42 31 32767 70 32767 32767 86 10 52 7 32767 92 31 97 32767 70 9 
42 60 32767 87 40 1 32767 46 91 3 33 30 11 33 86 32767 25 46 32767 62 94 28 28 32767 32767 32767 
60 29 32767 11 64 28 32767 65 20 33 60 46 66 85 10 25 32767 32767 44 89 7 14 95 24 91 34 
32767 48 82 90 9 1 80 31 32767 95 84 32767 67 42 52 46 32767 32767 1 32767 63 3 3 31 5 59 
38 61 50 34 7 32767 53 70 32767 32767 100 64 13 74 7 32767 44 1 32767 12 32 18 12 98 32767 7 
32767 84 89 32767 32767 40 67 82 85 49 10 15 22 41 32767 62 89 32767 12 32767 32767 41 32767 74 65 32767 
54 32767 20 95 7 9 55 32767 5 30 32767 32767 60 62 92 94 7 63 32 32767 32767 32767 50 99 100 32767 
75 27 78 49 34 44 53 100 88 82 59 98 32767 18 31 28 14 3 18 41 32767 32767 91 99 28 77 
31 32767 91 32767 87 54 80 32767 32767 61 35 63 32767 61 97 28 95 3 12 32767 50 91 32767 32767 32767 32767 
32767 23 82 32767 99 32767 76 80 32767 71 5 48 73 91 32767 32767 24 31 98 74 99 99 32767 32767 32767 85 
40 79 41 32767 10 68 28 32767 90 60 4 13 32767 32767 70 32767 91 5 32767 65 100 28 32767 32767 32767 36 
46 32767 92 32767 18 10 1 81 19 32767 42 31 32767 39 9 32767 34 59 7 32767 32767 77 32767 85 36 32767 
EOF