DIMENSION: 26
EDGE_WEIGHT_TYPE: EXPLICIT
EDGE_WEIGHT_FORMAT: FULL_MATRIX
EDGE_WEIGHT_SECTION:
32767 32767 32767 56 40 15 88 32767 32767 81 43 90 32767 27 5 44 32767 20 90 81 95 33 32767 32767 7 35 
32767 32767 63 44 59 8 32767 20 32767 15 60 42 16 48 32767 32767 96 32767 32767 32767 16 32767 32767 41 41 84 
32767 63 32767 87 95 32767 32767 32767 8 32767 24 12 26 32 32767 32767 94 83 32767 23 14 32767 32767 32767 32 32767 
56 44 87 32767 54 54 52 32767 20 32767 32767 76 37 89 45 47 93 84 64 32767 32767 32767 16 43 32767 32767 
40 59 95 54 32767 32767 49 71 32767 32767 72 50 32 32767 78 28 32767 32767 80 45 79 27 32767 40 70 32767 
15 8 32767 54 32767 32767 32767 8 38 93 43 32767 78 4 69 74 32767 18 75 5 10 32767 79 94 42 32767 
88 32767 32767 52 49 32767 32767 32767 80 67 34 7 100 94 75 32767 32767 17 57 33 27 32767 32767 86 8 53 
32767 20 32767 32767 71 8 32767 32767 42 94 67 68 79 43 56 57 61 32767 32767 65 61 32767 32767 80 90 31 
32767 32767 8 20 32767 38 80 42 32767 32767 76 20 78 57 32767 61 32767 69 30 32767 27 32767 87 53 32 32767 
81 15 32767 32767 32767 93 67 94 32767 32767 15 3 2 92 94 32767 36 49 32767 32767 1 32767 56 32767 32767 78 
43 60 24 32767 72 43 34 67 76 15 32767 29 84 81 51 32767 4 14 93 32767 28 20 95 60 32767 68 
90 42 12 76 50 32767 7 68 20 3 29 32767 32767 43 38 32767 22 32767 32767 97 32767 100 7 32767 53 76 
32767 16 26 37 32 78 100 79 78 2 84 32767 32767 24 58 46 98 17 32767 32767 21 32767 94 6 21 10 
27 48 32 89 32767 4 94 43 57 92 81 43 24 32767 15 55 69 32767 84 72 94 32767 44 26 32767 24 
5 32767 32767 45 78 69 75 56 32767 94 51 38 58 15 32767 32767 11 42 32767 15 71 44 93 59 43 37 
44 32767 32767 47 28 74 32767 57 61 32767 32767 32767 46 55 32767 32767 82 34 26 69 55 54 2 14 32767 80 
32767 96 94 93 32767 32767 32767 61 32767 36 4 22 98 69 11 82 32767 81 32767 19 46 13 19 32767 52 38 
20 32767 83 84 32767 18 17 32767 69 49 14 32767 17 32767 42 34 81 32767 8 63 32767 54 31 14 27 32767 
90 32767 32767 64 80 75 57 32767 30 32767 93 32767 32767 84 32767 26 32767 8 32767 32767 4 64 3 99 100 16 
81 32767 23 32767 45 5 33 65 32767 32767 32767 97 32767 72 15 69 19 63 32767 32767 32767 50 66 32767 28 56 
95 16 14 32767 79 10 27 61 27 1 28 32767 21 94 71 55 46 32767 4 32767 32767 32767 38 50 65 32767 
33 32767 32767 32767 27 32767 32767 32767 32767 32767 20 100 32767 32767 44 54 13 54 64 50 32767 32767 40 32767 55 9 
32767 32767 32767 16 32767 79 32767 32767 87 56 95 7 94 44 93 2 19 31 3 66 38 40 32767 100 32767 20 
32767 41 32767 43 40 94 86 80 53 32767 60 32767 6 26 59 14 32767 14 99 32767 50 32767 100 32767 32767 92 
7 41 32 32767 70 42 8 90 32 32767 32767 53 21 32767 43 32767 52 27 100 28 65 55 32767 32767 32767 32767 
35 84 32767 32767 32767 32767 53 31 32767 78 68 76 10 24 37 80 38 32767 16 56 32767 9 20 92 32767 32767 
EOF