DIMENSION: 26
EDGE_WEIGHT_TYPE: EXPLICIT
EDGE_WEIGHT_FORMAT: FULL_MATRIX
EDGE_WEIGHT_SECTION:
32767 15 51 62 32767 13 62 50 32767 32767 32 32767 48 12 62 69 94 13 44 52 94 98 25 49 38 58 
15 32767 66 95 32767 58 96 86 15 94 32767 73 60 5 1 97 53 36 70 85 66 74 32767 96 32767 62 
51 66 32767 41 5 32767 64 99 32767 80 83 7 43 20 44 50 32767 67 93 32767 35 28 18 32767 99 79 
62 95 41 32767 32767 99 84 33 85 9 40 97 32767 13 32767 39 32767 18 63 35 64 45 63 51 32767 80 
32767 32767 5 32767 32767 46 35 32767 84 32767 96 13 32767 59 77 47 86 32767 30 32767 88 32767 30 15 49 11 
13 58 32767 99 46 32767 85 18 32767 32767 70 40 41 75 32767 36 32767 15 18 29 58 25 97 3 97 16 
62 96 64 84 35 85 32767 54 26 32767 19 87 32767 32767 2 32767 32767 5 51 46 79 94 32767 32767 10 94 
50 86 99 33 32767 18 54 32767 32767 32767 1 43 35 32767 41 44 95 85 69 76 18 32767 32767 35 44 32767 
32767 15 32767 85 84 32767 26 32767 32767 67 12 75 89 86 50 32767 32767 34 13 8 43 32767 73 32767 7 32767 
32767 94 80 9 32767 32767 32767 32767 67 32767 22 64 70 32767 27 32767 12 55 23 89 96 22 99 32767 71 32767 
32 32767 83 40 96 70 19 1 12 22 32767 32767 7 51 82 34 66 37 32767 37 27 9 25 23 55 96 
32767 73 7 97 13 40 87 43 75 64 32767 32767 92 98 36 24 32767 32767 86 13 1 21 32767 99 17 24 
48 60 43 32767 32767 41 32767 35 89 70 7 92 32767 32767 32767 78 68 4 52 84 32767 32767 15 22 60 31 
12 5 20 13 59 75 32767 32767 86 32767 51 98 32767 32767 91 51 32767 67 93 32767 65 4 74 32767 32767 32767 
62 1 44 32767 77 32767 2 41 50 27 82 36 32767 91 32767 16 32767 32767 9 24 32767 94 34 32767 36 32767 
69 97 50 39 47 36 32767 44 32767 32767 34 24 78 51 16 32767 54 2 24 32767 80 88 32767 32767 32767 32767 
94 53 32767 32767 86 32767 32767 95 32767 12 66 32767 68 32767 32767 54 32767 32767 8 18 32767 57 16 69 68 27 
13 36 67 18 32767 15 5 85 34 55 37 32767 4 67 32767 2 32767 32767 32767 32767 32767 5 47 61 58 81 
44 70 93 63 30 18 51 69 13 23 32767 86 52 93 9 24 8 32767 32767 72 82 32767 100 32767 32767 6 
52 85 32767 35 32767 29 46 76 8 89 37 13 84 32767 24 32767 18 32767 72 32767 36 17 30 32767 40 13 
94 66 35 64 88 58 79 18 43 96 27 1 32767 65 32767 80 32767 32767 82 36 32767 35 32767 32767 59 94 
98 74 28 45 32767 25 94 32767 32767 22 9 21 32767 4 94 88 57 5 32767 17 35 32767 45 66 32767 32767 
25 32767 18 63 30 97 32767 32767 73 99 25 32767 15 74 34 32767 16 47 100 30 32767 45 32767 32767 18 32767 
49 96 32767 51 15 3 32767 35 32767 32767 23 99 22 32767 32767 32767 69 61 32767 32767 32767 66 32767 32767 23 20 
38 32767 99 32767 49 97 10 44 7 71 55 17 60 32767 36 32767 68 58 32767 40 59 32767 18 23 32767 73 
58 62 79 80 11 16 94 32767 32767 32767 96 24 31 32767 32767 32767 27 81 6 13 94 32767 32767 20 73 32767 
EOF