DIMENSION: 26
EDGE_WEIGHT_TYPE: EXPLICIT
EDGE_WEIGHT_FORMAT: FULL_MATRIX
EDGE_WEIGHT_SECTION:
32767 32767 32767 5 43 34 32767 3 32767 60 40 32767 31 88 7 32767 47 52 32767 32767 32767 32767 49 89 56 19 
32767 32767 32767 48 88 32767 24 94 75 90 32767 32767 82 45 8 1 100 32767 7 65 95 4 32767 67 44 32767 
32767 32767 32767 71 83 52 44 67 65 21 38 32767 32767 80 26 32767 32767 9 48 46 59 56 32767 8 26 29 
5 48 71 32767 82 32767 54 26 99 54 32 9 1 32767 98 19 75 46 73 50 64 68 36 54 22 32767 
43 88 83 82 32767 50 11 33 66 60 12 7 21 32767 92 96 24 34 32767 32767 18 49 32767 90 67 5 
34 32767 52 32767 50 32767 67 32767 32767 91 99 14 55 40 77 32767 32767 92 5 32767 85 32767 28 100 10 96 
32767 24 44 54 11 67 32767 43 48 49 38 67 67 36 82 32767 38 37 32767 63 32767 32767 33 28 32767 32767 
3 94 67 26 33 32767 43 32767 18 32767 32767 32767 32767 73 34 30 32767 63 32767 32767 32767 92 32767 32767 32767 32767 
32767 75 65 99 66 32767 48 18 32767 32767 8 48 32767 70 32767 32767 22 32767 32767 85 85 47 32767 32767 46 32767 
60 90 21 54 60 91 49 32767 32767 32767 89 94 33 62 52 32767 77 88 66 8 32767 92 43 83 88 78 
40 32767 38 32 12 99 38 32767 8 89 32767 32767 32767 25 12 32767 32767 2 85 14 20 32767 80 40 74 80 
32767 32767 32767 9 7 14 67 32767 48 94 32767 32767 32767 13 32767 32767 32767 94 65 71 78 75 31 32767 32767 78 
31 82 32767 1 21 55 67 32767 32767 33 32767 32767 32767 32767 32767 82 32767 55 26 49 32767 90 96 39 79 85 
88 45 80 32767 32767 40 36 73 70 62 25 13 32767 32767 7 71 32767 99 46 57 31 32767 37 78 32767 67 
7 8 26 98 92 77 82 34 32767 52 12 32767 32767 7 32767 2 31 36 67 26 32767 32767 32767 42 44 32767 
32767 1 32767 19 96 32767 32767 30 32767 32767 32767 32767 82 71 2 32767 94 32767 32767 50 13 31 22 71 47 60 
47 100 32767 75 24 32767 38 32767 22 77 32767 32767 32767 32767 31 94 32767 32767 78 67 32767 32767 32767 32767 5 53 
52 32767 9 46 34 92 37 63 32767 88 2 94 55 99 36 32767 32767 32767 86 3 83 26 32767 13 86 32767 
32767 7 48 73 32767 5 32767 32767 32767 66 85 65 26 46 67 32767 78 86 32767 32 51 78 47 32767 33 78 
32767 65 46 50 32767 32767 63 32767 85 8 14 71 49 57 26 50 67 3 32 32767 32767 18 55 99 17 64 
32767 95 59 64 18 85 32767 32767 85 32767 20 78 32767 31 32767 13 32767 83 51 32767 32767 28 54 86 32767 32767 
32767 4 56 68 49 32767 32767 92 47 92 32767 75 90 32767 32767 31 32767 26 78 18 28 32767 77 35 32767 81 
49 32767 32767 36 32767 28 33 32767 32767 43 80 31 96 37 32767 22 32767 32767 47 55 54 77 32767 32767 65 23 
89 67 8 54 90 100 28 32767 32767 83 40 32767 39 78 42 71 32767 13 32767 99 86 35 32767 32767 56 43 
56 44 26 22 67 10 32767 32767 46 88 74 32767 79 32767 44 47 5 86 33 17 32767 32767 65 56 32767 48 
19 32767 29 32767 5 96 32767 32767 32767 78 80 78 85 67 32767 60 53 32767 78 64 32767 81 23 43 48 32767 
EOF