DIMENSION: 16
EDGE_WEIGHT_TYPE: EXPLICIT
EDGE_WEIGHT_FORMAT: FULL_MATRIX
EDGE_WEIGHT_SECTION:
32767 58 32767 32767 5 7 69 32767 85 2 32767 55 32767 32767 55 18 
58 32767 32767 26 32767 32767 46 85 32767 32767 1 32767 32767 93 35 32767 
32767 32767 32767 32767 32767 51 86 32767 32767 32767 43 31 94 32767 39 32767 
32767 26 32767 32767 32767 51 32767 75 32767 32767 32767 32767 32767 32767 60 70 
5 32767 32767 32767 32767 32767 29 93 32767 32767 50 43 32767 81 32767 32767 
7 32767 51 51 32767 32767 48 32767 22 96 32767 20 32767 32 32767 32767 
69 46 86 32767 29 48 32767 11 64 32767 36 32767 28 30 32767 32767 
32767 85 32767 75 93 32767 11 32767 32767 32767 32767 32767 8 32767 32767 39 
85 32767 32767 32767 32767 22 64 32767 32767 32767 30 32767 40 32767 2 32767 
2 32767 32767 32767 32767 96 32767 32767 32767 32767 32767 32767 32767 32767 91 11 
32767 1 43 32767 50 32767 36 32767 30 32767 32767 86 45 91 24 64 
55 32767 31 32767 43 20 32767 32767 32767 32767 86 32767 53 32767 32767 32767 
32767 32767 94 32767 32767 32767 28 8 40 32767 45 53 32767 4 32767 32767 
32767 93 32767 32767 81 32 30 32767 32767 32767 91 32767 4 32767 32767 23 
55 35 39 60 32767 32767 32767 32767 2 91 24 32767 32767 32767 32767 32767 
18 32767 32767 70 32767 32767 32767 39 32767 11 64 32767 32767 23 32767 32767 
EOF