DIMENSION: 16
EDGE_WEIGHT_TYPE: EXPLICIT
EDGE_WEIGHT_FORMAT: FULL_MATRIX
EDGE_WEIGHT_SECTION:
32767 8 32767 31 47 32767 51 32767 95 20 89 17 32767 32767 32767 32767 
8 32767 97 47 62 32767 34 32767 68 74 32767 32767 16 32767 11 10 
32767 97 32767 32767 32767 72 32767 34 13 35 32767 96 32767 32767 32767 49 
31 47 32767 32767 32767 23 32767 98 32767 32767 32767 32767 46 32767 32767 69 
47 62 32767 32767 32767 32767 32767 32767 32767 85 80 77 32767 32767 32767 32767 
32767 32767 72 23 32767 32767 57 87 59 32767 32767 32767 32767 32767 32767 32767 
51 34 32767 32767 32767 57 32767 22 32767 33 9 32767 45 32767 64 32767 
32767 32767 34 98 32767 87 22 32767 32767 42 32767 32767 32767 32767 72 19 
95 68 13 32767 32767 59 32767 32767 32767 32767 32767 67 17 96 11 32767 
20 74 35 32767 85 32767 33 42 32767 32767 32767 59 16 32767 32 32767 
89 32767 32767 32767 80 32767 9 32767 32767 32767 32767 32767 32767 94 43 90 
17 32767 96 32767 77 32767 32767 32767 67 59 32767 32767 32767 32767 92 55 
32767 16 32767 46 32767 32767 45 32767 17 16 32767 32767 32767 51 32767 98 
32767 32767 32767 32767 32767 32767 32767 32767 96 32767 94 32767 51 32767 73 32767 
32767 11 32767 32767 32767 32767 64 72 11 32 43 92 32767 73 32767 32767 
32767 10 49 69 32767 32767 32767 19 32767 32767 90 55 98 32767 32767 32767 
EOF