DIMENSION: 16
EDGE_WEIGHT_TYPE: EXPLICIT
EDGE_WEIGHT_FORMAT: FULL_MATRIX
EDGE_WEIGHT_SECTION:
32767 37 56 73 1 58 89 82 32767 42 69 96 5 71 32767 56 
37 32767 23 60 96 32767 68 11 38 62 91 82 32767 32767 32767 84 
56 23 32767 49 100 48 26 16 85 4 78 53 74 64 52 89 
73 60 49 32767 62 79 32767 80 32767 19 73 88 33 32767 88 80 
1 96 100 62 32767 70 49 97 82 32767 16 33 79 26 21 32767 
58 32767 48 79 70 32767 46 2 76 35 90 32767 59 34 43 22 
89 68 26 32767 49 46 32767 32 99 87 67 74 32767 88 99 69 
82 11 16 80 97 2 32 32767 32767 55 54 74 32767 59 60 25 
32767 38 85 32767 82 76 99 32767 32767 31 21 52 65 23 74 87 
42 62 4 19 32767 35 87 55 31 32767 32767 55 32767 9 67 10 
69 91 78 73 16 90 67 54 21 32767 32767 45 33 19 26 25 
96 82 53 88 33 32767 74 74 52 55 45 32767 96 48 32767 32767 
5 32767 74 33 79 59 32767 32767 65 32767 33 96 32767 14 32767 100 
71 32767 64 32767 26 34 88 59 23 9 19 48 14 32767 32767 6 
32767 32767 52 88 21 43 99 60 74 67 26 32767 32767 32767 32767 97 
56 84 89 80 32767 22 69 25 87 10 25 32767 100 6 97 32767 
EOF