DIMENSION: 16
EDGE_WEIGHT_TYPE: EXPLICIT
EDGE_WEIGHT_FORMAT: FULL_MATRIX
EDGE_WEIGHT_SECTION:
32767 20 63 39 32767 32767 36 52 5 60 52 88 67 27 89 100 
20 32767 76 32767 32767 93 14 93 78 32767 29 10 46 99 43 38 
63 76 32767 10 15 72 95 18 59 54 32767 32767 19 73 59 93 
39 32767 10 32767 37 32767 79 12 32767 84 3 67 32767 84 32 43 
32767 32767 15 37 32767 32767 32767 91 87 63 81 9 45 49 91 32767 
32767 93 72 32767 32767 32767 10 98 86 64 32767 100 32767 81 64 32767 
36 14 95 79 32767 10 32767 52 41 16 55 35 68 39 87 60 
52 93 18 12 91 98 52 32767 32767 82 40 30 8 42 94 22 
5 78 59 32767 87 86 41 32767 32767 32767 54 32767 32767 67 63 15 
60 32767 54 84 63 64 16 82 32767 32767 48 82 20 41 87 80 
52 29 32767 3 81 32767 55 40 54 48 32767 83 40 87 27 56 
88 10 32767 67 9 100 35 30 32767 82 83 32767 85 92 97 89 
67 46 19 32767 45 32767 68 8 32767 20 40 85 32767 59 68 96 
27 99 73 84 49 81 39 42 67 41 87 92 59 32767 87 37 
89 43 59 32 91 64 87 94 63 87 27 97 68 87 32767 63 
100 38 93 43 32767 32767 60 22 15 80 56 89 96 37 63 32767 
EOF