DIMENSION: 16
EDGE_WEIGHT_TYPE: EXPLICIT
EDGE_WEIGHT_FORMAT: FULL_MATRIX
EDGE_WEIGHT_SECTION:
32767 17 57 71 33 42 58 32767 15 24 8 19 32767 72 78 51 
17 32767 68 23 70 4 75 32767 16 84 40 57 44 33 70 86 
57 68 32767 67 56 32767 84 77 15 32767 41 32767 32767 57 7 56 
71 23 67 32767 62 30 17 36 4 23 68 32767 32767 92 32767 23 
33 70 56 62 32767 10 32767 18 32767 24 83 59 19 32767 17 54 
42 4 32767 30 10 32767 47 32767 14 82 82 37 32767 98 32767 67 
58 75 84 17 32767 47 32767 32767 32767 32767 58 2 49 32767 17 32767 
32767 32767 77 36 18 32767 32767 32767 41 24 62 57 99 17 67 51 
15 16 15 4 32767 14 32767 41 32767 32 42 40 3 41 32767 35 
24 84 32767 23 24 82 32767 24 32 32767 5 60 5 32767 22 47 
8 40 41 68 83 82 58 62 42 5 32767 84 74 32767 32767 69 
19 57 32767 32767 59 37 2 57 40 60 84 32767 72 37 9 3 
32767 44 32767 32767 19 32767 49 99 3 5 74 72 32767 94 87 10 
72 33 57 92 32767 98 32767 17 41 32767 32767 37 94 32767 24 25 
78 70 7 32767 17 32767 17 67 32767 22 32767 9 87 24 32767 32767 
51 86 56 23 54 67 32767 51 35 47 69 3 10 25 32767 32767 
EOF