DIMENSION: 16
EDGE_WEIGHT_TYPE: EXPLICIT
EDGE_WEIGHT_FORMAT: FULL_MATRIX
EDGE_WEIGHT_SECTION:
32767 39 32767 15 8 21 23 78 34 32767 32767 32767 73 12 32767 34 
39 32767 6 87 53 73 15 41 41 62 32767 39 17 73 79 21 
32767 6 32767 91 75 43 32767 26 52 25 32767 17 29 53 13 45 
15 87 91 32767 32767 17 34 38 56 50 18 42 78 32767 2 32 
8 53 75 32767 32767 2 100 2 97 94 66 86 49 86 62 40 
21 73 43 17 2 32767 60 100 32767 32767 14 72 73 73 35 24 
23 15 32767 34 100 60 32767 73 91 71 23 32767 84 53 33 5 
78 41 26 38 2 100 73 32767 19 50 29 56 93 38 32767 18 
34 41 52 56 97 32767 91 19 32767 32767 8 15 22 58 32767 32767 
32767 62 25 50 94 32767 71 50 32767 32767 62 100 17 76 53 38 
32767 32767 32767 18 66 14 23 29 8 62 32767 59 89 95 14 88 
32767 39 17 42 86 72 32767 56 15 100 59 32767 83 70 29 12 
73 17 29 78 49 73 84 93 22 17 89 83 32767 32767 73 32767 
12 73 53 32767 86 73 53 38 58 76 95 70 32767 32767 90 61 
32767 79 13 2 62 35 33 32767 32767 53 14 29 73 90 32767 90 
34 21 45 32 40 24 5 18 32767 38 88 12 32767 61 90 32767 
EOF