DIMENSION: 16
EDGE_WEIGHT_TYPE: EXPLICIT
EDGE_WEIGHT_FORMAT: FULL_MATRIX
EDGE_WEIGHT_SECTION:
32767 26 38 50 10 67 33 4 32767 93 32767 32767 34 82 32767 54 
26 32767 17 32767 92 62 32767 7 92 36 10 70 5 58 13 32767 
38 17 32767 23 45 32767 73 18 32767 32767 71 15 17 45 19 32767 
50 32767 23 32767 88 80 80 3 19 55 11 88 56 32767 53 61 
10 92 45 88 32767 43 32767 32767 32767 46 9 15 23 21 22 32767 
67 62 32767 80 43 32767 76 16 32767 76 38 32767 4 32767 98 32767 
33 32767 73 80 32767 76 32767 37 14 32767 99 98 40 2 8 36 
4 7 18 3 32767 16 37 32767 22 32767 32767 72 29 99 89 39 
32767 92 32767 19 32767 32767 14 22 32767 32767 40 12 73 99 97 46 
93 36 32767 55 46 76 32767 32767 32767 32767 27 32767 40 96 73 89 
32767 10 71 11 9 38 99 32767 40 27 32767 13 23 35 10 32767 
32767 70 15 88 15 32767 98 72 12 32767 13 32767 84 1 87 100 
34 5 17 56 23 4 40 29 73 40 23 84 32767 32767 98 93 
82 58 45 32767 21 32767 2 99 99 96 35 1 32767 32767 36 78 
32767 13 19 53 22 98 8 89 97 73 10 87 98 36 32767 30 
54 32767 32767 61 32767 32767 36 39 46 89 32767 100 93 78 30 32767 
EOF