DIMENSION: 16
EDGE_WEIGHT_TYPE: EXPLICIT
EDGE_WEIGHT_FORMAT: FULL_MATRIX
EDGE_WEIGHT_SECTION:
32767 32767 35 42 32767 35 66 81 32767 76 49 22 40 90 32767 67 
32767 32767 32767 26 42 43 32767 36 32767 71 89 69 32767 44 55 47 
35 32767 32767 32767 32767 38 32767 56 58 77 72 32767 5 90 29 20 
42 26 32767 32767 94 85 24 32767 70 16 27 89 11 66 44 10 
32767 42 32767 94 32767 32767 21 32767 49 44 31 15 65 81 95 91 
35 43 38 85 32767 32767 32767 32767 32767 65 72 20 32767 42 85 78 
66 32767 32767 24 21 32767 32767 90 16 67 96 32767 32767 70 71 6 
81 36 56 32767 32767 32767 90 32767 43 90 83 32767 44 32767 49 35 
32767 32767 58 70 49 32767 16 43 32767 79 32767 95 18 44 15 70 
76 71 77 16 44 65 67 90 79 32767 42 5 32767 16 93 32767 
49 89 72 27 31 72 96 83 32767 42 32767 82 62 42 45 34 
22 69 32767 89 15 20 32767 32767 95 5 82 32767 23 32767 32767 32767 
40 32767 5 11 65 32767 32767 44 18 32767 62 23 32767 32767 93 82 
90 44 90 66 81 42 70 32767 44 16 42 32767 32767 32767 73 95 
32767 55 29 44 95 85 71 49 15 93 45 32767 93 73 32767 32767 
67 47 20 10 91 78 6 35 70 32767 34 32767 82 95 32767 32767 
EOF