DIMENSION: 16
EDGE_WEIGHT_TYPE: EXPLICIT
EDGE_WEIGHT_FORMAT: FULL_MATRIX
EDGE_WEIGHT_SECTION:
32767 32767 27 10 21 32767 10 70 76 76 44 2 54 31 94 71 
32767 32767 78 1 64 87 18 19 83 13 15 32767 59 14 43 32767 
27 78 32767 20 73 12 79 27 62 39 72 57 1 11 9 25 
10 1 20 32767 32767 50 32767 5 94 6 79 22 78 74 13 77 
21 64 73 32767 32767 99 90 91 32767 32767 32767 32767 17 32767 22 40 
32767 87 12 50 99 32767 12 28 70 24 10 68 20 6 77 38 
10 18 79 32767 90 12 32767 54 25 22 25 32767 32767 44 12 83 
70 19 27 5 91 28 54 32767 32767 58 69 3 68 81 19 53 
76 83 62 94 32767 70 25 32767 32767 32767 57 83 39 24 75 99 
76 13 39 6 32767 24 22 58 32767 32767 91 71 91 22 9 59 
44 15 72 79 32767 10 25 69 57 91 32767 29 32767 79 65 86 
2 32767 57 22 32767 68 32767 3 83 71 29 32767 16 76 39 1 
54 59 1 78 17 20 32767 68 39 91 32767 16 32767 89 100 60 
31 14 11 74 32767 6 44 81 24 22 79 76 89 32767 12 22 
94 43 9 13 22 77 12 19 75 9 65 39 100 12 32767 26 
71 32767 25 77 40 38 83 53 99 59 86 1 60 22 26 32767 
EOF