DIMENSION: 16
EDGE_WEIGHT_TYPE: EXPLICIT
EDGE_WEIGHT_FORMAT: FULL_MATRIX
EDGE_WEIGHT_SECTION:
32767 100 35 32767 76 28 32767 87 30 32767 32767 84 32767 9 61 63 
100 32767 20 23 63 75 69 17 30 36 31 91 22 60 90 81 
35 20 32767 32767 43 10 62 35 12 63 73 51 94 100 7 32767 
32767 23 32767 32767 32 88 3 32767 32767 63 55 22 32767 69 78 24 
76 63 43 32 32767 32767 26 87 70 47 62 32767 50 32767 69 32767 
28 75 10 88 32767 32767 32767 37 32767 11 39 74 61 17 26 40 
32767 69 62 3 26 32767 32767 56 13 40 32767 41 16 21 44 32767 
87 17 35 32767 87 37 56 32767 61 95 98 66 20 63 21 63 
30 30 12 32767 70 32767 13 61 32767 32 80 21 32767 17 25 32767 
32767 36 63 63 47 11 40 95 32 32767 69 32767 32767 18 32 32767 
32767 31 73 55 62 39 32767 98 80 69 32767 49 35 39 4 94 
84 91 51 22 32767 74 41 66 21 32767 49 32767 76 15 92 14 
32767 22 94 32767 50 61 16 20 32767 32767 35 76 32767 57 49 7 
9 60 100 69 32767 17 21 63 17 18 39 15 57 32767 27 64 
61 90 7 78 69 26 44 21 25 32 4 92 49 27 32767 32767 
63 81 32767 24 32767 40 32767 63 32767 32767 94 14 7 64 32767 32767 
EOF