DIMENSION: 16
EDGE_WEIGHT_TYPE: EXPLICIT
EDGE_WEIGHT_FORMAT: FULL_MATRIX
EDGE_WEIGHT_SECTION:
32767 5 30 74 16 59 25 47 28 83 38 25 69 7 66 17 
5 32767 61 81 7 54 75 88 32767 32767 97 21 92 32767 32767 72 
30 61 32767 53 23 29 3 32767 32767 83 40 32767 15 31 36 62 
74 81 53 32767 32767 93 32767 40 70 59 29 32767 20 32767 83 51 
16 7 23 32767 32767 56 48 90 38 94 23 32767 13 34 98 32767 
59 54 29 93 56 32767 98 56 40 46 53 79 35 32767 76 70 
25 75 3 32767 48 98 32767 49 32767 31 91 32767 61 32767 88 9 
47 88 32767 40 90 56 49 32767 82 32767 32767 75 24 95 82 85 
28 32767 32767 70 38 40 32767 82 32767 48 32767 20 18 6 32767 66 
83 32767 83 59 94 46 31 32767 48 32767 75 40 52 35 32767 9 
38 97 40 29 23 53 91 32767 32767 75 32767 72 16 32767 94 30 
25 21 32767 32767 32767 79 32767 75 20 40 72 32767 6 65 35 78 
69 92 15 20 13 35 61 24 18 52 16 6 32767 37 32767 32767 
7 32767 31 32767 34 32767 32767 95 6 35 32767 65 37 32767 32767 37 
66 32767 36 83 98 76 88 82 32767 32767 94 35 32767 32767 32767 52 
17 72 62 51 32767 70 9 85 66 9 30 78 32767 37 52 32767 
EOF