DIMENSION: 26
EDGE_WEIGHT_TYPE: EXPLICIT
EDGE_WEIGHT_FORMAT: FULL_MATRIX
EDGE_WEIGHT_SECTION:
32767 32767 32767 32767 32767 32767 32767 32767 32767 32767 32767 2 2 32767 32767 32767 84 20 87 74 32767 32767 55 32767 48 32767 
32767 32767 32767 23 65 47 32767 48 40 32767 2 79 32767 90 62 32767 26 4 84 32767 32767 41 85 32767 32767 32767 
32767 32767 32767 32767 78 47 32767 100 92 32767 33 26 30 46 32767 29 32767 58 32767 32767 36 32767 18 5 82 32767 
32767 23 32767 32767 32767 32767 93 32767 32767 9 24 81 23 2 32767 11 71 32767 32767 79 31 32767 64 32767 45 22 
32767 65 78 32767 32767 3 86 27 13 32767 73 59 12 10 75 32767 32767 39 32767 2 32767 99 32767 23 32767 60 
32767 47 47 32767 3 32767 32767 35 32767 85 32767 95 32767 94 3 32767 100 66 33 27 18 57 32767 32767 52 32767 
32767 32767 32767 93 86 32767 32767 38 32767 22 84 29 62 32767 81 32767 32767 94 98 83 32767 5 32767 77 32767 32767 
32767 48 100 32767 27 35 38 32767 8 79 32767 32767 1 78 20 45 32767 32767 32767 98 32767 32767 60 32767 64 24 
32767 40 92 32767 13 32767 32767 8 32767 11 22 20 83 1 69 32767 32767 55 92 32767 9 32767 76 32767 32767 32767 
32767 32767 32767 9 32767 85 22 79 11 32767 32767 36 68 46 32767 66 99 93 32767 32767 32767 36 32767 32767 32767 32767 
32767 2 33 24 73 32767 84 32767 22 32767 32767 88 69 20 62 32767 97 32767 32767 81 32767 98 57 3 20 31 
2 79 26 81 59 95 29 32767 20 36 88 32767 56 32767 94 32767 44 37 32767 50 32767 32767 32767 32767 32767 32767 
2 32767 30 23 12 32767 62 1 83 68 69 56 32767 32767 32767 19 32767 43 32767 32767 88 32767 32767 8 89 33 
32767 90 46 2 10 94 32767 78 1 46 20 32767 32767 32767 65 47 70 32767 67 42 32767 36 82 32767 32767 32767 
32767 62 32767 32767 75 3 81 20 69 32767 62 94 32767 65 32767 18 32767 51 32767 32767 32767 32767 32767 52 32767 32767 
32767 32767 29 11 32767 32767 32767 45 32767 66 32767 32767 19 47 18 32767 32767 32767 93 32767 60 40 9 27 20 65 
84 26 32767 71 32767 100 32767 32767 32767 99 97 44 32767 70 32767 32767 32767 62 32767 32767 15 22 22 32767 26 32767 
20 4 58 32767 39 66 94 32767 55 93 32767 37 43 32767 51 32767 62 32767 32767 32767 32767 28 61 36 34 32767 
87 84 32767 32767 32767 33 98 32767 92 32767 32767 32767 32767 67 32767 93 32767 32767 32767 75 1 32767 32767 32767 32767 26 
74 32767 32767 79 2 27 83 98 32767 32767 81 50 32767 42 32767 32767 32767 32767 75 32767 32767 99 32767 83 71 32767 
32767 32767 36 31 32767 18 32767 32767 9 32767 32767 32767 88 32767 32767 60 15 32767 1 32767 32767 46 39 32767 32767 32767 
32767 41 32767 32767 99 57 5 32767 32767 36 98 32767 32767 36 32767 40 22 28 32767 99 46 32767 75 31 32767 5 
55 85 18 64 32767 32767 32767 60 76 32767 57 32767 32767 82 32767 9 22 61 32767 32767 39 75 32767 84 82 92 
32767 32767 5 32767 23 32767 77 32767 32767 32767 3 32767 8 32767 52 27 32767 36 32767 83 32767 31 84 32767 32767 2 
48 32767 82 45 32767 52 32767 64 32767 32767 20 32767 89 32767 32767 20 26 34 32767 71 32767 32767 82 32767 32767 32767 
32767 32767 32767 22 60 32767 32767 24 32767 32767 31 32767 33 32767 32767 65 32767 32767 26 32767 32767 5 92 2 32767 32767 
EOF