DIMENSION: 26
EDGE_WEIGHT_TYPE: EXPLICIT
EDGE_WEIGHT_FORMAT: FULL_MATRIX
EDGE_WEIGHT_SECTION:
32767 32767 100 98 17 84 11 54 32767 32767 98 65 32767 32767 49 71 32767 57 3 4 32767 32767 93 32767 4 27 
32767 32767 78 84 53 33 59 60 77 32767 24 32767 78 90 17 65 40 54 32767 31 32767 48 49 32767 8 32767 
100 78 32767 32767 40 55 32767 41 32767 32767 65 32767 32767 12 32767 17 35 1 94 4 32767 32767 88 29 32767 32767 
98 84 32767 32767 41 76 23 32767 93 32767 32767 30 72 32767 70 69 35 32767 32767 35 32767 32767 32767 32767 32767 49 
17 53 40 41 32767 32767 81 82 77 8 11 8 49 73 32767 7 83 28 32767 43 28 16 32767 48 46 54 
84 33 55 76 32767 32767 85 38 32767 81 22 88 32767 29 32767 32767 32767 32767 98 1 41 32767 89 32767 32767 67 
11 59 32767 23 81 85 32767 2 66 100 92 52 32767 63 86 15 67 70 32767 32767 32767 57 72 32767 32767 32767 
54 60 41 32767 82 38 2 32767 21 49 97 32767 32767 32767 32767 60 75 57 88 32767 32767 41 19 32767 32767 32767 
32767 77 32767 93 77 32767 66 21 32767 69 61 7 100 32767 46 32767 32767 32767 29 76 11 13 71 26 39 44 
32767 32767 32767 32767 8 81 100 49 69 32767 32767 32767 45 32767 51 32767 32767 12 32767 34 89 59 39 84 6 23 
98 24 65 32767 11 22 92 97 61 32767 32767 36 32767 32767 32767 32767 43 32767 32767 66 32767 66 32767 53 92 32767 
65 32767 32767 30 8 88 52 32767 7 32767 36 32767 3 67 32767 69 99 62 32767 32767 32767 75 32767 32767 80 55 
32767 78 32767 72 49 32767 32767 32767 100 45 32767 3 32767 32767 73 32767 77 32767 70 32767 79 47 12 70 88 32767 
32767 90 12 32767 73 29 63 32767 32767 32767 32767 67 32767 32767 7 36 30 10 32 32767 4 64 39 2 5 32767 
49 17 32767 70 32767 32767 86 32767 46 51 32767 32767 73 7 32767 32767 32767 66 25 15 80 32767 16 32767 93 32767 
71 65 17 69 7 32767 15 60 32767 32767 32767 69 32767 36 32767 32767 24 15 32767 32767 12 11 32767 15 32767 32767 
32767 40 35 35 83 32767 67 75 32767 32767 43 99 77 30 32767 24 32767 32767 85 77 11 39 11 35 98 72 
57 54 1 32767 28 32767 70 57 32767 12 32767 62 32767 10 66 15 32767 32767 16 32767 32767 32767 16 32767 32 32767 
3 32767 94 32767 32767 98 32767 88 29 32767 32767 32767 70 32 25 32767 85 16 32767 81 60 48 8 66 94 30 
4 31 4 35 43 1 32767 32767 76 34 66 32767 32767 32767 15 32767 77 32767 81 32767 35 49 32767 22 32767 26 
32767 32767 32767 32767 28 41 32767 32767 11 89 32767 32767 79 4 80 12 11 32767 60 35 32767 1 7 32767 51 4 
32767 48 32767 32767 16 32767 57 41 13 59 66 75 47 64 32767 11 39 32767 48 49 1 32767 29 32767 32767 95 
93 49 88 32767 32767 89 72 19 71 39 32767 32767 12 39 16 32767 11 16 8 32767 7 29 32767 32767 62 1 
32767 32767 29 32767 48 32767 32767 32767 26 84 53 32767 70 2 32767 15 35 32767 66 22 32767 32767 32767 32767 32767 32767 
4 8 32767 32767 46 32767 32767 32767 39 6 92 80 88 5 93 32767 98 32 94 32767 51 32767 62 32767 32767 66 
27 32767 32767 49 54 67 32767 32767 44 23 32767 55 32767 32767 32767 32767 72 32767 30 26 4 95 1 32767 66 32767 
EOF