DIMENSION: 26
EDGE_WEIGHT_TYPE: EXPLICIT
EDGE_WEIGHT_FORMAT: FULL_MATRIX
EDGE_WEIGHT_SECTION:
32767 32767 80 65 27 69 16 32767 8 32767 32767 9 32767 18 32767 45 32767 32767 32767 55 32767 95 96 7 19 32767 
32767 32767 32767 87 32767 95 32767 3 73 32767 7 6 56 28 32767 44 32767 32767 48 12 59 18 63 92 40 32767 
80 32767 32767 32767 32767 32767 32767 31 32767 32767 32767 92 53 32767 86 3 32767 32767 35 38 32767 32767 32767 53 68 32767 
65 87 32767 32767 61 32767 43 66 32767 32767 31 95 32767 32767 40 32767 60 98 96 78 56 90 77 90 32767 32767 
27 32767 32767 61 32767 32767 24 3 32767 32767 91 32767 32767 93 32767 32767 32767 89 32767 32767 23 63 79 32767 32767 32767 
69 95 32767 32767 32767 32767 32767 32767 32767 80 18 71 32767 38 32767 31 32767 32767 77 32767 3 32767 32767 23 15 86 
16 32767 32767 43 24 32767 32767 34 32767 32767 74 67 22 86 32767 95 20 32767 96 32767 51 31 20 49 32767 83 
32767 3 31 66 3 32767 34 32767 34 32767 7 32767 32767 46 2 82 50 97 1 32767 32767 84 32767 32767 84 40 
8 73 32767 32767 32767 32767 32767 34 32767 20 61 32767 19 32767 35 26 25 32767 32767 12 2 70 62 32767 32767 9 
32767 32767 32767 32767 32767 80 32767 32767 20 32767 82 88 32767 48 32767 18 90 32767 32767 92 32767 27 37 34 32767 34 
32767 7 32767 31 91 18 74 7 61 82 32767 85 58 32767 91 32767 44 32767 92 32 76 94 27 68 32767 4 
9 6 92 95 32767 71 67 32767 32767 88 85 32767 32767 32767 32767 4 35 32767 80 14 8 32767 22 15 32767 32767 
32767 56 53 32767 32767 32767 22 32767 19 32767 58 32767 32767 88 32 32767 32767 19 6 32767 8 32767 22 81 32767 32767 
18 28 32767 32767 93 38 86 46 32767 48 32767 32767 88 32767 32767 76 19 32767 32767 18 28 98 91 85 33 99 
32767 32767 86 40 32767 32767 32767 2 35 32767 91 32767 32 32767 32767 32767 6 32767 32767 32767 32767 76 32767 32767 32767 40 
45 44 3 32767 32767 31 95 82 26 18 32767 4 32767 76 32767 32767 51 32767 32767 32767 54 100 73 21 47 63 
32767 32767 32767 60 32767 32767 20 50 25 90 44 35 32767 19 6 51 32767 32767 32767 67 100 19 12 32767 60 32767 
32767 32767 32767 98 89 32767 32767 97 32767 32767 32767 32767 19 32767 32767 32767 32767 32767 32767 11 32767 13 32767 64 36 32767 
32767 48 35 96 32767 77 96 1 32767 32767 92 80 6 32767 32767 32767 32767 32767 32767 100 32767 32767 32767 32767 35 25 
55 12 38 78 32767 32767 32767 32767 12 92 32 14 32767 18 32767 32767 67 11 100 32767 96 32767 32767 32767 28 32767 
32767 59 32767 56 23 3 51 32767 2 32767 76 8 8 28 32767 54 100 32767 32767 96 32767 32767 80 98 65 32767 
95 18 32767 90 63 32767 31 84 70 27 94 32767 32767 98 76 100 19 13 32767 32767 32767 32767 28 11 40 31 
96 63 32767 77 79 32767 20 32767 62 37 27 22 22 91 32767 73 12 32767 32767 32767 80 28 32767 76 32767 10 
7 92 53 90 32767 23 49 32767 32767 34 68 15 81 85 32767 21 32767 64 32767 32767 98 11 76 32767 58 32767 
19 40 68 32767 32767 15 32767 84 32767 32767 32767 32767 32767 33 32767 47 60 36 35 28 65 40 32767 58 32767 4 
32767 32767 32767 32767 32767 86 83 40 9 34 4 32767 32767 99 40 63 32767 32767 25 32767 32767 31 10 32767 4 32767 
EOF