DIMENSION: 26
EDGE_WEIGHT_TYPE: EXPLICIT
EDGE_WEIGHT_FORMAT: FULL_MATRIX
EDGE_WEIGHT_SECTION:
32767 54 32767 32767 29 60 4 64 96 32767 28 54 32767 32767 26 32767 39 44 32767 32767 32767 80 74 92 32767 32767 
54 32767 32767 32767 94 32767 32767 49 17 32767 72 82 75 55 42 50 65 26 52 78 42 32767 32767 45 99 32767 
32767 32767 32767 32767 89 69 32767 96 32767 32767 32767 32767 15 57 65 32767 73 32767 32767 38 32767 34 63 52 54 32767 
32767 32767 32767 32767 32767 19 32767 32767 32767 2 13 27 32767 98 29 32767 32767 32767 24 20 32767 32767 32767 39 6 32767 
29 94 89 32767 32767 24 80 3 72 74 32767 82 79 96 3 32767 32767 54 32767 90 71 32767 97 32767 32767 75 
60 32767 69 19 24 32767 6 20 32767 69 66 32767 75 24 97 90 32767 22 53 70 32767 65 44 17 32767 32767 
4 32767 32767 32767 80 6 32767 73 32767 55 32767 67 32767 90 32767 3 83 71 42 95 6 86 3 32767 32767 94 
64 49 96 32767 3 20 73 32767 92 32767 45 32767 72 83 92 77 26 32767 32767 12 36 57 65 79 16 35 
96 17 32767 32767 72 32767 32767 92 32767 32767 32767 32767 32767 32767 32767 32767 89 32767 32767 81 2 77 91 55 32767 32767 
32767 32767 32767 2 74 69 55 32767 32767 32767 32767 94 32767 32767 32767 23 32767 32767 32767 32767 32767 32767 58 100 32767 32767 
28 72 32767 13 32767 66 32767 45 32767 32767 32767 87 32767 15 32767 89 59 60 65 22 32767 44 32767 79 99 32767 
54 82 32767 27 82 32767 67 32767 32767 94 87 32767 8 10 2 32767 8 21 32767 61 66 25 32767 32767 21 87 
32767 75 15 32767 79 75 32767 72 32767 32767 32767 8 32767 19 32767 82 32767 92 63 13 46 32767 32767 32767 32767 55 
32767 55 57 98 96 24 90 83 32767 32767 15 10 19 32767 74 86 32767 86 42 29 27 52 2 52 79 62 
26 42 65 29 3 97 32767 92 32767 32767 32767 2 32767 74 32767 32767 32767 70 32767 30 32767 55 61 32767 32767 32767 
32767 50 32767 32767 32767 90 3 77 32767 23 89 32767 82 86 32767 32767 37 21 33 49 90 48 32767 32767 1 32767 
39 65 73 32767 32767 32767 83 26 89 32767 59 8 32767 32767 32767 37 32767 32 32767 32767 32767 64 46 43 37 32767 
44 26 32767 32767 54 22 71 32767 32767 32767 60 21 92 86 70 21 32 32767 25 62 29 71 39 32767 78 32767 
32767 52 32767 24 32767 53 42 32767 32767 32767 65 32767 63 42 32767 33 32767 25 32767 32767 32767 32767 61 42 32767 32767 
32767 78 38 20 90 70 95 12 81 32767 22 61 13 29 30 49 32767 62 32767 32767 32767 25 40 86 14 32767 
32767 42 32767 32767 71 32767 6 36 2 32767 32767 66 46 27 32767 90 32767 29 32767 32767 32767 28 52 55 32767 32767 
80 32767 34 32767 32767 65 86 57 77 32767 44 25 32767 52 55 48 64 71 32767 25 28 32767 97 26 32767 50 
74 32767 63 32767 97 44 3 65 91 58 32767 32767 32767 2 61 32767 46 39 61 40 52 97 32767 86 32767 53 
92 45 52 39 32767 17 32767 79 55 100 79 32767 32767 52 32767 32767 43 32767 42 86 55 26 86 32767 2 88 
32767 99 54 6 32767 32767 32767 16 32767 32767 99 21 32767 79 32767 1 37 78 32767 14 32767 32767 32767 2 32767 90 
32767 32767 32767 32767 75 32767 94 35 32767 32767 32767 87 55 62 32767 32767 32767 32767 32767 32767 32767 50 53 88 90 32767 
EOF