DIMENSION: 26
EDGE_WEIGHT_TYPE: EXPLICIT
EDGE_WEIGHT_FORMAT: FULL_MATRIX
EDGE_WEIGHT_SECTION:
32767 34 15 32767 45 32767 27 7 32767 72 32767 25 32767 32767 12 27 74 31 30 32767 64 21 4 21 32767 55 
34 32767 74 18 32767 94 32767 32767 42 85 32767 13 32767 32767 32767 32767 32767 32767 69 36 32767 75 32767 20 97 32767 
15 74 32767 86 76 32767 70 28 32767 32767 74 34 32767 90 32767 32767 32767 61 66 20 92 78 6 17 32767 32767 
32767 18 86 32767 32767 83 32767 22 32767 55 34 23 32767 14 31 11 68 70 32767 32767 8 61 50 44 32767 66 
45 32767 76 32767 32767 52 28 68 94 16 31 77 66 2 78 69 89 32767 96 32767 72 18 62 8 100 30 
32767 94 32767 83 52 32767 19 32767 32767 45 30 32767 7 32767 32767 14 86 32767 95 60 32767 73 63 12 32767 79 
27 32767 70 32767 28 19 32767 96 31 32767 12 23 32767 86 76 56 51 70 32767 25 74 88 32767 32767 32767 37 
7 32767 28 22 68 32767 96 32767 32767 19 90 49 1 97 32767 32767 32767 32767 32767 74 41 32767 32767 12 32767 48 
32767 42 32767 32767 94 32767 31 32767 32767 36 32767 57 32767 69 47 76 28 16 54 32767 32767 66 32767 52 48 9 
72 85 32767 55 16 45 32767 19 36 32767 32767 18 32767 16 52 24 82 32767 32767 32767 32767 32767 33 32767 72 5 
32767 32767 74 34 31 30 12 90 32767 32767 32767 32767 32767 58 23 39 35 13 94 32767 70 66 73 81 32767 65 
25 13 34 23 77 32767 23 49 57 18 32767 32767 32767 36 38 32767 32767 52 20 32767 32767 51 68 32767 83 60 
32767 32767 32767 32767 66 7 32767 1 32767 32767 32767 32767 32767 7 32767 55 32767 50 32767 84 32767 73 32767 70 32767 89 
32767 32767 90 14 2 32767 86 97 69 16 58 36 7 32767 61 68 15 97 61 13 29 73 32767 23 32767 32767 
12 32767 32767 31 78 32767 76 32767 47 52 23 38 32767 61 32767 32767 10 100 100 32767 32767 32767 61 81 2 32767 
27 32767 32767 11 69 14 56 32767 76 24 39 32767 55 68 32767 32767 32767 32767 32767 32767 83 32767 32767 35 29 8 
74 32767 32767 68 89 86 51 32767 28 82 35 32767 32767 15 10 32767 32767 32767 32767 68 32767 32767 32767 32767 32767 45 
31 32767 61 70 32767 32767 70 32767 16 32767 13 52 50 97 100 32767 32767 32767 32767 32767 32767 99 12 97 32767 31 
30 69 66 32767 96 95 32767 32767 54 32767 94 20 32767 61 100 32767 32767 32767 32767 83 25 18 34 32767 32767 71 
32767 36 20 32767 32767 60 25 74 32767 32767 32767 32767 84 13 32767 32767 68 32767 83 32767 32767 89 32 6 32767 32767 
64 32767 92 8 72 32767 74 41 32767 32767 70 32767 32767 29 32767 83 32767 32767 25 32767 32767 32767 32767 15 93 32767 
21 75 78 61 18 73 88 32767 66 32767 66 51 73 73 32767 32767 32767 99 18 89 32767 32767 7 32767 32767 32767 
4 32767 6 50 62 63 32767 32767 32767 33 73 68 32767 32767 61 32767 32767 12 34 32 32767 7 32767 73 49 52 
21 20 17 44 8 12 32767 12 52 32767 81 32767 70 23 81 35 32767 97 32767 6 15 32767 73 32767 76 74 
32767 97 32767 32767 100 32767 32767 32767 48 72 32767 83 32767 32767 2 29 32767 32767 32767 32767 93 32767 49 76 32767 32767 
55 32767 32767 66 30 79 37 48 9 5 65 60 89 32767 32767 8 45 31 71 32767 32767 32767 52 74 32767 32767 
EOF