DIMENSION: 26
EDGE_WEIGHT_TYPE: EXPLICIT
EDGE_WEIGHT_FORMAT: FULL_MATRIX
EDGE_WEIGHT_SECTION:
32767 32767 32767 73 100 68 32767 91 88 32767 32767 34 75 32767 32767 82 32767 32767 32767 65 32767 32767 33 32767 57 32767 
32767 32767 32767 32767 70 32767 32767 79 33 58 7 98 22 32767 32767 38 32767 32767 32767 32767 84 54 85 50 32767 8 
32767 32767 32767 64 52 90 7 32767 12 56 61 32767 26 32 3 28 5 32767 32767 58 32767 73 32767 20 32767 32767 
73 32767 64 32767 97 37 32767 32767 58 16 51 32767 32767 32767 36 24 27 66 63 48 32767 32767 72 12 32767 61 
100 70 52 97 32767 32767 71 68 19 32767 23 32767 13 32767 91 32767 12 11 50 27 54 32767 76 32767 32767 32767 
68 32767 90 37 32767 32767 32767 47 51 38 32767 86 59 28 32767 92 32767 3 32767 29 99 17 32767 32767 53 32767 
32767 32767 7 32767 71 32767 32767 51 32767 15 32767 32767 33 25 32767 32767 43 46 50 32767 30 32767 47 89 2 32767 
91 79 32767 32767 68 47 51 32767 67 32767 32767 58 32767 32767 32767 100 16 32767 58 76 53 32767 83 32767 81 32767 
88 33 12 58 19 51 32767 67 32767 94 35 32767 27 32767 36 32767 59 32767 32767 14 32767 71 32767 96 99 32767 
32767 58 56 16 32767 38 15 32767 94 32767 91 15 32767 60 67 32767 32767 6 80 14 32767 3 32767 95 97 32767 
32767 7 61 51 23 32767 32767 32767 35 91 32767 32767 93 29 31 32767 87 52 32767 32767 22 62 32767 32767 32767 34 
34 98 32767 32767 32767 86 32767 58 32767 15 32767 32767 66 68 8 5 32767 97 87 32767 57 32767 32767 67 32767 22 
75 22 26 32767 13 59 33 32767 27 32767 93 66 32767 41 32767 32767 32767 100 4 98 32767 57 84 92 43 55 
32767 32767 32 32767 32767 28 25 32767 32767 60 29 68 41 32767 86 32767 44 32767 32767 32767 70 32767 7 32767 32767 32767 
32767 32767 3 36 91 32767 32767 32767 36 67 31 8 32767 86 32767 32767 27 32767 6 74 28 70 47 31 32767 32767 
82 38 28 24 32767 92 32767 100 32767 32767 32767 5 32767 32767 32767 32767 32767 32767 74 32767 32767 32767 32767 2 5 76 
32767 32767 5 27 12 32767 43 16 59 32767 87 32767 32767 44 27 32767 32767 37 32767 32767 32767 83 91 32767 65 80 
32767 32767 32767 66 11 3 46 32767 32767 6 52 97 100 32767 32767 32767 37 32767 32767 77 32767 32767 32767 32767 32767 32767 
32767 32767 32767 63 50 32767 50 58 32767 80 32767 87 4 32767 6 74 32767 32767 32767 21 32767 80 32767 55 10 32767 
65 32767 58 48 27 29 32767 76 14 14 32767 32767 98 32767 74 32767 32767 77 21 32767 4 32767 39 32767 43 32767 
32767 84 32767 32767 54 99 30 53 32767 32767 22 57 32767 70 28 32767 32767 32767 32767 4 32767 75 32767 51 2 19 
32767 54 73 32767 32767 17 32767 32767 71 3 62 32767 57 32767 70 32767 83 32767 80 32767 75 32767 18 31 91 32767 
33 85 32767 72 76 32767 47 83 32767 32767 32767 32767 84 7 47 32767 91 32767 32767 39 32767 18 32767 64 32767 32767 
32767 50 20 12 32767 32767 89 32767 96 95 32767 67 92 32767 31 2 32767 32767 55 32767 51 31 64 32767 32767 33 
57 32767 32767 32767 32767 53 2 81 99 97 32767 32767 43 32767 32767 5 65 32767 10 43 2 91 32767 32767 32767 32767 
32767 8 32767 61 32767 32767 32767 32767 32767 32767 34 22 55 32767 32767 76 80 32767 32767 32767 19 32767 32767 33 32767 32767 
EOF