DIMENSION: 26
EDGE_WEIGHT_TYPE: EXPLICIT
EDGE_WEIGHT_FORMAT: FULL_MATRIX
EDGE_WEIGHT_SECTION:
32767 64 32767 79 32767 10 32767 32767 57 2 32767 32767 32767 97 9 69 95 32767 15 32767 98 11 32767 32767 70 51 
64 32767 62 28 49 81 72 32767 32 69 26 50 32767 98 32767 32767 32767 94 32767 97 16 99 32767 47 89 73 
32767 62 32767 89 48 48 90 16 47 32767 6 98 23 58 32767 32767 32767 32767 54 53 32767 32767 32767 32767 69 32767 
79 28 89 32767 32767 84 32767 47 32767 32767 32767 44 22 45 56 38 16 32767 21 32 32767 96 16 3 32767 12 
32767 49 48 32767 32767 81 98 19 70 41 32767 32767 90 60 32767 80 37 32767 32767 30 42 55 32767 32767 44 100 
10 81 48 84 81 32767 32767 32767 32767 30 60 32 54 80 74 47 41 27 71 3 32767 32767 29 4 32767 52 
32767 72 90 32767 98 32767 32767 32767 39 32767 22 32767 64 32767 32767 68 32767 60 61 35 58 29 32767 9 15 32767 
32767 32767 16 47 19 32767 32767 32767 93 7 10 19 44 32767 33 10 32767 23 74 32767 83 32767 32767 76 32767 90 
57 32 47 32767 70 32767 39 93 32767 82 5 15 32767 85 16 32 32767 32767 32767 32767 16 28 43 32767 71 32767 
2 69 32767 32767 41 30 32767 7 82 32767 59 32767 28 3 92 1 6 27 38 32767 31 68 36 21 58 32767 
32767 26 6 32767 32767 60 22 10 5 59 32767 16 10 20 39 72 32767 32767 32767 100 71 32767 96 49 64 25 
32767 50 98 44 32767 32 32767 19 15 32767 16 32767 18 20 58 93 32767 32767 56 38 45 32767 37 32767 8 50 
32767 32767 23 22 90 54 64 44 32767 28 10 18 32767 58 44 47 36 27 58 94 3 67 81 90 32767 92 
97 98 58 45 60 80 32767 32767 85 3 20 20 58 32767 70 21 25 41 23 32767 43 89 9 56 1 72 
9 32767 32767 56 32767 74 32767 33 16 92 39 58 44 70 32767 21 74 29 32767 94 32767 32767 70 93 32767 15 
69 32767 32767 38 80 47 68 10 32 1 72 93 47 21 21 32767 32767 9 96 37 84 32767 46 64 32767 89 
95 32767 32767 16 37 41 32767 32767 32767 6 32767 32767 36 25 74 32767 32767 32767 32767 32767 92 32767 32767 57 49 32767 
32767 94 32767 32767 32767 27 60 23 32767 27 32767 32767 27 41 29 9 32767 32767 32767 45 32767 73 51 32767 32767 32767 
15 32767 54 21 32767 71 61 74 32767 38 32767 56 58 23 32767 96 32767 32767 32767 45 32767 32767 50 32767 28 1 
32767 97 53 32 30 3 35 32767 32767 32767 100 38 94 32767 94 37 32767 45 45 32767 69 32767 26 32767 26 1 
98 16 32767 32767 42 32767 58 83 16 31 71 45 3 43 32767 84 92 32767 32767 69 32767 32767 32767 15 18 32767 
11 99 32767 96 55 32767 29 32767 28 68 32767 32767 67 89 32767 32767 32767 73 32767 32767 32767 32767 69 45 87 24 
32767 32767 32767 16 32767 29 32767 32767 43 36 96 37 81 9 70 46 32767 51 50 26 32767 69 32767 92 64 32767 
32767 47 32767 3 32767 4 9 76 32767 21 49 32767 90 56 93 64 57 32767 32767 32767 15 45 92 32767 32767 90 
70 89 69 32767 44 32767 15 32767 71 58 64 8 32767 1 32767 32767 49 32767 28 26 18 87 64 32767 32767 32767 
51 73 32767 12 100 52 32767 90 32767 32767 25 50 92 72 15 89 32767 32767 1 1 32767 24 32767 90 32767 32767 
EOF