DIMENSION: 26
EDGE_WEIGHT_TYPE: EXPLICIT
EDGE_WEIGHT_FORMAT: FULL_MATRIX
EDGE_WEIGHT_SECTION:
32767 8 94 32767 8 77 32767 32767 95 11 26 32767 17 10 32767 32767 32767 32767 30 32767 84 32767 32767 32767 58 81 
8 32767 43 32767 91 32767 53 88 32767 4 14 32767 77 79 80 42 16 28 32767 8 29 54 12 24 51 17 
94 43 32767 64 32767 32 32767 32767 65 5 3 27 32767 13 4 32767 58 32767 21 32767 32767 44 77 27 91 7 
32767 32767 64 32767 2 32767 32767 32767 28 87 32767 28 93 84 32767 57 32767 32767 32767 32767 8 45 32767 82 89 32767 
8 91 32767 2 32767 97 20 32767 32767 48 32767 74 32767 32767 34 18 79 18 56 94 54 18 61 91 32767 32767 
77 32767 32 32767 97 32767 34 14 95 42 32767 75 32767 56 32767 74 32767 42 32767 32767 32767 95 32767 32767 32 78 
32767 53 32767 32767 20 34 32767 32767 32767 32767 33 3 32767 51 32767 32767 56 32767 32767 32767 54 32767 31 32767 32767 32767 
32767 88 32767 32767 32767 14 32767 32767 42 32767 74 44 32767 32767 32767 3 2 12 6 8 32767 40 17 62 32767 76 
95 32767 65 28 32767 95 32767 42 32767 44 32 32767 64 86 32767 32767 36 32767 32767 63 32767 94 51 32767 32767 32767 
11 4 5 87 48 42 32767 32767 44 32767 31 73 57 59 32 32767 47 32767 32 69 66 50 32767 87 32767 32767 
26 14 3 32767 32767 32767 33 74 32 31 32767 32767 32767 32767 7 35 32767 43 99 14 39 23 43 32767 61 50 
32767 32767 27 28 74 75 3 44 32767 73 32767 32767 83 48 32767 32767 41 41 54 81 32767 63 37 90 39 22 
17 77 32767 93 32767 32767 32767 32767 64 57 32767 83 32767 2 32767 57 32767 91 32767 32767 32767 32767 42 32767 32767 32767 
10 79 13 84 32767 56 51 32767 86 59 32767 48 2 32767 59 32767 28 45 61 42 32767 63 51 32767 59 32767 
32767 80 4 32767 34 32767 32767 32767 32767 32 7 32767 32767 59 32767 32767 32767 38 7 32767 32767 11 63 7 32767 32767 
32767 42 32767 57 18 74 32767 3 32767 32767 35 32767 57 32767 32767 32767 60 1 5 95 34 22 32767 13 32767 32767 
32767 16 58 32767 79 32767 56 2 36 47 32767 41 32767 28 32767 60 32767 32767 61 32767 5 32767 92 42 32767 89 
32767 28 32767 32767 18 42 32767 12 32767 32767 43 41 91 45 38 1 32767 32767 97 32767 32767 8 36 27 32767 32767 
30 32767 21 32767 56 32767 32767 6 32767 32 99 54 32767 61 7 5 61 97 32767 38 32767 97 68 10 13 55 
32767 8 32767 32767 94 32767 32767 8 63 69 14 81 32767 42 32767 95 32767 32767 38 32767 91 32767 28 32767 25 37 
84 29 32767 8 54 32767 54 32767 32767 66 39 32767 32767 32767 32767 34 5 32767 32767 91 32767 99 54 57 75 27 
32767 54 44 45 18 95 32767 40 94 50 23 63 32767 63 11 22 32767 8 97 32767 99 32767 32767 32767 47 83 
32767 12 77 32767 61 32767 31 17 51 32767 43 37 42 51 63 32767 92 36 68 28 54 32767 32767 31 24 32767 
32767 24 27 82 91 32767 32767 62 32767 87 32767 90 32767 32767 7 13 42 27 10 32767 57 32767 31 32767 32767 32767 
58 51 91 89 32767 32 32767 32767 32767 32767 61 39 32767 59 32767 32767 32767 32767 13 25 75 47 24 32767 32767 32767 
81 17 7 32767 32767 78 32767 76 32767 32767 50 22 32767 32767 32767 32767 89 32767 55 37 27 83 32767 32767 32767 32767 
EOF