DIMENSION: 26
EDGE_WEIGHT_TYPE: EXPLICIT
EDGE_WEIGHT_FORMAT: FULL_MATRIX
EDGE_WEIGHT_SECTION:
32767 32767 32767 32767 61 32767 87 44 63 60 32767 9 32767 48 32767 20 90 32767 25 39 32767 92 31 22 90 42 
32767 32767 21 100 9 59 55 91 29 32767 32767 32767 70 66 32767 84 33 95 16 62 32767 32767 32767 32767 32767 52 
32767 21 32767 74 51 32767 30 74 72 3 44 88 32767 82 11 32767 32767 98 32767 34 32767 93 37 32767 12 21 
32767 100 74 32767 14 48 32767 32767 6 32767 1 32767 63 29 21 32767 6 32767 32767 65 93 45 32767 30 32767 77 
61 9 51 14 32767 33 3 37 32767 55 30 32767 2 36 32767 32 46 32767 29 17 32767 32767 34 32767 32767 32767 
32767 59 32767 48 33 32767 48 78 77 32767 32767 32767 57 52 67 32767 75 40 32767 32767 91 41 27 33 99 32767 
87 55 30 32767 3 48 32767 76 32767 59 32767 25 9 9 13 1 23 53 32767 46 52 24 32767 32767 16 32767 
44 91 74 32767 37 78 76 32767 2 59 73 32767 81 89 27 59 47 73 49 32767 32767 46 88 32767 32767 47 
63 29 72 6 32767 77 32767 2 32767 32767 32767 92 32767 79 28 39 32767 62 45 32767 32767 80 91 32767 32767 73 
60 32767 3 32767 55 32767 59 59 32767 32767 100 32767 46 32767 20 32767 15 47 6 32767 32767 32767 32767 25 32767 94 
32767 32767 44 1 30 32767 32767 73 32767 100 32767 41 32767 32767 71 97 78 68 32767 87 1 6 46 32767 32767 43 
9 32767 88 32767 32767 32767 25 32767 92 32767 41 32767 32767 68 62 76 32767 77 18 32767 32767 32767 32767 32767 42 93 
32767 70 32767 63 2 57 9 81 32767 46 32767 32767 32767 1 32767 52 58 32767 53 32767 20 83 36 32767 32767 66 
48 66 82 29 36 52 9 89 79 32767 32767 68 1 32767 12 38 32767 44 40 22 84 44 27 44 100 50 
32767 32767 11 21 32767 67 13 27 28 20 71 62 32767 12 32767 32767 33 38 9 14 32767 32767 32767 35 97 34 
20 84 32767 32767 32 32767 1 59 39 32767 97 76 52 38 32767 32767 18 32767 32767 95 32767 38 43 94 56 99 
90 33 32767 6 46 75 23 47 32767 15 78 32767 58 32767 33 18 32767 93 97 84 32767 97 8 55 16 32767 
32767 95 98 32767 32767 40 53 73 62 47 68 77 32767 44 38 32767 93 32767 32767 32767 55 32767 45 19 10 32767 
25 16 32767 32767 29 32767 32767 49 45 6 32767 18 53 40 9 32767 97 32767 32767 32767 32767 51 82 42 32767 32767 
39 62 34 65 17 32767 46 32767 32767 32767 87 32767 32767 22 14 95 84 32767 32767 32767 13 62 32767 54 32767 15 
32767 32767 32767 93 32767 91 52 32767 32767 32767 1 32767 20 84 32767 32767 32767 55 32767 13 32767 32767 69 32767 32767 32767 
92 32767 93 45 32767 41 24 46 80 32767 6 32767 83 44 32767 38 97 32767 51 62 32767 32767 32767 63 54 58 
31 32767 37 32767 34 27 32767 88 91 32767 46 32767 36 27 32767 43 8 45 82 32767 69 32767 32767 70 9 32767 
22 32767 32767 30 32767 33 32767 32767 32767 25 32767 32767 32767 44 35 94 55 19 42 54 32767 63 70 32767 25 32767 
90 32767 12 32767 32767 99 16 32767 32767 32767 32767 42 32767 100 97 56 16 10 32767 32767 32767 54 9 25 32767 37 
42 52 21 77 32767 32767 32767 47 73 94 43 93 66 50 34 99 32767 32767 32767 15 32767 58 32767 32767 37 32767 
EOF