DIMENSION: 6
EDGE_WEIGHT_TYPE: EXPLICIT
EDGE_WEIGHT_FORMAT: FULL_MATRIX
EDGE_WEIGHT_SECTION:
32767 99 24 28 88 64 
99 32767 60 45 62 10 
24 60 32767 77 1 72 
28 45 77 32767 61 58 
88 62 1 61 32767 85 
64 10 72 58 85 32767 
EOF