DIMENSION: 6
EDGE_WEIGHT_TYPE: EXPLICIT
EDGE_WEIGHT_FORMAT: FULL_MATRIX
EDGE_WEIGHT_SECTION:
32767 89 95 24 9 69 
89 32767 91 85 30 62 
95 91 32767 15 48 60 
24 85 15 32767 45 66 
9 30 48 45 32767 75 
69 62 60 66 75 32767 
EOF