DIMENSION: 6
EDGE_WEIGHT_TYPE: EXPLICIT
EDGE_WEIGHT_FORMAT: FULL_MATRIX
EDGE_WEIGHT_SECTION:
32767 92 18 7 32767 78 
92 32767 39 6 14 74 
18 39 32767 46 32767 34 
7 6 46 32767 21 67 
32767 14 32767 21 32767 75 
78 74 34 67 75 32767 
EOF