DIMENSION: 6
EDGE_WEIGHT_TYPE: EXPLICIT
EDGE_WEIGHT_FORMAT: FULL_MATRIX
EDGE_WEIGHT_SECTION:
32767 97 31 7 91 31 
97 32767 90 43 52 76 
31 90 32767 73 32767 56 
7 43 73 32767 84 40 
91 52 32767 84 32767 44 
31 76 56 40 44 32767 
EOF