DIMENSION: 6
EDGE_WEIGHT_TYPE: EXPLICIT
EDGE_WEIGHT_FORMAT: FULL_MATRIX
EDGE_WEIGHT_SECTION:
32767 32767 11 70 89 93 
32767 32767 32767 69 32767 67 
11 32767 32767 43 45 9 
70 69 43 32767 79 98 
89 32767 45 79 32767 87 
93 67 9 98 87 32767 
EOF