DIMENSION: 24
EDGE_WEIGHT_TYPE: EXPLICIT
EDGE_WEIGHT_FORMAT: FULL_MATRIX
EDGE_WEIGHT_SECTION:
32767 66 1 74 52 32767 32767 4 10 54 33 48 32767 39 71 32767 32767 95 32767 54 32767 32767 32767 32767 
66 32767 32767 21 61 32767 6 32767 32767 32767 79 32767 7 47 32767 8 32767 3 21 32767 67 32767 32767 84 
1 32767 32767 40 73 49 42 66 95 79 21 20 54 32767 32767 32767 32767 32767 32767 3 32767 86 55 41 
74 21 40 32767 29 32767 32767 32767 11 37 5 32767 32767 32767 32767 11 32767 32767 65 94 28 32767 96 32767 
52 61 73 29 32767 89 18 51 47 32767 35 94 32767 70 32767 80 47 32767 6 93 54 32767 32767 32767 
32767 32767 49 32767 89 32767 17 55 32767 11 95 34 32767 32767 90 65 32767 32767 17 32767 32767 90 55 32767 
32767 6 42 32767 18 17 32767 32767 11 3 32767 32767 72 55 46 32767 42 11 33 4 98 32767 32767 89 
4 32767 66 32767 51 55 32767 32767 32767 32 13 62 36 70 32767 32767 32767 37 32767 32767 84 86 88 32767 
10 32767 95 11 47 32767 11 32767 32767 32767 89 8 70 60 32767 32767 67 41 32767 32767 4 32767 32767 32767 
54 32767 79 37 32767 11 3 32 32767 32767 74 7 32767 74 96 32767 36 64 32767 1 32767 32767 33 14 
33 79 21 5 35 95 32767 13 89 74 32767 32767 32767 25 32767 32767 71 26 32767 58 32767 30 32767 32767 
48 32767 20 32767 94 34 32767 62 8 7 32767 32767 32767 83 32767 74 32767 18 59 32767 84 14 37 32767 
32767 7 54 32767 32767 32767 72 36 70 32767 32767 32767 32767 7 38 32767 48 32767 77 22 26 66 77 2 
39 47 32767 32767 70 32767 55 70 60 74 25 83 7 32767 22 77 32767 83 50 27 29 32767 27 32767 
71 32767 32767 32767 32767 90 46 32767 32767 96 32767 32767 38 22 32767 32767 92 20 32767 32767 32767 53 32767 24 
32767 8 32767 11 80 65 32767 32767 32767 32767 32767 74 32767 77 32767 32767 41 85 32767 32767 32767 32767 28 32767 
32767 32767 32767 32767 47 32767 42 32767 67 36 71 32767 48 32767 92 41 32767 32767 32767 45 81 87 67 28 
95 3 32767 32767 32767 32767 11 37 41 64 26 18 32767 83 20 85 32767 32767 32767 76 56 45 25 23 
32767 21 32767 65 6 17 33 32767 32767 32767 32767 59 77 50 32767 32767 32767 32767 32767 32767 32767 87 32767 32767 
54 32767 3 94 93 32767 4 32767 32767 1 58 32767 22 27 32767 32767 45 76 32767 32767 30 56 32767 96 
32767 67 32767 28 54 32767 98 84 4 32767 32767 84 26 29 32767 32767 81 56 32767 30 32767 32767 34 92 
32767 32767 86 32767 32767 90 32767 86 32767 32767 30 14 66 32767 53 32767 87 45 87 56 32767 32767 47 49 
32767 32767 55 96 32767 55 32767 88 32767 33 32767 37 77 27 32767 28 67 25 32767 32767 34 47 32767 23 
32767 84 41 32767 32767 32767 89 32767 32767 14 32767 32767 2 32767 24 32767 28 23 32767 96 92 49 23 32767 
EOF