DIMENSION: 24
EDGE_WEIGHT_TYPE: EXPLICIT
EDGE_WEIGHT_FORMAT: FULL_MATRIX
EDGE_WEIGHT_SECTION:
32767 98 20 20 32767 32767 32767 32767 32767 32767 61 59 60 82 32767 32767 3 32767 32767 8 8 32767 58 10 
98 32767 87 32767 74 35 69 16 33 32767 14 75 32767 32767 7 23 32767 20 86 46 25 17 83 32767 
20 87 32767 3 25 32767 52 94 32767 34 32767 92 32767 39 2 17 20 16 48 12 32767 15 32767 32767 
20 32767 3 32767 75 14 67 32767 98 46 32767 84 32767 58 32767 32767 75 32767 23 69 37 18 82 88 
32767 74 25 75 32767 13 54 3 11 6 30 55 32767 83 31 32767 94 45 95 16 32767 32767 76 32767 
32767 35 32767 14 13 32767 32767 84 43 65 92 50 23 32767 74 21 32767 33 87 6 32767 12 30 20 
32767 69 52 67 54 32767 32767 32767 32767 53 32767 32767 32767 92 32767 32767 88 40 32767 32767 62 32767 49 39 
32767 16 94 32767 3 84 32767 32767 32767 50 32767 31 32767 32767 66 6 32767 8 32767 8 32767 32767 12 41 
32767 33 32767 98 11 43 32767 32767 32767 32767 25 72 32767 25 22 32767 52 32767 47 32767 32767 32767 30 8 
32767 32767 34 46 6 65 53 50 32767 32767 18 54 32767 15 93 32767 75 32767 96 32767 69 32767 32767 32767 
61 14 32767 32767 30 92 32767 32767 25 18 32767 71 91 32767 92 32 32767 1 32767 57 84 13 32767 39 
59 75 92 84 55 50 32767 31 72 54 71 32767 32767 86 32767 32767 90 27 80 80 18 84 32767 32767 
60 32767 32767 32767 32767 23 32767 32767 32767 32767 91 32767 32767 1 32767 32767 24 32767 32767 21 26 32767 12 19 
82 32767 39 58 83 32767 92 32767 25 15 32767 86 1 32767 54 44 60 32767 26 32767 9 32767 8 32767 
32767 7 2 32767 31 74 32767 66 22 93 92 32767 32767 54 32767 76 49 75 48 14 32767 32767 32767 54 
32767 23 17 32767 32767 21 32767 6 32767 32767 32 32767 32767 44 76 32767 72 32767 67 28 32767 84 32767 32767 
3 32767 20 75 94 32767 88 32767 52 75 32767 90 24 60 49 72 32767 32767 90 32767 66 90 82 32767 
32767 20 16 32767 45 33 40 8 32767 32767 1 27 32767 32767 75 32767 32767 32767 96 32767 31 60 32767 31 
32767 86 48 23 95 87 32767 32767 47 96 32767 80 32767 26 48 67 90 96 32767 4 14 93 32767 34 
8 46 12 69 16 6 32767 8 32767 32767 57 80 21 32767 14 28 32767 32767 4 32767 32767 50 100 24 
8 25 32767 37 32767 32767 62 32767 32767 69 84 18 26 9 32767 32767 66 31 14 32767 32767 32 41 32767 
32767 17 15 18 32767 12 32767 32767 32767 32767 13 84 32767 32767 32767 84 90 60 93 50 32 32767 36 52 
58 83 32767 82 76 30 49 12 30 32767 32767 32767 12 8 32767 32767 82 32767 32767 100 41 36 32767 32767 
10 32767 32767 88 32767 20 39 41 8 32767 39 32767 19 32767 54 32767 32767 31 34 24 32767 52 32767 32767 
EOF