DIMENSION: 24
EDGE_WEIGHT_TYPE: EXPLICIT
EDGE_WEIGHT_FORMAT: FULL_MATRIX
EDGE_WEIGHT_SECTION:
32767 24 90 32767 69 10 2 16 5 31 90 32767 38 48 51 32767 33 56 97 91 41 3 26 21 
24 32767 27 95 32767 84 32767 32767 6 41 61 40 65 83 80 25 32767 27 34 32767 32767 32767 54 32767 
90 27 32767 37 86 58 54 32767 63 32767 28 7 24 35 32767 13 40 40 90 72 82 32767 43 32767 
32767 95 37 32767 97 84 32767 56 51 49 32767 35 50 71 62 92 56 88 32767 59 24 32767 25 90 
69 32767 86 97 32767 32767 28 12 32767 55 32767 32767 9 32767 32767 85 25 54 32767 32767 23 19 91 20 
10 84 58 84 32767 32767 26 32767 32767 82 19 32767 71 8 38 32767 32767 7 32767 71 32767 45 1 32767 
2 32767 54 32767 28 26 32767 96 38 32767 49 96 32767 32767 81 25 68 70 32767 28 32767 32767 32767 32767 
16 32767 32767 56 12 32767 96 32767 32767 39 67 53 32767 32767 78 6 16 55 32767 31 32767 32767 10 86 
5 6 63 51 32767 32767 38 32767 32767 32767 14 32767 72 32767 29 74 32767 8 32767 90 63 21 32767 100 
31 41 32767 49 55 82 32767 39 32767 32767 32767 32767 43 92 32767 60 35 65 32767 45 53 27 84 2 
90 61 28 32767 32767 19 49 67 14 32767 32767 32767 59 96 18 32767 32767 37 58 32767 70 1 77 99 
32767 40 7 35 32767 32767 96 53 32767 32767 32767 32767 32767 3 32767 15 32767 69 5 50 47 99 32767 87 
38 65 24 50 9 71 32767 32767 72 43 59 32767 32767 95 32767 32767 32767 1 91 32767 64 87 60 48 
48 83 35 71 32767 8 32767 32767 32767 92 96 3 95 32767 32767 32 32767 32767 32767 46 92 32767 78 30 
51 80 32767 62 32767 38 81 78 29 32767 18 32767 32767 32767 32767 38 32767 91 32767 58 51 2 19 65 
32767 25 13 92 85 32767 25 6 74 60 32767 15 32767 32 38 32767 28 32767 79 89 79 85 9 48 
33 32767 40 56 25 32767 68 16 32767 35 32767 32767 32767 32767 32767 28 32767 32767 32767 32767 54 32767 63 32767 
56 27 40 88 54 7 70 55 8 65 37 69 1 32767 91 32767 32767 32767 32767 91 92 32767 32767 76 
97 34 90 32767 32767 32767 32767 32767 32767 32767 58 5 91 32767 32767 79 32767 32767 32767 42 32767 32767 32767 59 
91 32767 72 59 32767 71 28 31 90 45 32767 50 32767 46 58 89 32767 91 42 32767 32767 25 40 32767 
41 32767 82 24 23 32767 32767 32767 63 53 70 47 64 92 51 79 54 92 32767 32767 32767 3 1 91 
3 32767 32767 32767 19 45 32767 32767 21 27 1 99 87 32767 2 85 32767 32767 32767 25 3 32767 32767 28 
26 54 43 25 91 1 32767 10 32767 84 77 32767 60 78 19 9 63 32767 32767 40 1 32767 32767 32767 
21 32767 32767 90 20 32767 32767 86 100 2 99 87 48 30 65 48 32767 76 59 32767 91 28 32767 32767 
EOF