DIMENSION: 24
EDGE_WEIGHT_TYPE: EXPLICIT
EDGE_WEIGHT_FORMAT: FULL_MATRIX
EDGE_WEIGHT_SECTION:
32767 1 32767 32767 32767 37 49 99 32767 53 27 32767 51 32767 8 14 14 32767 32767 19 9 32767 31 32767 
1 32767 32767 32767 8 3 36 11 1 65 39 56 49 32767 32767 50 41 32767 49 51 58 15 57 34 
32767 32767 32767 32767 48 32767 12 5 89 32767 32767 32767 32767 58 5 43 32767 32767 60 32767 26 55 97 59 
32767 32767 32767 32767 32767 24 32767 80 50 75 24 19 94 32767 98 39 32767 37 23 73 61 32767 93 32767 
32767 8 48 32767 32767 32767 38 32767 77 32767 100 82 25 97 32767 87 76 69 32767 32767 69 75 23 54 
37 3 32767 24 32767 32767 69 82 32767 45 86 100 97 84 35 32767 10 32767 32767 31 10 32767 84 32767 
49 36 12 32767 38 69 32767 32767 5 92 32767 36 51 48 14 32767 77 32767 16 52 70 60 32767 49 
99 11 5 80 32767 82 32767 32767 73 32767 29 32767 82 2 66 78 32767 25 56 32767 23 88 32767 21 
32767 1 89 50 77 32767 5 73 32767 47 85 31 83 26 32767 41 32767 32767 32767 51 94 58 84 32767 
53 65 32767 75 32767 45 92 32767 47 32767 31 100 32767 36 12 32767 94 32767 5 32767 32767 14 21 32767 
27 39 32767 24 100 86 32767 29 85 31 32767 32767 5 49 42 32767 64 32767 32767 32767 32767 50 32767 70 
32767 56 32767 19 82 100 36 32767 31 100 32767 32767 5 32767 61 32767 9 32767 32767 73 4 32767 52 95 
51 49 32767 94 25 97 51 82 83 32767 5 5 32767 32767 32767 32767 32767 32767 61 32767 32767 3 32767 8 
32767 32767 58 32767 97 84 48 2 26 36 49 32767 32767 32767 32767 32767 4 32767 32767 65 81 32767 10 67 
8 32767 5 98 32767 35 14 66 32767 12 42 61 32767 32767 32767 32767 32767 51 3 12 32767 86 32767 32 
14 50 43 39 87 32767 32767 78 41 32767 32767 32767 32767 32767 32767 32767 96 26 32767 32767 32767 32767 92 39 
14 41 32767 32767 76 10 77 32767 32767 94 64 9 32767 4 32767 96 32767 70 32767 36 32767 42 61 32767 
32767 32767 32767 37 69 32767 32767 25 32767 32767 32767 32767 32767 32767 51 26 70 32767 73 32767 32767 32767 32767 32767 
32767 49 60 23 32767 32767 16 56 32767 5 32767 32767 61 32767 3 32767 32767 73 32767 32767 32767 32767 68 92 
19 51 32767 73 32767 31 52 32767 51 32767 32767 73 32767 65 12 32767 36 32767 32767 32767 32767 50 34 5 
9 58 26 61 69 10 70 23 94 32767 32767 4 32767 81 32767 32767 32767 32767 32767 32767 32767 39 43 32767 
32767 15 55 32767 75 32767 60 88 58 14 50 32767 3 32767 86 32767 42 32767 32767 50 39 32767 84 42 
31 57 97 93 23 84 32767 32767 84 21 32767 52 32767 10 32767 92 61 32767 68 34 43 84 32767 32767 
32767 34 59 32767 54 32767 49 21 32767 32767 70 95 8 67 32 39 32767 32767 92 5 32767 42 32767 32767 
EOF