DIMENSION: 24
EDGE_WEIGHT_TYPE: EXPLICIT
EDGE_WEIGHT_FORMAT: FULL_MATRIX
EDGE_WEIGHT_SECTION:
32767 7 50 32767 32767 32767 21 88 88 32767 32767 50 14 82 77 21 9 88 32767 32767 91 32767 6 32767 
7 32767 20 53 15 15 99 32767 32767 32767 38 5 32767 32767 39 3 2 32767 27 71 62 58 32767 32767 
50 20 32767 57 32767 32767 78 71 32767 32767 32767 32767 99 32767 32767 32767 65 35 93 1 32767 32767 32767 17 
32767 53 57 32767 8 32767 32767 32 75 32767 99 32767 2 82 15 11 99 21 32767 32767 92 29 32767 32767 
32767 15 32767 8 32767 33 32767 64 1 32767 32767 32767 97 21 46 32767 56 93 87 32767 32 32767 32767 33 
32767 15 32767 32767 33 32767 100 69 32 78 32767 29 20 91 78 92 32767 32767 32767 29 23 32767 94 74 
21 99 78 32767 32767 100 32767 32767 42 53 32767 32767 72 11 73 32767 22 32767 13 32767 49 78 32767 32767 
88 32767 71 32 64 69 32767 32767 58 13 98 24 92 36 19 36 32767 30 83 32767 47 99 32767 32767 
88 32767 32767 75 1 32 42 58 32767 12 17 32767 81 32767 32767 32767 31 75 37 54 5 32767 47 53 
32767 32767 32767 32767 32767 78 53 13 12 32767 95 32767 41 27 82 32767 32767 27 32767 98 68 28 96 86 
32767 38 32767 99 32767 32767 32767 98 17 95 32767 29 32767 32767 99 27 35 86 4 83 13 32767 32767 32767 
50 5 32767 32767 32767 29 32767 24 32767 32767 29 32767 32767 94 84 33 45 51 22 52 32767 78 32 6 
14 32767 99 2 97 20 72 92 81 41 32767 32767 32767 32767 32767 16 32767 59 50 32767 95 32767 32767 32767 
82 32767 32767 82 21 91 11 36 32767 27 32767 94 32767 32767 25 46 32767 32767 48 32767 32767 32767 10 32767 
77 39 32767 15 46 78 73 19 32767 82 99 84 32767 25 32767 32767 57 61 44 82 72 35 32767 28 
21 3 32767 11 32767 92 32767 36 32767 32767 27 33 16 46 32767 32767 32767 4 87 41 32767 32 32767 5 
9 2 65 99 56 32767 22 32767 31 32767 35 45 32767 32767 57 32767 32767 32767 32767 32767 53 82 59 32767 
88 32767 35 21 93 32767 32767 30 75 27 86 51 59 32767 61 4 32767 32767 36 81 94 32767 79 4 
32767 27 93 32767 87 32767 13 83 37 32767 4 22 50 48 44 87 32767 36 32767 32767 33 82 3 32767 
32767 71 1 32767 32767 29 32767 32767 54 98 83 52 32767 32767 82 41 32767 81 32767 32767 7 32767 38 32767 
91 62 32767 92 32 23 49 47 5 68 13 32767 95 32767 72 32767 53 94 33 7 32767 32767 41 32767 
32767 58 32767 29 32767 32767 78 99 32767 28 32767 78 32767 32767 35 32 82 32767 82 32767 32767 32767 45 99 
6 32767 32767 32767 32767 94 32767 32767 47 96 32767 32 32767 10 32767 32767 59 79 3 38 41 45 32767 47 
32767 32767 17 32767 33 74 32767 32767 53 86 32767 6 32767 32767 28 5 32767 4 32767 32767 32767 99 47 32767 
EOF