DIMENSION: 24
EDGE_WEIGHT_TYPE: EXPLICIT
EDGE_WEIGHT_FORMAT: FULL_MATRIX
EDGE_WEIGHT_SECTION:
32767 72 93 28 32767 70 32767 7 32767 57 55 91 76 32767 46 42 20 7 32767 30 32767 58 72 32767 
72 32767 32767 59 73 48 62 32767 15 32767 69 60 50 32767 32767 17 38 32 13 32767 32767 29 85 32767 
93 32767 32767 32767 57 32767 100 44 32767 32767 50 8 32767 32767 49 32767 32767 32767 99 51 32767 32767 71 32767 
28 59 32767 32767 32767 32767 92 56 32767 99 32767 57 56 14 32767 62 32767 32767 32767 32 17 32767 32767 84 
32767 73 57 32767 32767 32767 2 74 73 84 48 80 89 42 26 32767 59 29 100 32767 32767 43 32767 25 
70 48 32767 32767 32767 32767 44 25 65 91 32767 23 82 87 32767 32767 38 64 95 32767 2 56 80 86 
32767 62 100 92 2 44 32767 32767 32767 42 32767 33 15 32767 32767 24 75 85 70 32767 32767 32767 32767 32767 
7 32767 44 56 74 25 32767 32767 67 60 32767 46 32767 7 32767 32767 46 46 81 32767 72 92 32767 32767 
32767 15 32767 32767 73 65 32767 67 32767 32767 15 70 32767 36 54 92 53 9 70 32767 32767 34 32767 79 
57 32767 32767 99 84 91 42 60 32767 32767 96 79 32 60 20 57 32767 32767 19 32767 69 64 19 17 
55 69 50 32767 48 32767 32767 32767 15 96 32767 30 32767 54 32767 1 32767 57 4 32767 24 20 63 32767 
91 60 8 57 80 23 33 46 70 79 30 32767 32767 96 17 32767 32767 44 32767 32767 78 32767 62 31 
76 50 32767 56 89 82 15 32767 32767 32 32767 32767 32767 32767 87 65 32767 88 96 15 86 79 32767 89 
32767 32767 32767 14 42 87 32767 7 36 60 54 96 32767 32767 85 93 32767 70 32767 32767 32767 32767 27 59 
46 32767 49 32767 26 32767 32767 32767 54 20 32767 17 87 85 32767 87 16 16 32767 32767 47 32767 25 9 
42 17 32767 62 32767 32767 24 32767 92 57 1 32767 65 93 87 32767 32767 32767 32767 32767 32767 32767 32 32767 
20 38 32767 32767 59 38 75 46 53 32767 32767 32767 32767 32767 16 32767 32767 15 32767 32767 50 33 41 32767 
7 32 32767 32767 29 64 85 46 9 32767 57 44 88 70 16 32767 15 32767 32767 32767 32767 89 6 34 
32767 13 99 32767 100 95 70 81 70 19 4 32767 96 32767 32767 32767 32767 32767 32767 32767 98 53 37 32767 
30 32767 51 32 32767 32767 32767 32767 32767 32767 32767 32767 15 32767 32767 32767 32767 32767 32767 32767 32767 32767 51 46 
32767 32767 32767 17 32767 2 32767 72 32767 69 24 78 86 32767 47 32767 50 32767 98 32767 32767 28 47 32767 
58 29 32767 32767 43 56 32767 92 34 64 20 32767 79 32767 32767 32767 33 89 53 32767 28 32767 39 32767 
72 85 71 32767 32767 80 32767 32767 32767 19 63 62 32767 27 25 32 41 6 37 51 47 39 32767 46 
32767 32767 32767 84 25 86 32767 32767 79 17 32767 31 89 59 9 32767 32767 34 32767 46 32767 32767 46 32767 
EOF