DIMENSION: 24
EDGE_WEIGHT_TYPE: EXPLICIT
EDGE_WEIGHT_FORMAT: FULL_MATRIX
EDGE_WEIGHT_SECTION:
32767 67 32767 32767 32767 32767 47 32767 93 32767 37 32767 32767 31 32767 66 32767 32767 32767 21 32767 24 32767 54 
67 32767 49 32767 41 31 32767 23 72 32767 32767 83 55 87 58 32767 32767 89 6 70 40 32767 24 32767 
32767 49 32767 54 54 32767 32767 32767 35 68 86 32767 86 32767 32767 58 32767 63 81 46 32767 69 43 32767 
32767 32767 54 32767 48 96 34 55 91 71 32767 32767 71 55 29 98 32767 43 2 32767 96 79 32 32767 
32767 41 54 48 32767 32767 9 70 32767 32767 87 89 32767 32767 53 11 3 32767 65 55 1 70 32767 96 
32767 31 32767 96 32767 32767 32767 32767 32767 12 99 40 32767 32767 32767 85 42 32767 32767 32767 32767 32767 56 32767 
47 32767 32767 34 9 32767 32767 32767 32767 72 32767 67 32767 32767 96 75 23 32767 65 32767 32767 32767 32767 96 
32767 23 32767 55 70 32767 32767 32767 77 70 32767 32767 32767 32767 16 11 82 32767 32767 32767 32767 30 40 47 
93 72 35 91 32767 32767 32767 77 32767 32767 34 36 52 44 76 32767 49 32767 16 69 19 95 9 32767 
32767 32767 68 71 32767 12 72 70 32767 32767 32767 98 65 32767 51 1 61 32767 57 32767 7 18 51 85 
37 32767 86 32767 87 99 32767 32767 34 32767 32767 25 47 32767 58 54 52 32767 17 21 32767 81 32767 32767 
32767 83 32767 32767 89 40 67 32767 36 98 25 32767 63 96 32767 64 71 53 32767 52 61 95 19 35 
32767 55 86 71 32767 32767 32767 32767 52 65 47 63 32767 15 51 91 32767 90 74 32767 32767 49 24 82 
31 87 32767 55 32767 32767 32767 32767 44 32767 32767 96 15 32767 32767 32767 31 19 32767 84 32767 19 20 42 
32767 58 32767 29 53 32767 96 16 76 51 58 32767 51 32767 32767 67 32767 32767 97 92 32767 92 32767 63 
66 32767 58 98 11 85 75 11 32767 1 54 64 91 32767 67 32767 17 32767 100 56 2 3 32767 94 
32767 32767 32767 32767 3 42 23 82 49 61 52 71 32767 31 32767 17 32767 32767 88 52 32767 32767 32767 94 
32767 89 63 43 32767 32767 32767 32767 32767 32767 32767 53 90 19 32767 32767 32767 32767 32767 8 32767 97 32767 65 
32767 6 81 2 65 32767 65 32767 16 57 17 32767 74 32767 97 100 88 32767 32767 45 85 58 44 96 
21 70 46 32767 55 32767 32767 32767 69 32767 21 52 32767 84 92 56 52 8 45 32767 54 32767 32767 11 
32767 40 32767 96 1 32767 32767 32767 19 7 32767 61 32767 32767 32767 2 32767 32767 85 54 32767 4 32767 64 
24 32767 69 79 70 32767 32767 30 95 18 81 95 49 19 92 3 32767 97 58 32767 4 32767 57 13 
32767 24 43 32 32767 56 32767 40 9 51 32767 19 24 20 32767 32767 32767 32767 44 32767 32767 57 32767 32767 
54 32767 32767 32767 96 32767 96 47 32767 85 32767 35 82 42 63 94 94 65 96 11 64 13 32767 32767 
EOF