DIMENSION: 24
EDGE_WEIGHT_TYPE: EXPLICIT
EDGE_WEIGHT_FORMAT: FULL_MATRIX
EDGE_WEIGHT_SECTION:
32767 32 32767 71 65 27 32767 79 70 32767 32767 32767 61 67 24 64 32767 90 18 32767 32767 11 72 32767 
32 32767 32767 32767 54 32767 33 21 32767 24 32767 90 32767 32767 32767 32767 73 2 66 32767 32767 100 57 32767 
32767 32767 32767 32767 39 32767 23 73 68 90 32767 53 4 68 99 32767 32767 55 43 20 91 66 83 51 
71 32767 32767 32767 43 32767 90 32767 79 48 52 32767 32767 40 18 83 32767 32767 32767 41 28 32 23 40 
65 54 39 43 32767 52 32767 32767 32767 32767 32767 32767 91 49 53 32767 32767 5 32767 59 32767 7 14 32767 
27 32767 32767 32767 52 32767 89 32767 39 31 32767 89 32767 81 78 30 32767 32767 80 66 32767 32767 32767 24 
32767 33 23 90 32767 89 32767 39 28 32767 30 32767 32767 22 32767 32767 56 3 60 14 32767 32767 32767 43 
79 21 73 32767 32767 32767 39 32767 32767 94 32767 59 25 32767 16 32767 82 32767 21 32767 76 32767 60 32767 
70 32767 68 79 32767 39 28 32767 32767 73 32767 18 33 35 97 85 32767 23 86 44 16 32767 32767 30 
32767 24 90 48 32767 31 32767 94 73 32767 32767 9 75 32767 32767 32767 19 32767 14 24 32767 8 58 7 
32767 32767 32767 52 32767 32767 30 32767 32767 32767 32767 72 14 55 85 70 96 32767 18 32767 82 32 83 32767 
32767 90 53 32767 32767 89 32767 59 18 9 72 32767 44 14 32767 96 68 3 58 84 44 84 3 32767 
61 32767 4 32767 91 32767 32767 25 33 75 14 44 32767 1 32767 18 32767 100 32767 32767 32767 91 74 32767 
67 32767 68 40 49 81 22 32767 35 32767 55 14 1 32767 32767 56 73 1 32767 32767 32767 39 15 43 
24 32767 99 18 53 78 32767 16 97 32767 85 32767 32767 32767 32767 68 33 7 32767 84 66 16 63 31 
64 32767 32767 83 32767 30 32767 32767 85 32767 70 96 18 56 68 32767 98 32 32767 32767 32767 32767 76 36 
32767 73 32767 32767 32767 32767 56 82 32767 19 96 68 32767 73 33 98 32767 75 32767 32767 32767 32767 68 29 
90 2 55 32767 5 32767 3 32767 23 32767 32767 3 100 1 7 32 75 32767 49 29 32767 32767 73 32767 
18 66 43 32767 32767 80 60 21 86 14 18 58 32767 32767 32767 32767 32767 49 32767 70 93 32767 30 32767 
32767 32767 20 41 59 66 14 32767 44 24 32767 84 32767 32767 84 32767 32767 29 70 32767 58 83 32767 85 
32767 32767 91 28 32767 32767 32767 76 16 32767 82 44 32767 32767 66 32767 32767 32767 93 58 32767 32 76 32767 
11 100 66 32 7 32767 32767 32767 32767 8 32 84 91 39 16 32767 32767 32767 32767 83 32 32767 32767 32767 
72 57 83 23 14 32767 32767 60 32767 58 83 3 74 15 63 76 68 73 30 32767 76 32767 32767 40 
32767 32767 51 40 32767 24 43 32767 30 7 32767 32767 32767 43 31 36 29 32767 32767 85 32767 32767 40 32767 
EOF