DIMENSION: 6
EDGE_WEIGHT_TYPE: EXPLICIT
EDGE_WEIGHT_FORMAT: FULL_MATRIX
EDGE_WEIGHT_SECTION:
32767 41 47 22 63 32767 
41 32767 25 74 32767 32767 
47 25 32767 46 32767 32767 
22 74 46 32767 32767 32767 
63 32767 32767 32767 32767 52 
32767 32767 32767 32767 52 32767 
EOF