DIMENSION: 28
EDGE_WEIGHT_TYPE: EXPLICIT
EDGE_WEIGHT_FORMAT: FULL_MATRIX
EDGE_WEIGHT_SECTION:
32767 21 21 80 32767 39 32767 37 57 18 82 16 19 56 23 90 63 32767 35 23 37 88 67 32767 98 27 64 51 
21 32767 89 74 96 88 97 13 37 21 58 81 20 99 89 32767 53 32767 36 2 32767 98 12 5 47 32767 68 32767 
21 89 32767 77 76 47 62 45 47 74 36 33 21 3 16 97 61 81 93 66 21 76 28 72 72 5 94 2 
80 74 77 32767 71 98 63 52 44 62 93 32767 65 31 18 21 25 99 32767 88 24 40 32767 2 50 62 41 32767 
32767 96 76 71 32767 20 94 88 80 64 66 21 38 84 69 85 32767 50 3 32767 44 83 17 24 70 44 77 65 
39 88 47 98 20 32767 9 8 66 32767 50 32767 51 47 63 32767 45 41 80 94 40 10 94 60 17 64 20 86 
32767 97 62 63 94 9 32767 32767 47 29 100 32767 56 78 41 68 100 32 87 92 46 47 32767 84 32767 31 32767 92 
37 13 45 52 88 8 32767 32767 72 97 74 57 51 32767 80 32767 66 32 55 68 11 52 85 64 83 25 51 14 
57 37 47 44 80 66 47 72 32767 46 47 95 33 76 33 3 5 55 9 49 67 58 15 40 19 96 29 31 
18 21 74 62 64 32767 29 97 46 32767 6 25 39 42 43 3 39 27 87 32767 53 38 14 27 3 12 26 92 
82 58 36 93 66 50 100 74 47 6 32767 60 10 32767 57 14 12 3 32767 49 23 34 61 17 32 30 1 32767 
16 81 33 32767 21 32767 32767 57 95 25 60 32767 60 86 5 27 41 10 88 44 11 74 42 67 69 90 99 55 
19 20 21 65 38 51 56 51 33 39 10 60 32767 4 76 86 79 92 74 29 19 99 89 32767 7 98 90 3 
56 99 3 31 84 47 78 32767 76 42 32767 86 4 32767 82 7 32767 32767 11 45 33 14 17 82 80 47 55 71 
23 89 16 18 69 63 41 80 33 43 57 5 76 82 32767 9 79 15 24 37 88 58 39 21 32767 37 38 65 
90 32767 97 21 85 32767 68 32767 3 3 14 27 86 7 9 32767 42 32767 46 20 70 32767 36 41 98 32767 96 81 
63 53 61 25 32767 45 100 66 5 39 12 41 79 32767 79 42 32767 55 37 32767 74 35 10 25 74 98 55 93 
32767 32767 81 99 50 41 32 32 55 27 3 10 92 32767 15 32767 55 32767 61 47 41 6 27 9 32767 19 53 32767 
35 36 93 32767 3 80 87 55 9 87 32767 88 74 11 24 46 37 61 32767 42 85 58 100 37 54 96 66 32767 
23 2 66 88 32767 94 92 68 49 32767 49 44 29 45 37 20 32767 47 42 32767 58 82 16 32767 46 90 32767 8 
37 32767 21 24 44 40 46 11 67 53 23 11 19 33 88 70 74 41 85 58 32767 50 62 45 32767 3 24 32767 
88 98 76 40 83 10 47 52 58 38 34 74 99 14 58 32767 35 6 58 82 50 32767 20 10 97 2 78 54 
67 12 28 32767 17 94 32767 85 15 14 61 42 89 17 39 36 10 27 100 16 62 20 32767 63 91 65 8 37 
32767 5 72 2 24 60 84 64 40 27 17 67 32767 82 21 41 25 9 37 32767 45 10 63 32767 34 44 35 75 
98 47 72 50 70 17 32767 83 19 3 32 69 7 80 32767 98 74 32767 54 46 32767 97 91 34 32767 96 32767 57 
27 32767 5 62 44 64 31 25 96 12 30 90 98 47 37 32767 98 19 96 90 3 2 65 44 96 32767 63 61 
64 68 94 41 77 20 32767 51 29 26 1 99 90 55 38 96 55 53 66 32767 24 78 8 35 32767 63 32767 1 
51 32767 2 32767 65 86 92 14 31 92 32767 55 3 71 65 81 93 32767 32767 8 32767 54 37 75 57 61 1 32767 
EOF