DIMENSION: 28
EDGE_WEIGHT_TYPE: EXPLICIT
EDGE_WEIGHT_FORMAT: FULL_MATRIX
EDGE_WEIGHT_SECTION:
32767 16 27 43 79 96 94 17 76 3 17 65 46 64 8 58 92 99 96 30 94 1 79 27 9 43 97 85 
16 32767 49 52 97 42 86 58 33 7 16 65 28 99 23 64 99 65 48 7 29 32767 66 45 24 5 32767 63 
27 49 32767 44 8 29 32767 92 36 17 39 93 65 23 84 29 54 32767 4 26 89 92 14 32767 65 52 2 17 
43 52 44 32767 29 38 64 21 80 76 30 13 14 72 62 43 32767 46 21 32767 66 61 21 76 32767 55 32767 95 
79 97 8 29 32767 15 77 32767 49 32767 53 47 2 93 85 7 61 72 20 42 79 88 32767 16 54 87 68 21 
96 42 29 38 15 32767 44 32 14 42 1 81 40 82 32767 69 96 33 32767 100 94 54 7 43 32 30 17 93 
94 86 32767 64 77 44 32767 22 18 61 76 12 14 14 95 32767 48 38 14 28 61 37 92 68 2 36 98 81 
17 58 92 21 32767 32 22 32767 30 32767 42 62 58 63 50 32767 70 32 48 32767 15 43 37 38 45 82 84 71 
76 33 36 80 49 14 18 30 32767 100 82 32 56 53 32767 59 69 32767 18 15 58 58 32 14 66 17 15 79 
3 7 17 76 32767 42 61 32767 100 32767 33 62 46 96 76 79 93 51 96 4 51 47 32767 63 20 63 45 32767 
17 16 39 30 53 1 76 42 82 33 32767 82 34 99 75 6 73 18 17 47 42 35 7 18 33 67 32767 48 
65 65 93 13 47 81 12 62 32 62 82 32767 98 77 50 64 29 86 88 43 32767 32767 40 46 15 91 34 13 
46 28 65 14 2 40 14 58 56 46 34 98 32767 1 8 20 85 74 58 32767 97 55 32767 93 70 99 5 37 
64 99 23 72 93 82 14 63 53 96 99 77 1 32767 64 70 32767 77 34 81 59 77 6 90 75 56 79 14 
8 23 84 62 85 32767 95 50 32767 76 75 50 8 64 32767 2 32767 32767 32767 53 85 38 1 10 33 97 64 42 
58 64 29 43 7 69 32767 32767 59 79 6 64 20 70 2 32767 95 32767 10 27 48 82 20 55 87 69 22 29 
92 99 54 32767 61 96 48 70 69 93 73 29 85 32767 32767 95 32767 75 41 32767 62 24 24 70 32 32767 12 55 
99 65 32767 46 72 33 38 32 32767 51 18 86 74 77 32767 32767 75 32767 32 62 82 32767 55 65 100 88 48 51 
96 48 4 21 20 32767 14 48 18 96 17 88 58 34 32767 10 41 32 32767 32767 74 78 59 34 3 52 48 3 
30 7 26 32767 42 100 28 32767 15 4 47 43 32767 81 53 27 32767 62 32767 32767 95 84 56 23 23 32767 23 77 
94 29 89 66 79 94 61 15 58 51 42 32767 97 59 85 48 62 82 74 95 32767 77 60 66 91 87 90 78 
1 32767 92 61 88 54 37 43 58 47 35 32767 55 77 38 82 24 32767 78 84 77 32767 23 49 42 69 94 99 
79 66 14 21 32767 7 92 37 32 32767 7 40 32767 6 1 20 24 55 59 56 60 23 32767 81 48 4 64 32767 
27 45 32767 76 16 43 68 38 14 63 18 46 93 90 10 55 70 65 34 23 66 49 81 32767 29 72 34 4 
9 24 65 32767 54 32 2 45 66 20 33 15 70 75 33 87 32 100 3 23 91 42 48 29 32767 31 80 57 
43 5 52 55 87 30 36 82 17 63 67 91 99 56 97 69 32767 88 52 32767 87 69 4 72 31 32767 34 61 
97 32767 2 32767 68 17 98 84 15 45 32767 34 5 79 64 22 12 48 48 23 90 94 64 34 80 34 32767 21 
85 63 17 95 21 93 81 71 79 32767 48 13 37 14 42 29 55 51 3 77 78 99 32767 4 57 61 21 32767 
EOF