DIMENSION: 28
EDGE_WEIGHT_TYPE: EXPLICIT
EDGE_WEIGHT_FORMAT: FULL_MATRIX
EDGE_WEIGHT_SECTION:
32767 92 32767 8 22 93 32767 17 86 88 91 32767 92 57 98 47 64 20 71 72 10 17 21 71 93 10 32767 87 
92 32767 76 74 71 69 32 65 32767 80 97 45 96 32767 66 32767 60 44 35 71 35 82 13 34 92 32 62 13 
32767 76 32767 92 75 25 81 62 32767 49 49 24 32767 26 69 18 73 83 76 44 6 35 31 13 42 40 39 2 
8 74 92 32767 32767 27 9 5 63 55 32767 1 98 12 88 50 86 95 70 76 16 1 76 59 53 2 90 95 
22 71 75 32767 32767 12 23 52 52 64 13 31 59 8 5 49 83 26 5 32767 51 1 29 59 3 16 12 83 
93 69 25 27 12 32767 10 11 85 69 80 26 26 4 99 35 7 80 40 32767 51 90 8 65 59 49 42 35 
32767 32 81 9 23 10 32767 95 11 77 56 72 35 41 92 32767 33 91 65 65 18 67 61 81 37 68 10 78 
17 65 62 5 52 11 95 32767 61 2 53 24 97 91 83 86 33 87 31 32767 67 50 34 99 36 49 12 52 
86 32767 32767 63 52 85 11 61 32767 32767 17 53 45 51 47 21 61 95 5 71 66 68 14 88 99 3 73 66 
88 80 49 55 64 69 77 2 32767 32767 46 98 32767 19 17 32767 54 81 10 32767 78 32767 73 16 96 38 26 41 
91 97 49 32767 13 80 56 53 17 46 32767 71 66 32767 37 30 49 83 69 64 54 18 37 61 31 36 73 32767 
32767 45 24 1 31 26 72 24 53 98 71 32767 63 34 63 32767 12 32767 94 79 19 79 45 27 5 68 20 61 
92 96 32767 98 59 26 35 97 45 32767 66 63 32767 7 55 94 20 32767 100 26 38 73 29 9 90 25 13 46 
57 32767 26 12 8 4 41 91 51 19 32767 34 7 32767 73 23 81 42 33 29 46 38 5 99 24 6 53 91 
98 66 69 88 5 99 92 83 47 17 37 63 55 73 32767 94 32767 66 55 93 55 52 70 90 24 32767 85 32767 
47 32767 18 50 49 35 32767 86 21 32767 30 32767 94 23 94 32767 61 71 84 15 45 33 15 32767 59 81 59 22 
64 60 73 86 83 7 33 33 61 54 49 12 20 81 32767 61 32767 14 21 77 62 32767 42 42 32767 8 59 10 
20 44 83 95 26 80 91 87 95 81 83 32767 32767 42 66 71 14 32767 28 32767 86 28 17 59 18 82 84 20 
71 35 76 70 5 40 65 31 5 10 69 94 100 33 55 84 21 28 32767 32767 13 48 99 66 32767 27 47 76 
72 71 44 76 32767 32767 65 32767 71 32767 64 79 26 29 93 15 77 32767 32767 32767 85 22 7 32767 32767 86 81 85 
10 35 6 16 51 51 18 67 66 78 54 19 38 46 55 45 62 86 13 85 32767 94 64 38 80 70 16 18 
17 82 35 1 1 90 67 50 68 32767 18 79 73 38 52 33 32767 28 48 22 94 32767 26 95 100 32767 32767 47 
21 13 31 76 29 8 61 34 14 73 37 45 29 5 70 15 42 17 99 7 64 26 32767 32767 84 14 57 50 
71 34 13 59 59 65 81 99 88 16 61 27 9 99 90 32767 42 59 66 32767 38 95 32767 32767 81 37 10 6 
93 92 42 53 3 59 37 36 99 96 31 5 90 24 24 59 32767 18 32767 32767 80 100 84 81 32767 100 32767 32767 
10 32 40 2 16 49 68 49 3 38 36 68 25 6 32767 81 8 82 27 86 70 32767 14 37 100 32767 30 8 
32767 62 39 90 12 42 10 12 73 26 73 20 13 53 85 59 59 84 47 81 16 32767 57 10 32767 30 32767 17 
87 13 2 95 83 35 78 52 66 41 32767 61 46 91 32767 22 10 20 76 85 18 47 50 6 32767 8 17 32767 
EOF