DIMENSION: 28
EDGE_WEIGHT_TYPE: EXPLICIT
EDGE_WEIGHT_FORMAT: FULL_MATRIX
EDGE_WEIGHT_SECTION:
32767 61 60 55 10 32767 22 32767 97 52 87 40 23 11 88 19 40 80 97 97 4 32767 60 44 76 92 21 67 
61 32767 84 32767 40 42 32767 33 21 93 33 15 32767 32767 69 14 59 72 70 32767 53 82 21 53 60 82 94 75 
60 84 32767 58 70 33 48 55 1 25 36 78 72 96 11 26 49 88 32767 97 29 24 32767 53 32767 5 11 32767 
55 32767 58 32767 40 21 74 87 22 32 32767 71 32767 67 74 32767 98 64 32767 20 77 93 89 79 84 2 29 26 
10 40 70 40 32767 3 56 10 71 26 36 65 95 20 9 32767 87 86 75 83 20 61 52 3 4 32767 54 64 
32767 42 33 21 3 32767 66 62 97 45 8 89 32767 82 4 42 94 97 77 24 5 49 51 36 54 32 32767 32767 
22 32767 48 74 56 66 32767 45 47 23 27 65 57 72 65 32767 70 70 31 30 81 2 32767 3 33 58 2 19 
32767 33 55 87 10 62 45 32767 60 84 11 78 32767 10 64 27 10 35 47 65 21 89 19 46 83 72 34 95 
97 21 1 22 71 97 47 60 32767 92 65 95 4 2 14 79 32767 51 19 66 23 29 78 31 88 45 59 37 
52 93 25 32 26 45 23 84 92 32767 58 55 6 26 84 83 54 48 55 26 21 37 51 2 35 14 30 32767 
87 33 36 32767 36 8 27 11 65 58 32767 32767 74 71 40 15 32767 62 8 50 9 27 7 21 94 33 40 25 
40 15 78 71 65 89 65 78 95 55 32767 32767 26 49 80 100 7 97 1 57 2 32 94 28 14 24 12 83 
23 32767 72 32767 95 32767 57 32767 4 6 74 26 32767 88 27 33 91 32767 39 43 61 32767 95 46 91 26 84 60 
11 32767 96 67 20 82 72 10 2 26 71 49 88 32767 48 32767 87 32767 54 92 47 87 76 63 11 18 32767 8 
88 69 11 74 9 4 65 64 14 84 40 80 27 48 32767 22 68 32767 15 67 57 68 98 57 44 98 17 2 
19 14 26 32767 32767 42 32767 27 79 83 15 100 33 32767 22 32767 20 35 78 90 32767 12 51 83 89 24 21 32767 
40 59 49 98 87 94 70 10 32767 54 32767 7 91 87 68 20 32767 68 53 99 28 100 18 67 3 86 32767 32767 
80 72 88 64 86 97 70 35 51 48 62 97 32767 32767 32767 35 68 32767 90 36 92 69 32767 54 48 56 81 44 
97 70 32767 32767 75 77 31 47 19 55 8 1 39 54 15 78 53 90 32767 28 2 9 67 34 87 96 23 82 
97 32767 97 20 83 24 30 65 66 26 50 57 43 92 67 90 99 36 28 32767 10 32767 63 12 33 29 32767 60 
4 53 29 77 20 5 81 21 23 21 9 2 61 47 57 32767 28 92 2 10 32767 13 4 9 89 28 32 17 
32767 82 24 93 61 49 2 89 29 37 27 32 32767 87 68 12 100 69 9 32767 13 32767 68 87 32767 100 53 39 
60 21 32767 89 52 51 32767 19 78 51 7 94 95 76 98 51 18 32767 67 63 4 68 32767 90 50 32767 90 39 
44 53 53 79 3 36 3 46 31 2 21 28 46 63 57 83 67 54 34 12 9 87 90 32767 45 67 44 60 
76 60 32767 84 4 54 33 83 88 35 94 14 91 11 44 89 3 48 87 33 89 32767 50 45 32767 73 81 78 
92 82 5 2 32767 32 58 72 45 14 33 24 26 18 98 24 86 56 96 29 28 100 32767 67 73 32767 68 19 
21 94 11 29 54 32767 2 34 59 30 40 12 84 32767 17 21 32767 81 23 32767 32 53 90 44 81 68 32767 58 
67 75 32767 26 64 32767 19 95 37 32767 25 83 60 8 2 32767 32767 44 82 60 17 39 39 60 78 19 58 32767 
EOF