DIMENSION: 28
EDGE_WEIGHT_TYPE: EXPLICIT
EDGE_WEIGHT_FORMAT: FULL_MATRIX
EDGE_WEIGHT_SECTION:
32767 32767 74 41 82 32767 3 89 69 45 64 2 34 87 48 99 29 14 33 32 53 5 78 66 68 45 80 27 
32767 32767 94 93 32767 32767 61 32767 74 82 45 96 26 8 20 90 2 12 50 93 21 57 45 32767 18 99 89 32767 
74 94 32767 19 59 18 32767 7 86 73 31 29 22 1 9 2 71 38 70 78 56 32767 85 94 29 67 6 45 
41 93 19 32767 41 50 69 31 51 35 3 39 36 7 90 66 26 34 3 32 90 25 13 3 40 24 17 14 
82 32767 59 41 32767 12 77 32767 42 100 7 32 14 25 3 59 36 48 96 41 7 73 73 52 47 44 33 41 
32767 32767 18 50 12 32767 54 45 99 32767 34 32767 58 57 82 47 92 31 38 98 81 59 80 38 72 78 21 3 
3 61 32767 69 77 54 32767 77 81 26 16 50 64 26 71 95 31 97 50 55 55 35 58 73 73 16 71 86 
89 32767 7 31 32767 45 77 32767 56 99 22 12 19 72 76 98 53 32767 62 15 67 67 87 32767 73 8 69 16 
69 74 86 51 42 99 81 56 32767 32 40 32767 15 3 32767 86 47 5 99 32767 32767 60 1 41 3 40 93 4 
45 82 73 35 100 32767 26 99 32 32767 78 98 59 95 35 76 89 64 82 53 55 46 32767 32767 27 61 29 39 
64 45 31 3 7 34 16 22 40 78 32767 48 22 92 86 48 96 29 32767 34 88 9 83 75 6 8 95 95 
2 96 29 39 32 32767 50 12 32767 98 48 32767 7 86 25 62 52 31 57 96 41 92 32767 66 60 15 32767 51 
34 26 22 36 14 58 64 19 15 59 22 7 32767 62 88 71 32767 84 7 43 64 83 51 51 92 80 41 57 
87 8 1 7 25 57 26 72 3 95 92 86 62 32767 45 32767 53 67 59 11 80 66 32767 76 41 90 3 10 
48 20 9 90 3 82 71 76 32767 35 86 25 88 45 32767 84 32767 93 24 29 49 3 68 30 83 65 75 32767 
99 90 2 66 59 47 95 98 86 76 48 62 71 32767 84 32767 32767 6 54 7 74 14 68 19 17 43 25 36 
29 2 71 26 36 92 31 53 47 89 96 52 32767 53 32767 32767 32767 57 6 82 36 31 35 31 22 53 74 24 
14 12 38 34 48 31 97 32767 5 64 29 31 84 67 93 6 57 32767 16 10 63 68 93 16 96 32767 32767 87 
33 50 70 3 96 38 50 62 99 82 32767 57 7 59 24 54 6 16 32767 76 32767 6 67 19 88 30 6 41 
32 93 78 32 41 98 55 15 32767 53 34 96 43 11 29 7 82 10 76 32767 32767 79 32767 23 100 57 52 35 
53 21 56 90 7 81 55 67 32767 55 88 41 64 80 49 74 36 63 32767 32767 32767 14 59 73 85 31 81 55 
5 57 32767 25 73 59 35 67 60 46 9 92 83 66 3 14 31 68 6 79 14 32767 84 2 25 51 97 70 
78 45 85 13 73 80 58 87 1 32767 83 32767 51 32767 68 68 35 93 67 32767 59 84 32767 51 91 34 44 80 
66 32767 94 3 52 38 73 32767 41 32767 75 66 51 76 30 19 31 16 19 23 73 2 51 32767 72 11 40 65 
68 18 29 40 47 72 73 73 3 27 6 60 92 41 83 17 22 96 88 100 85 25 91 72 32767 30 40 67 
45 99 67 24 44 78 16 8 40 61 8 15 80 90 65 43 53 32767 30 57 31 51 34 11 30 32767 70 14 
80 89 6 17 33 21 71 69 93 29 95 32767 41 3 75 25 74 32767 6 52 81 97 44 40 40 70 32767 22 
27 32767 45 14 41 3 86 16 4 39 95 51 57 10 32767 36 24 87 41 35 55 70 80 65 67 14 22 32767 
EOF