DIMENSION: 28
EDGE_WEIGHT_TYPE: EXPLICIT
EDGE_WEIGHT_FORMAT: FULL_MATRIX
EDGE_WEIGHT_SECTION:
32767 29 15 32767 32767 41 7 50 79 4 32767 44 32767 7 90 49 36 83 49 42 57 10 87 49 32767 27 1 21 
29 32767 97 55 53 87 76 73 25 87 92 49 66 89 13 83 40 62 14 74 56 57 36 76 65 51 93 47 
15 97 32767 67 11 2 44 47 28 24 79 66 13 16 32767 32 67 32767 18 56 24 62 10 69 66 68 2 72 
32767 55 67 32767 33 19 28 32 50 83 11 2 7 63 32767 32767 23 32 31 88 51 32767 21 70 3 5 88 87 
32767 53 11 33 32767 76 35 35 14 25 49 33 54 83 28 97 59 2 78 89 18 88 5 54 40 72 96 21 
41 87 2 19 76 32767 94 27 11 69 77 83 59 18 86 81 79 60 68 11 32767 83 32 94 48 20 44 2 
7 76 44 28 35 94 32767 100 67 61 60 54 10 12 34 30 32767 61 88 5 83 32767 24 48 50 2 32767 61 
50 73 47 32 35 27 100 32767 93 73 21 53 98 32767 59 79 30 9 36 32 58 100 94 71 84 30 51 4 
79 25 28 50 14 11 67 93 32767 44 93 1 79 32767 87 43 67 27 28 44 7 54 32767 4 32767 32767 37 82 
4 87 24 83 25 69 61 73 44 32767 76 51 64 41 53 69 37 61 62 32 84 45 57 46 43 73 13 24 
32767 92 79 11 49 77 60 21 93 76 32767 33 32767 86 98 15 79 30 72 45 40 48 30 53 64 32767 87 53 
44 49 66 2 33 83 54 53 1 51 33 32767 14 8 32 32767 99 46 18 75 9 46 25 48 39 3 49 67 
32767 66 13 7 54 59 10 98 79 64 32767 14 32767 14 79 32 12 65 62 78 47 50 45 22 54 7 75 9 
7 89 16 63 83 18 12 32767 32767 41 86 8 14 32767 32767 74 9 24 42 81 67 28 12 3 61 29 82 63 
90 13 32767 32767 28 86 34 59 87 53 98 32 79 32767 32767 15 32767 7 71 59 75 43 7 46 24 35 2 53 
49 83 32 32767 97 81 30 79 43 69 15 32767 32 74 15 32767 71 63 23 32767 91 87 23 32767 76 25 92 15 
36 40 67 23 59 79 32767 30 67 37 79 99 12 9 32767 71 32767 54 41 30 30 23 42 14 32767 42 40 32767 
83 62 32767 32 2 60 61 9 27 61 30 46 65 24 7 63 54 32767 15 32767 90 26 74 32767 63 32767 3 98 
49 14 18 31 78 68 88 36 28 62 72 18 62 42 71 23 41 15 32767 80 19 25 97 95 99 70 32767 88 
42 74 56 88 89 11 5 32 44 32 45 75 78 81 59 32767 30 32767 80 32767 90 24 90 27 93 58 93 74 
57 56 24 51 18 32767 83 58 7 84 40 9 47 67 75 91 30 90 19 90 32767 32767 56 30 40 94 62 87 
10 57 62 32767 88 83 32767 100 54 45 48 46 50 28 43 87 23 26 25 24 32767 32767 50 2 11 8 33 32767 
87 36 10 21 5 32 24 94 32767 57 30 25 45 12 7 23 42 74 97 90 56 50 32767 28 81 74 95 61 
49 76 69 70 54 94 48 71 4 46 53 48 22 3 46 32767 14 32767 95 27 30 2 28 32767 79 32767 32767 58 
32767 65 66 3 40 48 50 84 32767 43 64 39 54 61 24 76 32767 63 99 93 40 11 81 79 32767 32767 20 80 
27 51 68 5 72 20 2 30 32767 73 32767 3 7 29 35 25 42 32767 70 58 94 8 74 32767 32767 32767 1 40 
1 93 2 88 96 44 32767 51 37 13 87 49 75 82 2 92 40 3 32767 93 62 33 95 32767 20 1 32767 87 
21 47 72 87 21 2 61 4 82 24 53 67 9 63 53 15 32767 98 88 74 87 32767 61 58 80 40 87 32767 
EOF