DIMENSION: 28
EDGE_WEIGHT_TYPE: EXPLICIT
EDGE_WEIGHT_FORMAT: FULL_MATRIX
EDGE_WEIGHT_SECTION:
32767 6 64 71 5 31 2 48 60 32767 24 38 93 26 88 32767 3 68 35 32767 57 80 44 54 45 16 28 75 
6 32767 55 1 60 78 94 90 13 28 35 72 4 86 30 14 92 78 7 30 17 41 37 14 3 21 3 18 
64 55 32767 21 57 56 11 11 97 17 87 37 46 32767 11 11 98 57 68 15 71 31 79 55 77 87 10 91 
71 1 21 32767 69 44 92 86 56 31 8 32767 30 80 92 28 32767 32767 48 12 85 92 32767 23 100 32 54 31 
5 60 57 69 32767 11 43 60 67 44 8 75 57 87 37 50 81 70 56 78 37 66 64 47 32767 91 3 32767 
31 78 56 44 11 32767 57 80 100 33 78 49 29 23 32767 59 32767 89 31 42 78 81 85 9 32 32 60 81 
2 94 11 92 43 57 32767 8 17 32767 58 64 29 99 70 93 32767 57 45 71 25 45 15 97 38 4 74 19 
48 90 11 86 60 80 8 32767 75 89 65 82 73 43 56 97 67 20 70 54 80 62 4 95 32767 83 95 53 
60 13 97 56 67 100 17 75 32767 32767 43 40 36 82 29 34 69 32767 100 21 32767 32767 52 82 52 85 57 47 
32767 28 17 31 44 33 32767 89 32767 32767 94 68 29 62 55 2 70 41 10 32767 61 79 79 82 11 28 34 9 
24 35 87 8 8 78 58 65 43 94 32767 56 76 36 90 59 73 4 32767 64 27 32767 32767 95 42 34 16 44 
38 72 37 32767 75 49 64 82 40 68 56 32767 65 10 8 95 58 13 92 10 23 19 67 1 47 44 95 97 
93 4 46 30 57 29 29 73 36 29 76 65 32767 60 64 32767 58 32767 46 76 2 43 32767 32767 71 26 98 57 
26 86 32767 80 87 23 99 43 82 62 36 10 60 32767 32767 52 34 91 77 48 19 31 32767 19 25 18 26 90 
88 30 11 92 37 32767 70 56 29 55 90 8 64 32767 32767 63 74 80 22 97 49 12 36 80 80 32767 32767 66 
32767 14 11 28 50 59 93 97 34 2 59 95 32767 52 63 32767 63 14 27 90 41 60 27 82 16 11 43 77 
3 92 98 32767 81 32767 32767 67 69 70 73 58 58 34 74 63 32767 46 97 54 32767 17 66 28 46 60 80 35 
68 78 57 32767 70 89 57 20 32767 41 4 13 32767 91 80 14 46 32767 13 80 19 89 35 14 58 96 100 73 
35 7 68 48 56 31 45 70 100 10 32767 92 46 77 22 27 97 13 32767 71 84 69 76 27 11 71 37 48 
32767 30 15 12 78 42 71 54 21 32767 64 10 76 48 97 90 54 80 71 32767 9 38 24 73 19 86 89 92 
57 17 71 85 37 78 25 80 32767 61 27 23 2 19 49 41 32767 19 84 9 32767 72 20 11 61 88 63 71 
80 41 31 92 66 81 45 62 32767 79 32767 19 43 31 12 60 17 89 69 38 72 32767 53 96 52 38 41 1 
44 37 79 32767 64 85 15 4 52 79 32767 67 32767 32767 36 27 66 35 76 24 20 53 32767 47 33 65 1 3 
54 14 55 23 47 9 97 95 82 82 95 1 32767 19 80 82 28 14 27 73 11 96 47 32767 33 36 93 49 
45 3 77 100 32767 32 38 32767 52 11 42 47 71 25 80 16 46 58 11 19 61 52 33 33 32767 11 46 43 
16 21 87 32 91 32 4 83 85 28 34 44 26 18 32767 11 60 96 71 86 88 38 65 36 11 32767 32767 32 
28 3 10 54 3 60 74 95 57 34 16 95 98 26 32767 43 80 100 37 89 63 41 1 93 46 32767 32767 68 
75 18 91 31 32767 81 19 53 47 9 44 97 57 90 66 77 35 73 48 92 71 1 3 49 43 32 68 32767 
EOF