DIMENSION: 28
EDGE_WEIGHT_TYPE: EXPLICIT
EDGE_WEIGHT_FORMAT: FULL_MATRIX
EDGE_WEIGHT_SECTION:
32767 17 100 11 51 38 20 68 45 78 7 12 11 44 90 32767 32 32767 98 86 8 27 32767 32767 62 46 20 77 
17 32767 44 88 34 45 32767 41 52 55 43 19 92 98 29 35 52 63 53 32767 58 3 62 95 32767 4 9 87 
100 44 32767 28 45 68 9 59 15 93 32767 13 32767 67 26 76 5 17 78 43 34 34 60 6 5 43 32767 69 
11 88 28 32767 19 79 58 28 95 18 88 54 6 78 100 67 75 65 30 35 17 48 50 26 86 55 15 32767 
51 34 45 19 32767 72 47 51 48 91 37 67 32767 67 59 62 93 32767 79 62 48 21 20 32767 70 32767 94 41 
38 45 68 79 72 32767 37 54 25 93 32767 4 94 65 20 74 40 11 49 32767 51 16 8 50 38 3 68 86 
20 32767 9 58 47 37 32767 2 19 16 2 26 18 46 27 75 39 46 95 66 17 5 87 50 86 44 23 32767 
68 41 59 28 51 54 2 32767 92 30 31 68 17 32767 56 57 91 58 31 6 53 48 30 17 32767 72 55 73 
45 52 15 95 48 25 19 92 32767 78 22 48 8 59 30 64 15 30 43 39 45 78 50 22 57 62 32767 62 
78 55 93 18 91 93 16 30 78 32767 58 57 63 58 81 20 94 80 93 88 33 31 80 20 84 56 14 35 
7 43 32767 88 37 32767 2 31 22 58 32767 30 18 96 4 86 51 18 39 32767 21 91 79 37 7 32767 71 51 
12 19 13 54 67 4 26 68 48 57 30 32767 59 14 32767 18 42 97 32767 86 20 30 88 57 19 46 90 66 
11 92 32767 6 32767 94 18 17 8 63 18 59 32767 67 11 82 50 9 24 19 89 58 20 52 35 42 73 47 
44 98 67 78 67 65 46 32767 59 58 96 14 67 32767 74 66 98 52 27 100 44 63 60 32767 79 57 55 48 
90 29 26 100 59 20 27 56 30 81 4 32767 11 74 32767 32767 32767 32767 92 2 40 32767 43 83 48 50 48 28 
32767 35 76 67 62 74 75 57 64 20 86 18 82 66 32767 32767 38 87 65 25 30 46 18 67 93 83 65 42 
32 52 5 75 93 40 39 91 15 94 51 42 50 98 32767 38 32767 32767 91 97 8 13 54 34 83 79 95 78 
32767 63 17 65 32767 11 46 58 30 80 18 97 9 52 32767 87 32767 32767 63 41 87 96 69 2 92 37 32767 1 
98 53 78 30 79 49 95 31 43 93 39 32767 24 27 92 65 91 63 32767 22 2 93 98 46 83 56 85 32767 
86 32767 43 35 62 32767 66 6 39 88 32767 86 19 100 2 25 97 41 22 32767 12 25 94 94 79 83 31 17 
8 58 34 17 48 51 17 53 45 33 21 20 89 44 40 30 8 87 2 12 32767 5 86 37 100 73 85 29 
27 3 34 48 21 16 5 48 78 31 91 30 58 63 32767 46 13 96 93 25 5 32767 83 54 24 36 31 100 
32767 62 60 50 20 8 87 30 50 80 79 88 20 60 43 18 54 69 98 94 86 83 32767 14 20 32767 24 61 
32767 95 6 26 32767 50 50 17 22 20 37 57 52 32767 83 67 34 2 46 94 37 54 14 32767 5 30 23 19 
62 32767 5 86 70 38 86 32767 57 84 7 19 35 79 48 93 83 92 83 79 100 24 20 5 32767 6 32767 98 
46 4 43 55 32767 3 44 72 62 56 32767 46 42 57 50 83 79 37 56 83 73 36 32767 30 6 32767 74 93 
20 9 32767 15 94 68 23 55 32767 14 71 90 73 55 48 65 95 32767 85 31 85 31 24 23 32767 74 32767 43 
77 87 69 32767 41 86 32767 73 62 35 51 66 47 48 28 42 78 1 32767 17 29 100 61 19 98 93 43 32767 
EOF