DIMENSION: 28
EDGE_WEIGHT_TYPE: EXPLICIT
EDGE_WEIGHT_FORMAT: FULL_MATRIX
EDGE_WEIGHT_SECTION:
32767 14 72 72 83 37 9 71 16 57 67 5 84 32767 74 32767 70 74 32767 97 78 20 95 26 49 27 3 56 
14 32767 50 13 36 38 59 92 46 31 46 40 80 3 63 70 75 46 23 39 48 76 32767 67 60 81 32767 83 
72 50 32767 94 32767 96 3 11 51 65 62 64 74 46 57 82 70 2 96 66 15 3 89 88 4 17 31 36 
72 13 94 32767 23 86 45 99 81 85 73 89 15 60 57 46 3 77 45 36 96 50 32767 48 72 42 71 40 
83 36 32767 23 32767 9 21 39 61 32767 74 54 90 89 15 77 85 30 26 5 72 29 86 93 4 78 21 47 
37 38 96 86 9 32767 24 32767 90 23 60 29 33 46 32 33 1 32767 57 25 61 69 7 45 32767 68 33 86 
9 59 3 45 21 24 32767 20 21 70 80 32767 32767 30 89 52 26 43 56 80 71 39 77 63 41 64 91 15 
71 92 11 99 39 32767 20 32767 28 59 62 90 59 22 22 77 51 47 90 26 96 95 88 69 58 83 88 32767 
16 46 51 81 61 90 21 28 32767 98 78 29 40 84 66 48 32767 81 31 11 37 32767 46 67 32767 91 94 49 
57 31 65 85 32767 23 70 59 98 32767 26 47 65 15 4 16 66 11 16 58 44 67 32767 57 6 30 31 60 
67 46 62 73 74 60 80 62 78 26 32767 32767 16 52 32767 67 3 32767 30 64 32767 7 32767 66 55 70 25 91 
5 40 64 89 54 29 32767 90 29 47 32767 32767 94 62 63 32 80 54 3 23 73 24 1 40 36 15 43 46 
84 80 74 15 90 33 32767 59 40 65 16 94 32767 27 32767 42 81 51 47 72 20 54 13 26 20 32767 80 47 
32767 3 46 60 89 46 30 22 84 15 52 62 27 32767 4 62 3 24 94 76 32767 73 43 72 18 76 36 76 
74 63 57 57 15 32 89 22 66 4 32767 63 32767 4 32767 27 32767 1 18 12 75 46 2 32 46 58 89 8 
32767 70 82 46 77 33 52 77 48 16 67 32 42 62 27 32767 84 60 32767 35 99 58 26 39 32767 25 65 16 
70 75 70 3 85 1 26 51 32767 66 3 80 81 3 32767 84 32767 42 14 3 7 26 12 21 23 40 87 55 
74 46 2 77 30 32767 43 47 81 11 32767 54 51 24 1 60 42 32767 58 1 95 12 13 27 55 80 43 32767 
32767 23 96 45 26 57 56 90 31 16 30 3 47 94 18 32767 14 58 32767 7 75 15 86 32767 5 46 2 99 
97 39 66 36 5 25 80 26 11 58 64 23 72 76 12 35 3 1 7 32767 15 62 63 57 69 30 32767 32 
78 48 15 96 72 61 71 96 37 44 32767 73 20 32767 75 99 7 95 75 15 32767 84 16 61 46 10 47 32767 
20 76 3 50 29 69 39 95 32767 67 7 24 54 73 46 58 26 12 15 62 84 32767 45 49 83 42 97 15 
95 32767 89 32767 86 7 77 88 46 32767 32767 1 13 43 2 26 12 13 86 63 16 45 32767 34 81 28 61 17 
26 67 88 48 93 45 63 69 67 57 66 40 26 72 32 39 21 27 32767 57 61 49 34 32767 46 8 79 32767 
49 60 4 72 4 32767 41 58 32767 6 55 36 20 18 46 32767 23 55 5 69 46 83 81 46 32767 53 90 51 
27 81 17 42 78 68 64 83 91 30 70 15 32767 76 58 25 40 80 46 30 10 42 28 8 53 32767 32767 60 
3 32767 31 71 21 33 91 88 94 31 25 43 80 36 89 65 87 43 2 32767 47 97 61 79 90 32767 32767 5 
56 83 36 40 47 86 15 32767 49 60 91 46 47 76 8 16 55 32767 99 32 32767 15 17 32767 51 60 5 32767 
EOF