DIMENSION: 28
EDGE_WEIGHT_TYPE: EXPLICIT
EDGE_WEIGHT_FORMAT: FULL_MATRIX
EDGE_WEIGHT_SECTION:
32767 32767 16 7 63 45 84 77 83 81 84 32 1 50 45 31 77 90 94 6 31 64 44 61 32767 32767 94 38 
32767 32767 32767 39 14 84 32767 66 86 24 56 87 34 3 93 55 7 51 25 82 80 47 60 61 32767 36 74 14 
16 32767 32767 1 13 59 84 33 41 60 10 86 69 76 28 51 100 83 32767 32767 79 60 78 74 78 90 72 11 
7 39 1 32767 68 24 62 32767 64 71 99 32767 82 80 1 88 32767 17 32767 32767 63 63 83 43 6 49 61 61 
63 14 13 68 32767 53 32767 65 85 78 32767 48 81 44 22 15 32767 57 56 33 13 37 3 16 94 35 76 70 
45 84 59 24 53 32767 57 32767 52 17 57 74 73 73 32767 23 66 62 32767 56 81 61 48 64 34 81 32 20 
84 32767 84 62 32767 57 32767 32767 32767 82 45 27 89 43 49 6 27 36 41 32767 26 37 50 99 5 88 38 32767 
77 66 33 32767 65 32767 32767 32767 19 89 71 32767 32767 69 32767 5 85 32767 63 11 74 40 40 19 71 83 31 53 
83 86 41 64 85 52 32767 19 32767 32767 66 28 73 26 91 20 10 89 52 35 38 58 69 48 32767 1 67 30 
81 24 60 71 78 17 82 89 32767 32767 32767 32767 1 8 33 9 63 32767 83 84 77 90 39 36 41 59 66 78 
84 56 10 99 32767 57 45 71 66 32767 32767 34 90 72 94 26 16 93 32 32767 21 81 53 2 31 7 51 49 
32 87 86 32767 48 74 27 32767 28 32767 34 32767 30 13 28 70 47 21 61 32767 33 20 11 94 74 5 18 38 
1 34 69 82 81 73 89 32767 73 1 90 30 32767 74 23 50 88 1 51 29 37 2 53 52 32767 77 71 32767 
50 3 76 80 44 73 43 69 26 8 72 13 74 32767 16 94 32767 16 75 94 23 55 90 32767 2 67 68 52 
45 93 28 1 22 32767 49 32767 91 33 94 28 23 16 32767 99 52 32767 19 49 46 18 38 76 24 32767 13 42 
31 55 51 88 15 23 6 5 20 9 26 70 50 94 99 32767 84 32767 51 23 28 88 46 12 65 10 81 44 
77 7 100 32767 32767 66 27 85 10 63 16 47 88 32767 52 84 32767 58 32767 40 70 96 40 8 41 48 79 29 
90 51 83 17 57 62 36 32767 89 32767 93 21 1 16 32767 32767 58 32767 32767 22 14 34 81 49 48 77 60 26 
94 25 32767 32767 56 32767 41 63 52 83 32 61 51 75 19 51 32767 32767 32767 49 73 32767 64 67 58 29 32767 29 
6 82 32767 32767 33 56 32767 11 35 84 32767 32767 29 94 49 23 40 22 49 32767 32767 15 83 69 91 1 32767 32767 
31 80 79 63 13 81 26 74 38 77 21 33 37 23 46 28 70 14 73 32767 32767 99 58 55 30 42 63 94 
64 47 60 63 37 61 37 40 58 90 81 20 2 55 18 88 96 34 32767 15 99 32767 62 20 32767 86 2 25 
44 60 78 83 3 48 50 40 69 39 53 11 53 90 38 46 40 81 64 83 58 62 32767 24 26 2 94 44 
61 61 74 43 16 64 99 19 48 36 2 94 52 32767 76 12 8 49 67 69 55 20 24 32767 39 69 63 71 
32767 32767 78 6 94 34 5 71 32767 41 31 74 32767 2 24 65 41 48 58 91 30 32767 26 39 32767 32767 32767 27 
32767 36 90 49 35 81 88 83 1 59 7 5 77 67 32767 10 48 77 29 1 42 86 2 69 32767 32767 33 92 
94 74 72 61 76 32 38 31 67 66 51 18 71 68 13 81 79 60 32767 32767 63 2 94 63 32767 33 32767 23 
38 14 11 61 70 20 32767 53 30 78 49 38 32767 52 42 44 29 26 29 32767 94 25 44 71 27 92 23 32767 
EOF