DIMENSION: 22
EDGE_WEIGHT_TYPE: EXPLICIT
EDGE_WEIGHT_FORMAT: FULL_MATRIX
EDGE_WEIGHT_SECTION:
32767 78 45 85 75 12 74 11 46 32767 55 18 56 12 93 83 11 28 6 85 50 69 
78 32767 24 9 32767 94 3 13 79 46 70 60 19 52 74 3 29 99 27 83 98 75 
45 24 32767 52 32767 32767 32767 32767 8 41 32767 59 61 12 83 15 40 65 24 91 70 3 
85 9 52 32767 29 24 44 53 71 49 43 17 54 63 24 86 22 50 70 2 41 63 
75 32767 32767 29 32767 87 32767 32767 30 39 59 49 90 58 37 64 19 32767 40 54 62 53 
12 94 32767 24 87 32767 69 44 1 15 32767 21 13 84 32767 73 87 35 38 73 64 73 
74 3 32767 44 32767 69 32767 32 39 32767 39 83 70 37 65 56 96 32767 30 30 80 9 
11 13 32767 53 32767 44 32 32767 89 62 25 99 90 79 90 93 98 31 12 63 8 59 
46 79 8 71 30 1 39 89 32767 99 81 3 10 45 23 76 43 34 40 52 67 73 
32767 46 41 49 39 15 32767 62 99 32767 56 26 19 85 62 97 18 31 31 32767 74 78 
55 70 32767 43 59 32767 39 25 81 56 32767 63 60 26 9 77 84 58 32767 61 32767 9 
18 60 59 17 49 21 83 99 3 26 63 32767 34 25 32 18 58 65 2 56 97 86 
56 19 61 54 90 13 70 90 10 19 60 34 32767 3 68 28 25 14 93 33 21 52 
12 52 12 63 58 84 37 79 45 85 26 25 3 32767 72 84 80 11 15 50 33 73 
93 74 83 24 37 32767 65 90 23 62 9 32 68 72 32767 17 49 2 32767 47 57 32767 
83 3 15 86 64 73 56 93 76 97 77 18 28 84 17 32767 25 32767 96 5 11 42 
11 29 40 22 19 87 96 98 43 18 84 58 25 80 49 25 32767 8 99 85 83 23 
28 99 65 50 32767 35 32767 31 34 31 58 65 14 11 2 32767 8 32767 88 88 39 62 
6 27 24 70 40 38 30 12 40 31 32767 2 93 15 32767 96 99 88 32767 53 72 16 
85 83 91 2 54 73 30 63 52 32767 61 56 33 50 47 5 85 88 53 32767 54 50 
50 98 70 41 62 64 80 8 67 74 32767 97 21 33 57 11 83 39 72 54 32767 65 
69 75 3 63 53 73 9 59 73 78 9 86 52 73 32767 42 23 62 16 50 65 32767 
EOF