DIMENSION: 22
EDGE_WEIGHT_TYPE: EXPLICIT
EDGE_WEIGHT_FORMAT: FULL_MATRIX
EDGE_WEIGHT_SECTION:
32767 99 8 29 93 71 1 7 42 24 87 32767 9 32767 44 53 60 31 71 47 61 32767 
99 32767 83 92 5 12 84 26 33 71 78 100 20 57 15 77 6 8 32767 99 21 69 
8 83 32767 43 32767 3 18 84 33 74 28 34 28 59 29 25 17 18 3 18 61 97 
29 92 43 32767 45 77 15 34 36 88 32767 32767 99 15 54 10 58 48 72 100 91 32767 
93 5 32767 45 32767 19 67 10 56 99 9 20 63 71 56 55 41 91 81 43 62 32767 
71 12 3 77 19 32767 28 62 41 90 98 81 51 37 83 2 22 44 15 69 67 42 
1 84 18 15 67 28 32767 67 32767 32767 45 20 62 9 80 59 26 16 94 73 68 50 
7 26 84 34 10 62 67 32767 23 31 98 48 91 85 20 68 89 12 90 12 42 43 
42 33 33 36 56 41 32767 23 32767 32767 92 100 77 84 41 38 62 79 8 32767 86 11 
24 71 74 88 99 90 32767 31 32767 32767 71 9 10 24 94 39 32767 31 45 40 30 75 
87 78 28 32767 9 98 45 98 92 71 32767 58 36 71 65 98 58 32767 60 38 6 37 
32767 100 34 32767 20 81 20 48 100 9 58 32767 7 48 90 59 32767 66 41 5 29 60 
9 20 28 99 63 51 62 91 77 10 36 7 32767 62 90 77 99 82 18 84 37 61 
32767 57 59 15 71 37 9 85 84 24 71 48 62 32767 71 25 4 41 28 32 98 4 
44 15 29 54 56 83 80 20 41 94 65 90 90 71 32767 32767 32767 64 65 81 82 53 
53 77 25 10 55 2 59 68 38 39 98 59 77 25 32767 32767 77 87 66 86 79 80 
60 6 17 58 41 22 26 89 62 32767 58 32767 99 4 32767 77 32767 47 46 4 83 85 
31 8 18 48 91 44 16 12 79 31 32767 66 82 41 64 87 47 32767 64 95 31 8 
71 32767 3 72 81 15 94 90 8 45 60 41 18 28 65 66 46 64 32767 97 32767 83 
47 99 18 100 43 69 73 12 32767 40 38 5 84 32 81 86 4 95 97 32767 13 20 
61 21 61 91 62 67 68 42 86 30 6 29 37 98 82 79 83 31 32767 13 32767 75 
32767 69 97 32767 32767 42 50 43 11 75 37 60 61 4 53 80 85 8 83 20 75 32767 
EOF