DIMENSION: 22
EDGE_WEIGHT_TYPE: EXPLICIT
EDGE_WEIGHT_FORMAT: FULL_MATRIX
EDGE_WEIGHT_SECTION:
32767 21 83 53 8 32 8 32767 64 84 77 53 33 3 100 50 56 73 57 70 71 91 
21 32767 10 32767 25 30 7 71 32767 93 92 32767 41 49 17 24 32767 32 37 89 71 74 
83 10 32767 68 7 62 51 31 98 35 73 10 25 73 95 30 59 22 52 24 55 32767 
53 32767 68 32767 32767 91 99 84 33 86 45 88 70 31 32767 41 90 53 1 37 44 80 
8 25 7 32767 32767 44 38 4 66 94 85 50 45 35 2 62 6 20 51 35 18 1 
32 30 62 91 44 32767 32767 5 76 97 39 53 55 43 32767 19 11 65 18 45 45 35 
8 7 51 99 38 32767 32767 68 49 32767 3 23 29 49 31 74 62 97 32767 79 56 11 
32767 71 31 84 4 5 68 32767 88 97 32767 97 32767 51 83 77 43 92 32 99 27 50 
64 32767 98 33 66 76 49 88 32767 46 31 32767 18 32767 24 1 54 1 32767 29 32767 87 
84 93 35 86 94 97 32767 97 46 32767 26 70 31 32767 80 8 34 40 21 26 45 19 
77 92 73 45 85 39 3 32767 31 26 32767 83 93 55 32767 46 19 81 62 80 32767 64 
53 32767 10 88 50 53 23 97 32767 70 83 32767 18 52 32767 30 95 73 32767 31 4 19 
33 41 25 70 45 55 29 32767 18 31 93 18 32767 30 71 9 10 51 57 76 20 32767 
3 49 73 31 35 43 49 51 32767 32767 55 52 30 32767 70 19 24 9 73 32767 9 71 
100 17 95 32767 2 32767 31 83 24 80 32767 32767 71 70 32767 40 87 32767 48 14 59 2 
50 24 30 41 62 19 74 77 1 8 46 30 9 19 40 32767 50 1 45 39 13 84 
56 32767 59 90 6 11 62 43 54 34 19 95 10 24 87 50 32767 94 46 25 49 74 
73 32 22 53 20 65 97 92 1 40 81 73 51 9 32767 1 94 32767 33 32767 32767 47 
57 37 52 1 51 18 32767 32 32767 21 62 32767 57 73 48 45 46 33 32767 76 46 84 
70 89 24 37 35 45 79 99 29 26 80 31 76 32767 14 39 25 32767 76 32767 32767 28 
71 71 55 44 18 45 56 27 32767 45 32767 4 20 9 59 13 49 32767 46 32767 32767 87 
91 74 32767 80 1 35 11 50 87 19 64 19 32767 71 2 84 74 47 84 28 87 32767 
EOF