DIMENSION: 22
EDGE_WEIGHT_TYPE: EXPLICIT
EDGE_WEIGHT_FORMAT: FULL_MATRIX
EDGE_WEIGHT_SECTION:
32767 82 32767 97 23 93 31 64 74 22 3 83 50 95 32767 3 93 57 73 75 99 32767 
82 32767 32767 14 89 17 3 32767 94 12 82 77 60 32767 26 51 22 60 8 45 57 54 
32767 32767 32767 92 98 1 32767 96 70 19 13 6 46 32767 23 51 80 2 83 12 66 32767 
97 14 92 32767 18 37 32767 58 32767 91 71 59 51 38 44 96 72 24 46 95 74 25 
23 89 98 18 32767 77 20 32767 10 78 75 60 83 11 76 73 75 8 49 48 38 42 
93 17 1 37 77 32767 80 78 74 32767 100 61 35 77 63 60 54 32 15 32767 32767 34 
31 3 32767 32767 20 80 32767 20 15 32 2 56 90 19 4 11 26 42 36 58 32767 84 
64 32767 96 58 32767 78 20 32767 6 48 85 44 78 47 24 49 17 62 73 80 71 13 
74 94 70 32767 10 74 15 6 32767 25 1 67 43 76 93 20 36 5 45 32767 6 56 
22 12 19 91 78 32767 32 48 25 32767 39 12 71 19 36 37 95 63 32767 20 26 98 
3 82 13 71 75 100 2 85 1 39 32767 90 3 48 28 99 99 8 64 69 15 11 
83 77 6 59 60 61 56 44 67 12 90 32767 70 41 94 95 96 84 8 62 19 24 
50 60 46 51 83 35 90 78 43 71 3 70 32767 5 3 62 84 26 33 88 35 91 
95 32767 32767 38 11 77 19 47 76 19 48 41 5 32767 75 17 87 41 15 60 27 73 
32767 26 23 44 76 63 4 24 93 36 28 94 3 75 32767 84 52 66 64 76 23 35 
3 51 51 96 73 60 11 49 20 37 99 95 62 17 84 32767 43 2 67 38 87 17 
93 22 80 72 75 54 26 17 36 95 99 96 84 87 52 43 32767 42 15 76 4 21 
57 60 2 24 8 32 42 62 5 63 8 84 26 41 66 2 42 32767 55 32767 82 92 
73 8 83 46 49 15 36 73 45 32767 64 8 33 15 64 67 15 55 32767 73 38 9 
75 45 12 95 48 32767 58 80 32767 20 69 62 88 60 76 38 76 32767 73 32767 100 85 
99 57 66 74 38 32767 32767 71 6 26 15 19 35 27 23 87 4 82 38 100 32767 87 
32767 54 32767 25 42 34 84 13 56 98 11 24 91 73 35 17 21 92 9 85 87 32767 
EOF