DIMENSION: 22
EDGE_WEIGHT_TYPE: EXPLICIT
EDGE_WEIGHT_FORMAT: FULL_MATRIX
EDGE_WEIGHT_SECTION:
32767 4 9 32767 24 84 51 35 77 24 48 31 54 32 29 47 2 51 42 37 55 54 
4 32767 65 32 72 32767 19 32767 45 90 22 21 65 5 50 8 15 9 66 7 66 56 
9 65 32767 96 81 8 67 92 100 12 76 2 32767 16 60 14 41 32767 70 59 50 56 
32767 32 96 32767 13 38 13 32767 24 40 94 88 70 47 82 32767 83 19 72 83 77 5 
24 72 81 13 32767 4 4 92 32767 81 32767 68 2 1 99 86 47 32767 70 60 100 57 
84 32767 8 38 4 32767 14 69 68 87 9 67 19 67 83 32767 67 95 32767 70 77 13 
51 19 67 13 4 14 32767 86 9 6 21 76 61 44 26 34 66 26 72 97 23 61 
35 32767 92 32767 92 69 86 32767 57 60 51 92 60 53 61 100 32767 85 74 74 34 42 
77 45 100 24 32767 68 9 57 32767 17 87 74 63 87 82 91 14 8 14 69 41 12 
24 90 12 40 81 87 6 60 17 32767 40 9 19 99 28 92 62 74 39 90 79 64 
48 22 76 94 32767 9 21 51 87 40 32767 32767 32 32767 78 32767 32767 50 49 89 76 23 
31 21 2 88 68 67 76 92 74 9 32767 32767 11 97 78 99 32767 29 51 14 66 11 
54 65 32767 70 2 19 61 60 63 19 32 11 32767 4 21 80 8 16 100 86 31 12 
32 5 16 47 1 67 44 53 87 99 32767 97 4 32767 72 57 98 72 92 62 8 33 
29 50 60 82 99 83 26 61 82 28 78 78 21 72 32767 36 32767 44 87 32767 21 76 
47 8 14 32767 86 32767 34 100 91 92 32767 99 80 57 36 32767 77 73 32767 29 67 71 
2 15 41 83 47 67 66 32767 14 62 32767 32767 8 98 32767 77 32767 30 91 32767 59 47 
51 9 32767 19 32767 95 26 85 8 74 50 29 16 72 44 73 30 32767 32 90 52 66 
42 66 70 72 70 32767 72 74 14 39 49 51 100 92 87 32767 91 32 32767 16 32767 45 
37 7 59 83 60 70 97 74 69 90 89 14 86 62 32767 29 32767 90 16 32767 32767 44 
55 66 50 77 100 77 23 34 41 79 76 66 31 8 21 67 59 52 32767 32767 32767 31 
54 56 56 5 57 13 61 42 12 64 23 11 12 33 76 71 47 66 45 44 31 32767 
EOF