DIMENSION: 22
EDGE_WEIGHT_TYPE: EXPLICIT
EDGE_WEIGHT_FORMAT: FULL_MATRIX
EDGE_WEIGHT_SECTION:
32767 81 54 13 64 16 24 13 15 43 95 71 28 7 95 75 32767 55 63 64 77 97 
81 32767 32767 37 51 48 69 21 32767 48 68 72 13 57 2 33 1 93 34 86 32767 88 
54 32767 32767 39 64 51 32767 28 49 92 32767 32767 33 71 66 74 73 6 81 97 43 65 
13 37 39 32767 59 64 36 85 78 79 86 74 72 65 32767 71 90 32767 39 9 69 95 
64 51 64 59 32767 52 49 61 24 87 88 64 63 7 50 62 64 39 7 42 96 36 
16 48 51 64 52 32767 32767 48 8 11 26 84 37 94 13 22 20 26 33 36 80 25 
24 69 32767 36 49 32767 32767 16 99 10 92 31 32767 67 16 1 48 95 32767 89 98 43 
13 21 28 85 61 48 16 32767 8 56 32767 55 100 41 45 8 56 89 99 44 62 34 
15 32767 49 78 24 8 99 8 32767 6 61 69 43 68 41 11 5 100 70 32767 32767 62 
43 48 92 79 87 11 10 56 6 32767 99 35 61 26 29 32767 97 95 35 84 6 10 
95 68 32767 86 88 26 92 32767 61 99 32767 67 82 32767 92 5 32767 39 100 26 87 22 
71 72 32767 74 64 84 31 55 69 35 67 32767 78 26 11 32767 16 27 43 62 14 50 
28 13 33 72 63 37 32767 100 43 61 82 78 32767 47 8 39 32767 32767 4 30 17 68 
7 57 71 65 7 94 67 41 68 26 32767 26 47 32767 8 50 4 55 78 14 21 61 
95 2 66 32767 50 13 16 45 41 29 92 11 8 8 32767 2 13 38 100 76 82 78 
75 33 74 71 62 22 1 8 11 32767 5 32767 39 50 2 32767 24 29 13 52 82 35 
32767 1 73 90 64 20 48 56 5 97 32767 16 32767 4 13 24 32767 32767 55 37 63 37 
55 93 6 32767 39 26 95 89 100 95 39 27 32767 55 38 29 32767 32767 94 6 1 19 
63 34 81 39 7 33 32767 99 70 35 100 43 4 78 100 13 55 94 32767 16 19 52 
64 86 97 9 42 36 89 44 32767 84 26 62 30 14 76 52 37 6 16 32767 32767 35 
77 32767 43 69 96 80 98 62 32767 6 87 14 17 21 82 82 63 1 19 32767 32767 36 
97 88 65 95 36 25 43 34 62 10 22 50 68 61 78 35 37 19 52 35 36 32767 
EOF