DIMENSION: 22
EDGE_WEIGHT_TYPE: EXPLICIT
EDGE_WEIGHT_FORMAT: FULL_MATRIX
EDGE_WEIGHT_SECTION:
32767 95 84 69 72 50 3 26 57 10 70 86 32767 32767 61 17 11 21 26 42 61 97 
95 32767 32767 32767 35 38 2 37 35 54 34 83 32767 93 42 64 42 9 6 32767 57 94 
84 32767 32767 48 92 65 9 22 35 96 32767 83 96 46 55 96 24 32767 28 62 46 10 
69 32767 48 32767 34 31 12 10 21 42 4 14 46 40 91 78 49 44 95 7 32767 37 
72 35 92 34 32767 86 96 25 38 60 32767 4 26 82 40 37 49 33 36 32767 10 61 
50 38 65 31 86 32767 32 43 64 49 7 79 33 65 13 89 24 85 8 97 54 67 
3 2 9 12 96 32 32767 64 41 32767 41 99 81 85 46 67 25 45 55 5 63 36 
26 37 22 10 25 43 64 32767 92 86 32767 65 5 94 100 40 20 71 1 32767 97 51 
57 35 35 21 38 64 41 92 32767 81 78 35 32767 20 55 19 32767 12 2 6 58 29 
10 54 96 42 60 49 32767 86 81 32767 82 34 21 83 32767 32767 21 84 32767 59 41 77 
70 34 32767 4 32767 7 41 32767 78 82 32767 93 97 48 88 84 10 22 29 74 8 1 
86 83 83 14 4 79 99 65 35 34 93 32767 72 49 32767 42 54 4 81 43 73 71 
32767 32767 96 46 26 33 81 5 32767 21 97 72 32767 33 82 7 49 97 88 8 32767 90 
32767 93 46 40 82 65 85 94 20 83 48 49 33 32767 82 81 3 99 32767 32767 60 8 
61 42 55 91 40 13 46 100 55 32767 88 32767 82 82 32767 74 1 92 32767 30 35 78 
17 64 96 78 37 89 67 40 19 32767 84 42 7 81 74 32767 20 31 52 28 85 20 
11 42 24 49 49 24 25 20 32767 21 10 54 49 3 1 20 32767 32767 57 66 52 49 
21 9 32767 44 33 85 45 71 12 84 22 4 97 99 92 31 32767 32767 41 32767 38 27 
26 6 28 95 36 8 55 1 2 32767 29 81 88 32767 32767 52 57 41 32767 42 14 75 
42 32767 62 7 32767 97 5 32767 6 59 74 43 8 32767 30 28 66 32767 42 32767 59 26 
61 57 46 32767 10 54 63 97 58 41 8 73 32767 60 35 85 52 38 14 59 32767 32767 
97 94 10 37 61 67 36 51 29 77 1 71 90 8 78 20 49 27 75 26 32767 32767 
EOF