DIMENSION: 22
EDGE_WEIGHT_TYPE: EXPLICIT
EDGE_WEIGHT_FORMAT: FULL_MATRIX
EDGE_WEIGHT_SECTION:
32767 49 13 80 72 19 49 39 20 8 21 40 32767 9 89 14 37 45 59 36 17 61 
49 32767 24 68 24 43 91 21 76 96 11 12 7 55 2 60 18 48 77 28 37 33 
13 24 32767 67 67 85 58 74 32767 81 1 31 61 12 96 32767 63 66 53 78 32767 97 
80 68 67 32767 39 32767 32767 32767 42 16 84 1 32767 1 10 96 11 88 31 91 32767 39 
72 24 67 39 32767 82 90 36 32767 3 37 6 95 6 53 30 83 76 6 17 57 77 
19 43 85 32767 82 32767 23 32767 6 46 86 64 11 9 26 48 95 68 21 76 42 97 
49 91 58 32767 90 23 32767 31 94 32767 40 78 63 32767 35 83 49 52 97 54 4 38 
39 21 74 32767 36 32767 31 32767 89 47 78 59 32 99 32767 78 32767 66 66 14 60 35 
20 76 32767 42 32767 6 94 89 32767 79 93 38 50 52 29 48 67 45 75 92 27 57 
8 96 81 16 3 46 32767 47 79 32767 25 2 81 100 96 6 25 75 19 64 71 75 
21 11 1 84 37 86 40 78 93 25 32767 55 89 26 25 13 12 58 19 51 53 33 
40 12 31 1 6 64 78 59 38 2 55 32767 80 52 39 4 70 82 95 3 32767 67 
32767 7 61 32767 95 11 63 32 50 81 89 80 32767 19 6 78 84 14 86 90 43 30 
9 55 12 1 6 9 32767 99 52 100 26 52 19 32767 40 38 76 44 1 94 64 27 
89 2 96 10 53 26 35 32767 29 96 25 39 6 40 32767 97 83 10 38 40 86 64 
14 60 32767 96 30 48 83 78 48 6 13 4 78 38 97 32767 2 61 5 37 23 15 
37 18 63 11 83 95 49 32767 67 25 12 70 84 76 83 2 32767 57 80 2 91 8 
45 48 66 88 76 68 52 66 45 75 58 82 14 44 10 61 57 32767 32767 98 75 35 
59 77 53 31 6 21 97 66 75 19 19 95 86 1 38 5 80 32767 32767 40 9 62 
36 28 78 91 17 76 54 14 92 64 51 3 90 94 40 37 2 98 40 32767 47 32767 
17 37 32767 32767 57 42 4 60 27 71 53 32767 43 64 86 23 91 75 9 47 32767 47 
61 33 97 39 77 97 38 35 57 75 33 67 30 27 64 15 8 35 62 32767 47 32767 
EOF