DIMENSION: 22
EDGE_WEIGHT_TYPE: EXPLICIT
EDGE_WEIGHT_FORMAT: FULL_MATRIX
EDGE_WEIGHT_SECTION:
32767 88 19 43 88 32 25 45 85 51 63 12 2 77 93 40 56 1 34 66 39 26 
88 32767 32767 32767 35 1 11 28 32 31 75 78 87 40 58 32767 75 68 74 32767 96 54 
19 32767 32767 5 63 32767 46 21 87 83 34 44 76 1 69 77 54 89 7 79 99 12 
43 32767 5 32767 32767 32 66 35 65 60 29 37 100 59 62 82 66 66 68 51 6 16 
88 35 63 32767 32767 65 40 3 17 82 61 14 26 30 14 76 86 10 57 23 90 74 
32 1 32767 32 65 32767 20 84 58 32767 18 6 75 70 46 32767 77 54 42 53 86 54 
25 11 46 66 40 20 32767 32767 73 58 43 53 24 51 91 34 88 64 46 32767 59 1 
45 28 21 35 3 84 32767 32767 100 54 79 84 33 91 85 47 91 67 57 94 56 34 
85 32 87 65 17 58 73 100 32767 1 10 40 32767 32767 6 60 19 86 3 89 32767 32767 
51 31 83 60 82 32767 58 54 1 32767 23 18 7 63 92 78 63 16 38 49 12 98 
63 75 34 29 61 18 43 79 10 23 32767 75 81 45 74 39 32767 45 2 60 66 30 
12 78 44 37 14 6 53 84 40 18 75 32767 80 32767 53 19 37 12 68 78 73 32767 
2 87 76 100 26 75 24 33 32767 7 81 80 32767 64 32767 60 70 25 65 67 16 20 
77 40 1 59 30 70 51 91 32767 63 45 32767 64 32767 32767 90 42 32767 4 38 36 32767 
93 58 69 62 14 46 91 85 6 92 74 53 32767 32767 32767 17 81 37 6 32767 43 7 
40 32767 77 82 76 32767 34 47 60 78 39 19 60 90 17 32767 98 44 93 59 89 73 
56 75 54 66 86 77 88 91 19 63 32767 37 70 42 81 98 32767 40 32767 75 64 52 
1 68 89 66 10 54 64 67 86 16 45 12 25 32767 37 44 40 32767 28 91 23 28 
34 74 7 68 57 42 46 57 3 38 2 68 65 4 6 93 32767 28 32767 68 73 83 
66 32767 79 51 23 53 32767 94 89 49 60 78 67 38 32767 59 75 91 68 32767 34 52 
39 96 99 6 90 86 59 56 32767 12 66 73 16 36 43 89 64 23 73 34 32767 71 
26 54 12 16 74 54 1 34 32767 98 30 32767 20 32767 7 73 52 28 83 52 71 32767 
EOF