DIMENSION: 18
EDGE_WEIGHT_TYPE: EXPLICIT
EDGE_WEIGHT_FORMAT: FULL_MATRIX
EDGE_WEIGHT_SECTION:
32767 32767 83 21 9 42 32767 85 52 32767 32767 32767 11 32767 32767 70 35 66 
32767 32767 32767 93 32767 32767 32767 54 91 56 43 68 25 32767 48 32767 32767 32767 
83 32767 32767 32767 89 32767 9 32767 32767 32767 67 72 32767 32767 93 12 64 32767 
21 93 32767 32767 18 93 8 32767 27 44 6 32767 32767 95 36 84 32767 91 
9 32767 89 18 32767 32767 13 32767 76 79 32767 32767 32767 82 65 65 23 32767 
42 32767 32767 93 32767 32767 32767 46 32767 32767 96 88 4 32767 16 53 32767 32767 
32767 32767 9 8 13 32767 32767 88 5 32767 70 32767 32767 32767 78 32767 75 32767 
85 54 32767 32767 32767 46 88 32767 32767 32767 32767 32767 32767 32767 32767 74 32767 53 
52 91 32767 27 76 32767 5 32767 32767 32767 32767 22 61 32767 8 58 32767 32767 
32767 56 32767 44 79 32767 32767 32767 32767 32767 40 32767 14 72 32767 27 40 12 
32767 43 67 6 32767 96 70 32767 32767 40 32767 79 70 87 32767 61 73 32767 
32767 68 72 32767 32767 88 32767 32767 22 32767 79 32767 72 32767 56 37 32767 32767 
11 25 32767 32767 32767 4 32767 32767 61 14 70 72 32767 83 72 9 47 73 
32767 32767 32767 95 82 32767 32767 32767 32767 72 87 32767 83 32767 32767 32767 32767 32767 
32767 48 93 36 65 16 78 32767 8 32767 32767 56 72 32767 32767 14 46 74 
70 32767 12 84 65 53 32767 74 58 27 61 37 9 32767 14 32767 71 32767 
35 32767 64 32767 23 32767 75 32767 32767 40 73 32767 47 32767 46 71 32767 20 
66 32767 32767 91 32767 32767 32767 53 32767 12 32767 32767 73 32767 74 32767 20 32767 
EOF