DIMENSION: 18
EDGE_WEIGHT_TYPE: EXPLICIT
EDGE_WEIGHT_FORMAT: FULL_MATRIX
EDGE_WEIGHT_SECTION:
32767 32767 32767 17 3 32767 32767 40 98 32767 11 71 32767 32767 74 53 32767 32767 
32767 32767 32767 32767 32767 51 84 32767 32767 32767 63 32767 32767 32767 32767 46 32767 32767 
32767 32767 32767 3 32767 32767 3 76 32767 32767 53 32767 32767 32767 91 5 32767 32767 
17 32767 3 32767 66 32767 62 32767 59 93 15 9 59 44 32767 3 94 32767 
3 32767 32767 66 32767 11 32767 15 7 14 60 67 32767 79 32767 45 12 69 
32767 51 32767 32767 11 32767 8 18 32767 32767 17 32767 32767 32767 40 32767 32767 32767 
32767 84 3 62 32767 8 32767 26 32767 44 86 100 32767 9 32767 77 32767 32767 
40 32767 76 32767 15 18 26 32767 32767 56 19 32767 43 81 48 60 8 32767 
98 32767 32767 59 7 32767 32767 32767 32767 51 10 94 45 32767 79 85 92 28 
32767 32767 32767 93 14 32767 44 56 51 32767 32767 51 32767 32767 26 32767 56 32767 
11 63 53 15 60 17 86 19 10 32767 32767 63 30 32767 32767 40 89 39 
71 32767 32767 9 67 32767 100 32767 94 51 63 32767 32767 69 32767 32767 32767 32767 
32767 32767 32767 59 32767 32767 32767 43 45 32767 30 32767 32767 16 16 31 32767 32767 
32767 32767 32767 44 79 32767 9 81 32767 32767 32767 69 16 32767 36 19 6 75 
74 32767 91 32767 32767 40 32767 48 79 26 32767 32767 16 36 32767 56 32767 32767 
53 46 5 3 45 32767 77 60 85 32767 40 32767 31 19 56 32767 32767 97 
32767 32767 32767 94 12 32767 32767 8 92 56 89 32767 32767 6 32767 32767 32767 32767 
32767 32767 32767 32767 69 32767 32767 32767 28 32767 39 32767 32767 75 32767 97 32767 32767 
EOF