DIMENSION: 18
EDGE_WEIGHT_TYPE: EXPLICIT
EDGE_WEIGHT_FORMAT: FULL_MATRIX
EDGE_WEIGHT_SECTION:
32767 53 32767 32767 54 7 61 32767 85 56 32767 30 32767 32767 32767 92 32767 32767 
53 32767 32767 32767 32767 94 75 32767 32767 12 48 18 68 92 22 2 32767 32767 
32767 32767 32767 47 32767 41 32767 32767 32767 32767 32767 32767 32767 89 32767 1 45 32767 
32767 32767 47 32767 32767 32767 15 32767 32767 32767 48 31 89 32767 29 78 32767 32767 
54 32767 32767 32767 32767 32767 13 12 32767 32767 37 85 100 32767 94 92 32767 34 
7 94 41 32767 32767 32767 59 44 32767 79 32767 36 32767 100 20 32767 32767 32767 
61 75 32767 15 13 59 32767 32767 32767 32767 32767 32767 34 11 32767 32767 32767 32767 
32767 32767 32767 32767 12 44 32767 32767 88 66 87 32767 20 78 31 47 93 32767 
85 32767 32767 32767 32767 32767 32767 88 32767 76 32767 32767 91 32767 2 48 32767 69 
56 12 32767 32767 32767 79 32767 66 76 32767 32767 86 59 49 32767 32767 32767 94 
32767 48 32767 48 37 32767 32767 87 32767 32767 32767 32767 81 32767 14 32767 28 32767 
30 18 32767 31 85 36 32767 32767 32767 86 32767 32767 28 28 32767 32767 32767 32767 
32767 68 32767 89 100 32767 34 20 91 59 81 28 32767 26 58 32767 39 1 
32767 92 89 32767 32767 100 11 78 32767 49 32767 28 26 32767 50 96 63 32767 
32767 22 32767 29 94 20 32767 31 2 32767 14 32767 58 50 32767 32767 94 83 
92 2 1 78 92 32767 32767 47 48 32767 32767 32767 32767 96 32767 32767 32767 57 
32767 32767 45 32767 32767 32767 32767 93 32767 32767 28 32767 39 63 94 32767 32767 42 
32767 32767 32767 32767 34 32767 32767 32767 69 94 32767 32767 1 32767 83 57 42 32767 
EOF