DIMENSION: 18
EDGE_WEIGHT_TYPE: EXPLICIT
EDGE_WEIGHT_FORMAT: FULL_MATRIX
EDGE_WEIGHT_SECTION:
32767 32767 32767 32767 74 41 99 32767 32767 32767 14 96 20 32767 85 75 32767 7 
32767 32767 32767 74 32767 39 32767 32767 32767 47 45 32767 32767 2 32767 32767 32767 32767 
32767 32767 32767 32767 89 4 59 51 82 32767 32767 32767 81 10 32767 32767 24 53 
32767 74 32767 32767 32767 54 32767 55 14 32767 32767 30 57 55 32767 20 32767 32767 
74 32767 89 32767 32767 48 81 15 32767 14 32767 39 32767 32767 100 65 55 32767 
41 39 4 54 48 32767 60 31 32767 93 61 9 32767 89 32767 76 87 14 
99 32767 59 32767 81 60 32767 32767 32767 27 32767 91 32767 32767 38 32767 32767 82 
32767 32767 51 55 15 31 32767 32767 13 32767 32767 79 12 79 94 32767 9 32767 
32767 32767 82 14 32767 32767 32767 13 32767 69 73 32767 64 2 49 93 32767 65 
32767 47 32767 32767 14 93 27 32767 69 32767 69 32767 47 51 32767 32767 10 5 
14 45 32767 32767 32767 61 32767 32767 73 69 32767 70 32767 32767 24 66 32767 32767 
96 32767 32767 30 39 9 91 79 32767 32767 70 32767 32767 32767 32767 32767 32767 34 
20 32767 81 57 32767 32767 32767 12 64 47 32767 32767 32767 32767 32767 62 100 71 
32767 2 10 55 32767 89 32767 79 2 51 32767 32767 32767 32767 32767 32767 32767 48 
85 32767 32767 32767 100 32767 38 94 49 32767 24 32767 32767 32767 32767 96 12 37 
75 32767 32767 20 65 76 32767 32767 93 32767 66 32767 62 32767 96 32767 32767 54 
32767 32767 24 32767 55 87 32767 9 32767 10 32767 32767 100 32767 12 32767 32767 85 
7 32767 53 32767 32767 14 82 32767 65 5 32767 34 71 48 37 54 85 32767 
EOF