DIMENSION: 32
EDGE_WEIGHT_TYPE: EXPLICIT
EDGE_WEIGHT_FORMAT: FULL_MATRIX
EDGE_WEIGHT_SECTION:
32767 56 41 17 4 25 86 32767 51 59 93 8 64 3 9 61 32 32767 27 80 60 18 72 61 5 28 98 41 57 43 36 43 
56 32767 4 57 85 25 23 84 48 15 32767 32767 85 87 39 4 25 54 11 32767 19 100 15 80 79 7 44 75 47 76 64 78 
41 4 32767 95 32767 14 10 48 32767 54 23 73 62 79 41 95 78 61 40 89 58 48 52 32767 32767 55 17 77 82 72 95 65 
17 57 95 32767 50 59 87 100 84 21 32767 72 32767 75 75 94 31 40 39 65 23 49 76 31 67 84 97 11 15 32767 32767 27 
4 85 32767 50 32767 91 45 11 64 89 41 19 29 90 67 32767 15 43 71 46 57 1 60 28 46 34 32767 32767 32767 9 32767 51 
25 25 14 59 91 32767 73 30 80 61 55 13 74 28 96 30 57 25 90 11 33 89 36 45 45 69 63 32767 88 89 32767 32767 
86 23 10 87 45 73 32767 53 52 58 32767 36 48 23 78 9 77 26 52 78 28 2 69 56 48 12 83 63 20 70 95 70 
32767 84 48 100 11 30 53 32767 32 67 87 100 20 70 49 43 100 32767 82 32767 16 94 72 16 10 88 33 72 40 32767 9 84 
51 48 32767 84 64 80 52 32 32767 26 37 26 36 32767 11 23 18 23 36 32767 20 26 27 39 52 73 5 32767 82 47 15 46 
59 15 54 21 89 61 58 67 26 32767 32767 16 66 13 32767 85 78 89 30 50 100 61 32767 42 39 32767 32767 7 38 70 19 32767 
93 32767 23 32767 41 55 32767 87 37 32767 32767 19 91 57 93 6 42 24 64 96 55 32767 2 51 87 42 6 76 13 80 15 1 
8 32767 73 72 19 13 36 100 26 16 19 32767 59 84 73 8 53 84 77 93 58 20 8 38 65 67 86 92 29 8 73 78 
64 85 62 32767 29 74 48 20 36 66 91 59 32767 30 79 51 20 60 23 32767 60 51 9 65 73 8 20 71 38 16 27 53 
3 87 79 75 90 28 23 70 32767 13 57 84 30 32767 92 61 35 65 21 74 48 61 51 70 29 8 88 19 47 18 83 69 
9 39 41 75 67 96 78 49 11 32767 93 73 79 92 32767 9 64 51 10 27 69 91 99 30 88 29 86 32767 3 11 86 89 
61 4 95 94 32767 30 9 43 23 85 6 8 51 61 9 32767 43 32767 80 70 49 35 28 9 38 77 1 45 65 92 94 37 
32 25 78 31 15 57 77 100 18 78 42 53 20 35 64 43 32767 14 36 83 32767 31 36 75 77 58 12 77 19 89 48 32767 
32767 54 61 40 43 25 26 32767 23 89 24 84 60 65 51 32767 14 32767 19 40 78 76 84 43 13 32767 80 32767 89 50 91 34 
27 11 40 39 71 90 52 82 36 30 64 77 23 21 10 80 36 19 32767 63 47 90 72 48 32767 75 43 2 16 28 56 36 
80 32767 89 65 46 11 78 32767 32767 50 96 93 32767 74 27 70 83 40 63 32767 15 32767 88 60 97 1 75 66 24 49 67 37 
60 19 58 23 57 33 28 16 20 100 55 58 60 48 69 49 32767 78 47 15 32767 19 18 8 52 49 41 32767 52 34 90 32767 
18 100 48 49 1 89 2 94 26 61 32767 20 51 61 91 35 31 76 90 32767 19 32767 65 57 61 22 60 69 10 95 20 98 
72 15 52 76 60 36 69 72 27 32767 2 8 9 51 99 28 36 84 72 88 18 65 32767 48 56 42 18 86 86 23 89 3 
61 80 32767 31 28 45 56 16 39 42 51 38 65 70 30 9 75 43 48 60 8 57 48 32767 66 20 92 72 50 83 11 88 
5 79 32767 67 46 45 48 10 52 39 87 65 73 29 88 38 77 13 32767 97 52 61 56 66 32767 66 62 83 70 100 66 31 
28 7 55 84 34 69 12 88 73 32767 42 67 8 8 29 77 58 32767 75 1 49 22 42 20 66 32767 1 81 30 53 9 95 
98 44 17 97 32767 63 83 33 5 32767 6 86 20 88 86 1 12 80 43 75 41 60 18 92 62 1 32767 4 73 22 24 73 
41 75 77 11 32767 32767 63 72 32767 7 76 92 71 19 32767 45 77 32767 2 66 32767 69 86 72 83 81 4 32767 85 78 39 75 
57 47 82 15 32767 88 20 40 82 38 13 29 38 47 3 65 19 89 16 24 52 10 86 50 70 30 73 85 32767 10 17 99 
43 76 72 32767 9 89 70 32767 47 70 80 8 16 18 11 92 89 50 28 49 34 95 23 83 100 53 22 78 10 32767 14 50 
36 64 95 32767 32767 32767 95 9 15 19 15 73 27 83 86 94 48 91 56 67 90 20 89 11 66 9 24 39 17 14 32767 8 
43 78 65 27 51 32767 70 84 46 32767 1 78 53 69 89 37 32767 34 36 37 32767 98 3 88 31 95 73 75 99 50 8 32767 
EOF