DIMENSION: 32
EDGE_WEIGHT_TYPE: EXPLICIT
EDGE_WEIGHT_FORMAT: FULL_MATRIX
EDGE_WEIGHT_SECTION:
32767 1 79 8 98 88 28 32767 8 65 43 70 60 85 84 37 96 33 50 85 52 30 91 40 32767 56 90 95 16 93 5 76 
1 32767 75 69 97 88 26 19 94 93 42 70 4 44 86 11 67 79 85 32767 32767 73 22 35 4 36 24 96 64 56 70 94 
79 75 32767 83 70 5 59 38 84 32767 70 84 38 72 27 82 32767 40 64 83 97 6 57 6 48 57 10 16 97 82 25 96 
8 69 83 32767 68 6 19 77 40 21 51 46 18 29 12 36 42 22 66 21 3 64 32767 93 4 32767 4 42 32767 59 58 65 
98 97 70 68 32767 72 95 46 58 85 69 58 27 86 28 37 43 32767 53 32767 89 47 27 5 6 32767 43 7 12 82 86 40 
88 88 5 6 72 32767 100 82 83 26 23 75 32767 68 30 4 68 73 70 5 10 22 19 81 51 33 89 53 22 65 98 32767 
28 26 59 19 95 100 32767 17 46 46 95 31 1 33 11 70 23 65 53 60 3 74 34 32767 31 48 75 82 27 24 22 20 
32767 19 38 77 46 82 17 32767 89 62 71 38 54 20 37 76 93 32767 19 100 79 32767 77 48 81 14 63 93 35 3 32767 39 
8 94 84 40 58 83 46 89 32767 52 11 75 79 39 89 33 32767 80 54 99 82 68 41 22 8 19 51 43 75 32767 31 41 
65 93 32767 21 85 26 46 62 52 32767 33 95 64 32767 32 82 41 68 90 54 94 56 88 56 65 1 49 26 26 25 42 32767 
43 42 70 51 69 23 95 71 11 33 32767 82 26 21 1 98 88 48 32767 8 32767 8 53 90 32767 32767 67 1 11 32767 88 29 
70 70 84 46 58 75 31 38 75 95 82 32767 34 32767 42 73 70 49 17 19 32767 60 32767 19 81 7 4 30 43 18 61 4 
60 4 38 18 27 32767 1 54 79 64 26 34 32767 100 46 79 9 32767 38 47 78 95 32767 37 100 88 39 46 32767 49 67 30 
85 44 72 29 86 68 33 20 39 32767 21 32767 100 32767 51 27 27 58 78 32767 72 86 38 26 79 81 32767 48 32767 14 79 50 
84 86 27 12 28 30 11 37 89 32 1 42 46 51 32767 58 48 6 51 32767 22 8 69 7 71 30 87 22 42 66 71 34 
37 11 82 36 37 4 70 76 33 82 98 73 79 27 58 32767 86 76 8 80 50 63 31 67 42 100 24 16 32767 81 13 74 
96 67 32767 42 43 68 23 93 32767 41 88 70 9 27 48 86 32767 57 10 32767 81 20 83 100 54 15 65 26 86 4 26 44 
33 79 40 22 32767 73 65 32767 80 68 48 49 32767 58 6 76 57 32767 69 53 87 89 62 48 32767 99 98 76 80 74 32767 66 
50 85 64 66 53 70 53 19 54 90 32767 17 38 78 51 8 10 69 32767 9 65 39 81 84 32767 24 75 85 32767 83 78 55 
85 32767 83 21 32767 5 60 100 99 54 8 19 47 32767 32767 80 32767 53 9 32767 30 98 32767 64 81 87 97 65 6 100 20 17 
52 32767 97 3 89 10 3 79 82 94 32767 32767 78 72 22 50 81 87 65 30 32767 44 32767 23 88 98 23 70 10 79 32767 62 
30 73 6 64 47 22 74 32767 68 56 8 60 95 86 8 63 20 89 39 98 44 32767 52 7 13 32767 84 6 27 76 26 30 
91 22 57 32767 27 19 34 77 41 88 53 32767 32767 38 69 31 83 62 81 32767 32767 52 32767 85 70 51 48 50 42 80 23 36 
40 35 6 93 5 81 32767 48 22 56 90 19 37 26 7 67 100 48 84 64 23 7 85 32767 30 64 57 40 43 99 92 29 
32767 4 48 4 6 51 31 81 8 65 32767 81 100 79 71 42 54 32767 32767 81 88 13 70 30 32767 32767 79 88 45 4 47 84 
56 36 57 32767 32767 33 48 14 19 1 32767 7 88 81 30 100 15 99 24 87 98 32767 51 64 32767 32767 62 15 27 36 45 32767 
90 24 10 4 43 89 75 63 51 49 67 4 39 32767 87 24 65 98 75 97 23 84 48 57 79 62 32767 62 35 5 66 93 
95 96 16 42 7 53 82 93 43 26 1 30 46 48 22 16 26 76 85 65 70 6 50 40 88 15 62 32767 83 6 7 96 
16 64 97 32767 12 22 27 35 75 26 11 43 32767 32767 42 32767 86 80 32767 6 10 27 42 43 45 27 35 83 32767 50 95 48 
93 56 82 59 82 65 24 3 32767 25 32767 18 49 14 66 81 4 74 83 100 79 76 80 99 4 36 5 6 50 32767 32767 53 
5 70 25 58 86 98 22 32767 31 42 88 61 67 79 71 13 26 32767 78 20 32767 26 23 92 47 45 66 7 95 32767 32767 64 
76 94 96 65 40 32767 20 39 41 32767 29 4 30 50 34 74 44 66 55 17 62 30 36 29 84 32767 93 96 48 53 64 32767 
EOF