DIMENSION: 32
EDGE_WEIGHT_TYPE: EXPLICIT
EDGE_WEIGHT_FORMAT: FULL_MATRIX
EDGE_WEIGHT_SECTION:
32767 64 28 68 9 70 99 30 22 46 6 98 22 48 38 79 38 100 81 94 77 68 59 78 7 88 32767 37 1 53 77 18 
64 32767 76 65 32767 35 32767 32767 5 86 45 46 41 18 70 21 76 85 24 89 17 74 22 15 32767 100 97 39 7 17 45 47 
28 76 32767 15 89 29 68 6 88 74 23 45 44 41 92 5 73 47 54 24 93 84 18 12 98 1 36 46 90 13 85 89 
68 65 15 32767 71 28 53 66 58 57 90 35 32767 35 93 8 73 32767 54 5 32767 32767 81 51 19 30 69 2 58 32767 15 61 
9 32767 89 71 32767 4 30 13 81 22 78 55 98 12 69 34 32767 95 79 30 54 56 17 86 16 6 8 96 3 65 55 5 
70 35 29 28 4 32767 95 28 92 25 44 71 14 44 85 32767 44 32767 45 52 81 63 71 84 34 6 24 41 32767 6 55 38 
99 32767 68 53 30 95 32767 56 32767 32767 77 25 51 52 53 70 45 7 32767 55 70 52 20 32767 76 44 70 32767 94 9 12 28 
30 32767 6 66 13 28 56 32767 17 72 35 41 23 58 31 15 32767 59 41 8 73 60 31 79 75 77 93 84 27 42 75 18 
22 5 88 58 81 92 32767 17 32767 74 4 8 17 79 32 86 67 21 3 99 2 30 81 66 32767 39 80 86 73 73 2 32767 
46 86 74 57 22 25 32767 72 74 32767 64 48 94 1 32767 3 18 2 63 49 82 9 22 89 84 28 5 32767 93 22 17 47 
6 45 23 90 78 44 77 35 4 64 32767 78 92 58 52 77 71 5 84 39 30 82 32767 74 55 98 65 41 31 70 98 53 
98 46 45 35 55 71 25 41 8 48 78 32767 3 37 84 96 16 42 91 6 34 60 94 10 46 49 63 24 1 22 98 96 
22 41 44 32767 98 14 51 23 17 94 92 3 32767 79 89 52 66 1 87 76 70 79 17 22 32767 74 80 100 56 79 53 32767 
48 18 41 35 12 44 52 58 79 1 58 37 79 32767 98 33 90 44 66 39 34 38 46 29 26 47 45 57 62 84 21 61 
38 70 92 93 69 85 53 31 32 32767 52 84 89 98 32767 86 32767 4 32767 100 72 8 35 16 28 90 71 60 2 96 11 84 
79 21 5 8 34 32767 70 15 86 3 77 96 52 33 86 32767 12 52 28 84 32767 43 77 82 32767 95 81 32767 92 77 49 50 
38 76 73 73 32767 44 45 32767 67 18 71 16 66 90 32767 12 32767 32767 98 97 50 51 27 27 21 27 16 92 38 32767 91 26 
100 85 47 32767 95 32767 7 59 21 2 5 42 1 44 4 52 32767 32767 98 95 72 79 62 74 81 72 39 3 47 43 13 33 
81 24 54 54 79 45 32767 41 3 63 84 91 87 66 32767 28 98 98 32767 56 42 85 88 49 32 72 8 23 81 10 12 6 
94 89 24 5 30 52 55 8 99 49 39 6 76 39 100 84 97 95 56 32767 1 15 74 44 27 3 88 32767 32767 12 25 10 
77 17 93 32767 54 81 70 73 2 82 30 34 70 34 72 32767 50 72 42 1 32767 50 32767 11 23 82 18 43 25 32767 32767 42 
68 74 84 32767 56 63 52 60 30 9 82 60 79 38 8 43 51 79 85 15 50 32767 94 65 90 7 12 5 79 22 71 58 
59 22 18 81 17 71 20 31 81 22 32767 94 17 46 35 77 27 62 88 74 32767 94 32767 24 32767 66 80 27 75 16 69 71 
78 15 12 51 86 84 32767 79 66 89 74 10 22 29 16 82 27 74 49 44 11 65 24 32767 70 68 22 77 51 42 74 70 
7 32767 98 19 16 34 76 75 32767 84 55 46 32767 26 28 32767 21 81 32 27 23 90 32767 70 32767 53 29 20 55 11 28 33 
88 100 1 30 6 6 44 77 39 28 98 49 74 47 90 95 27 72 72 3 82 7 66 68 53 32767 87 32767 54 88 28 33 
32767 97 36 69 8 24 70 93 80 5 65 63 80 45 71 81 16 39 8 88 18 12 80 22 29 87 32767 1 17 99 50 97 
37 39 46 2 96 41 32767 84 86 32767 41 24 100 57 60 32767 92 3 23 32767 43 5 27 77 20 32767 1 32767 5 88 14 78 
1 7 90 58 3 32767 94 27 73 93 31 1 56 62 2 92 38 47 81 32767 25 79 75 51 55 54 17 5 32767 93 83 93 
53 17 13 32767 65 6 9 42 73 22 70 22 79 84 96 77 32767 43 10 12 32767 22 16 42 11 88 99 88 93 32767 97 18 
77 45 85 15 55 55 12 75 2 17 98 98 53 21 11 49 91 13 12 25 32767 71 69 74 28 28 50 14 83 97 32767 32767 
18 47 89 61 5 38 28 18 32767 47 53 96 32767 61 84 50 26 33 6 10 42 58 71 70 33 33 97 78 93 18 32767 32767 
EOF