DIMENSION: 20
EDGE_WEIGHT_TYPE: EXPLICIT
EDGE_WEIGHT_FORMAT: FULL_MATRIX
EDGE_WEIGHT_SECTION:
32767 32767 98 32767 39 32767 32767 36 52 5 32767 42 22 32767 67 27 89 32767 34 32767 
32767 32767 32767 32767 93 32767 31 15 28 29 10 46 99 43 38 10 15 72 95 18 
98 32767 32767 59 54 32767 32767 19 73 59 93 37 32767 32767 26 32767 32767 84 3 67 
32767 32767 59 32767 32767 32767 32767 32 43 32767 32767 91 87 63 81 32767 24 87 8 84 
39 93 54 32767 32767 10 98 86 64 32767 100 32767 81 64 32767 52 41 16 55 35 
32767 32767 32767 32767 10 32767 68 39 87 60 32767 82 40 32767 60 10 71 63 40 54 
32767 31 32767 32767 98 68 32767 32767 32767 67 63 15 48 82 20 32767 50 76 32767 83 
36 15 19 32 86 39 32767 32767 40 87 27 56 85 92 97 89 59 68 96 87 
52 28 73 43 64 87 32767 40 32767 37 63 32767 46 9 32767 32767 29 32767 13 76 
5 29 59 32767 32767 60 67 87 37 32767 32767 24 100 20 54 35 97 82 85 91 
32767 10 93 32767 100 32767 63 27 63 32767 32767 32767 99 32767 61 35 32767 32767 5 6 
42 46 37 91 32767 82 15 56 32767 24 32767 32767 92 67 45 32767 32767 65 53 43 
22 99 32767 87 81 40 48 85 46 100 99 92 32767 46 23 32767 59 32767 32767 51 
32767 43 32767 63 64 32767 82 92 9 20 32767 67 46 32767 51 29 50 25 23 55 
67 38 26 81 32767 60 20 97 32767 54 61 45 23 51 32767 65 58 90 32767 79 
27 10 32767 32767 52 10 32767 89 32767 35 35 32767 32767 29 65 32767 12 7 11 32767 
89 15 32767 24 41 71 50 59 29 97 32767 32767 59 50 58 12 32767 32767 74 35 
32767 72 84 87 16 63 76 68 32767 82 32767 65 32767 25 90 7 32767 32767 89 72 
34 95 3 8 55 40 32767 96 13 85 5 53 32767 23 32767 11 74 89 32767 45 
32767 18 67 84 35 54 83 87 76 91 6 43 51 55 79 32767 35 72 45 32767 
EOF