DIMENSION: 20
EDGE_WEIGHT_TYPE: EXPLICIT
EDGE_WEIGHT_FORMAT: FULL_MATRIX
EDGE_WEIGHT_SECTION:
32767 32 32767 32 60 89 36 74 14 32767 32767 32767 32767 32767 97 44 13 32767 32767 34 
32 32767 86 17 48 48 1 32767 92 32767 6 22 48 35 83 22 48 100 27 49 
32767 86 32767 32767 32767 56 83 50 48 42 18 51 71 32767 5 33 32767 32767 32767 32767 
32 17 32767 32767 32767 36 57 93 32767 76 79 32767 31 71 86 16 57 32767 32767 11 
60 48 32767 32767 32767 32767 99 32767 32767 1 22 69 38 32767 68 32767 32767 46 50 64 
89 48 56 36 32767 32767 32767 73 54 32767 68 32767 33 32767 34 91 10 84 31 80 
36 1 83 57 99 32767 32767 2 96 32767 59 2 64 30 26 32767 32767 32767 32767 32767 
74 32767 50 93 32767 73 2 32767 68 38 12 32767 94 65 32767 42 28 51 6 32767 
14 92 48 32767 32767 54 96 68 32767 32767 63 38 32767 48 51 32767 36 54 52 92 
32767 32767 42 76 1 32767 32767 38 32767 32767 32767 88 32767 80 32767 82 6 91 32767 22 
32767 6 18 79 22 68 59 12 63 32767 32767 55 5 80 32767 67 39 78 32767 5 
32767 22 51 32767 69 32767 2 32767 38 88 55 32767 96 32767 27 32767 8 87 32767 32767 
32767 48 71 31 38 33 64 94 32767 32767 5 96 32767 32767 32767 32767 59 32767 71 12 
32767 35 32767 71 32767 32767 30 65 48 80 80 32767 32767 32767 62 32767 32767 32767 32767 86 
97 83 5 86 68 34 26 32767 51 32767 32767 27 32767 62 32767 32767 32767 32767 35 24 
44 22 33 16 32767 91 32767 42 32767 82 67 32767 32767 32767 32767 32767 18 2 8 47 
13 48 32767 57 32767 10 32767 28 36 6 39 8 59 32767 32767 18 32767 17 32767 33 
32767 100 32767 32767 46 84 32767 51 54 91 78 87 32767 32767 32767 2 17 32767 5 83 
32767 27 32767 32767 50 31 32767 6 52 32767 32767 32767 71 32767 35 8 32767 5 32767 85 
34 49 32767 11 64 80 32767 32767 92 22 5 32767 12 86 24 47 33 83 85 32767 
EOF