DIMENSION: 20
EDGE_WEIGHT_TYPE: EXPLICIT
EDGE_WEIGHT_FORMAT: FULL_MATRIX
EDGE_WEIGHT_SECTION:
32767 32767 35 42 32767 35 66 32767 32767 32767 76 49 22 40 32767 83 67 32767 26 42 
32767 32767 43 32767 36 32767 71 89 69 32767 44 55 47 32767 32767 38 32767 56 58 32767 
35 43 32767 32767 72 32767 5 90 29 20 94 85 24 32767 70 16 27 89 11 66 
42 32767 32767 32767 44 32767 32767 32767 32767 60 49 44 31 15 65 81 95 91 32767 32767 
32767 36 72 44 32767 32767 65 72 20 32767 42 32767 53 32767 90 16 67 96 32767 32767 
35 32767 32767 32767 32767 32767 70 71 6 43 90 83 32767 44 32767 49 35 79 32767 95 
66 71 5 32767 65 70 32767 18 44 15 70 42 32767 67 32767 8 98 82 62 42 
32767 89 90 32767 72 71 18 32767 45 32767 32767 23 32767 32767 32767 32767 93 32767 32767 73 
32767 69 29 32767 20 6 44 45 32767 95 32767 70 100 94 44 65 79 3 32767 23 
32767 32767 20 60 32767 43 15 32767 95 32767 36 64 32767 56 90 45 16 56 32767 7 
76 44 94 49 42 90 70 32767 32767 36 32767 10 94 27 26 2 32767 76 32767 17 
49 55 85 44 32767 83 42 23 70 64 10 32767 32767 73 59 32767 32767 77 75 37 
22 47 24 31 53 32767 32767 32767 100 32767 94 32767 32767 39 4 29 27 76 81 30 
40 32767 32767 15 32767 44 67 32767 94 56 27 73 39 32767 96 24 9 69 62 69 
32767 32767 70 65 90 32767 32767 32767 44 90 26 59 4 96 32767 53 70 32767 32767 76 
83 38 16 81 16 49 8 32767 65 45 2 32767 29 24 53 32767 60 44 32767 19 
67 32767 27 95 67 35 98 93 79 16 32767 32767 27 9 70 60 32767 67 92 16 
32767 56 89 91 96 79 82 32767 3 56 76 77 76 69 32767 44 67 32767 49 23 
26 58 11 32767 32767 32767 62 32767 32767 32767 32767 75 81 62 32767 32767 92 49 32767 89 
42 32767 66 32767 32767 95 42 73 23 7 17 37 30 69 76 19 16 23 89 32767 
EOF