DIMENSION: 20
EDGE_WEIGHT_TYPE: EXPLICIT
EDGE_WEIGHT_FORMAT: FULL_MATRIX
EDGE_WEIGHT_SECTION:
32767 58 32767 32767 1 19 32767 32767 18 30 86 2 32767 32767 5 32767 43 27 20 95 
58 32767 32767 80 18 15 52 32767 32767 41 69 12 25 11 32767 8 32767 87 64 32767 
32767 32767 32767 89 32767 94 6 54 75 30 98 32767 61 64 29 28 67 74 87 60 
32767 80 89 32767 90 21 90 14 32767 25 17 28 35 23 74 32767 14 24 32767 11 
1 18 32767 90 32767 61 17 57 34 90 39 14 39 66 32767 88 13 98 32767 21 
19 15 94 21 61 32767 32767 32767 43 20 32767 32767 88 65 32767 55 30 32767 71 32767 
32767 52 6 90 17 32767 32767 10 54 32767 3 61 14 58 2 68 56 32767 32767 83 
32767 32767 54 14 57 32767 10 32767 27 32767 40 99 15 84 81 32767 31 97 32767 6 
18 32767 75 32767 34 43 54 27 32767 71 19 41 2 32767 100 34 30 78 59 35 
30 41 30 25 90 20 32767 32767 71 32767 69 52 8 94 5 32767 90 67 41 95 
86 69 98 17 39 32767 3 40 19 69 32767 68 32767 32767 66 76 91 50 32 25 
2 12 32767 28 14 32767 61 99 41 52 68 32767 98 27 32767 24 70 38 32 46 
32767 25 61 35 39 88 14 15 2 8 32767 98 32767 77 18 47 32767 15 61 61 
32767 11 64 23 66 65 58 84 32767 94 32767 27 77 32767 6 73 61 32767 41 32767 
5 32767 29 74 32767 32767 2 81 100 5 66 32767 18 6 32767 10 89 32767 32767 32767 
32767 8 28 32767 88 55 68 32767 34 32767 76 24 47 73 10 32767 78 32767 48 39 
43 32767 67 14 13 30 56 31 30 90 91 70 32767 61 89 78 32767 45 37 69 
27 87 74 24 98 32767 32767 97 78 67 50 38 15 32767 32767 32767 45 32767 96 34 
20 64 87 32767 32767 71 32767 32767 59 41 32 32 61 41 32767 48 37 96 32767 29 
95 32767 60 11 21 32767 83 6 35 95 25 46 61 32767 32767 39 69 34 29 32767 
EOF