DIMENSION: 20
EDGE_WEIGHT_TYPE: EXPLICIT
EDGE_WEIGHT_FORMAT: FULL_MATRIX
EDGE_WEIGHT_SECTION:
32767 49 45 49 32767 89 32767 32767 98 11 32767 20 45 38 58 47 23 15 18 32767 
49 32767 62 32767 32767 93 32767 4 39 75 96 57 61 77 32767 75 23 32767 32767 32767 
45 62 32767 37 27 97 97 94 71 38 32767 85 32767 77 54 25 31 32767 32767 7 
49 32767 37 32767 32767 43 32767 100 75 17 32767 32767 32767 85 2 32 50 16 63 36 
32767 32767 27 32767 32767 50 54 32767 49 32767 48 2 21 32767 60 32767 48 100 32767 1 
89 93 97 43 50 32767 32767 6 26 78 56 59 32 92 8 25 65 91 98 67 
32767 32767 97 32767 54 32767 32767 68 98 32767 32767 32767 85 32767 32767 32767 79 64 74 92 
32767 4 94 100 32767 6 68 32767 52 32767 68 32767 7 32767 32767 32767 60 82 32767 84 
98 39 71 75 49 26 98 52 32767 71 32767 81 88 32767 32767 32767 32767 93 55 24 
11 75 38 17 32767 78 32767 32767 71 32767 51 28 22 19 32767 32767 81 35 32767 66 
32767 96 32767 32767 48 56 32767 68 32767 51 32767 32767 48 21 42 32767 34 1 30 32767 
20 57 85 32767 2 59 32767 32767 81 28 32767 32767 32767 2 32767 32767 4 36 50 90 
45 61 32767 32767 21 32 85 7 88 22 48 32767 32767 91 96 2 31 32767 32767 44 
38 77 77 85 32767 92 32767 32767 32767 19 21 2 91 32767 84 64 19 32767 72 32767 
58 32767 54 2 60 8 32767 32767 32767 32767 42 32767 96 84 32767 77 76 32767 77 96 
47 75 25 32 32767 25 32767 32767 32767 32767 32767 32767 2 64 77 32767 7 19 56 99 
23 23 31 50 48 65 79 60 32767 81 34 4 31 19 76 7 32767 88 96 32767 
15 32767 32767 16 100 91 64 82 93 35 1 36 32767 32767 32767 19 88 32767 40 75 
18 32767 32767 63 32767 98 74 32767 55 32767 30 50 32767 72 77 56 96 40 32767 27 
32767 32767 7 36 1 67 92 84 24 66 32767 90 44 32767 96 99 32767 75 27 32767 
EOF