DIMENSION: 20
EDGE_WEIGHT_TYPE: EXPLICIT
EDGE_WEIGHT_FORMAT: FULL_MATRIX
EDGE_WEIGHT_SECTION:
32767 32767 49 88 32767 55 32767 32767 32767 80 32767 84 54 92 36 69 75 98 42 68 
32767 32767 32767 55 38 98 50 32767 29 89 28 1 55 32767 32767 88 32767 32767 32767 62 
49 32767 32767 32767 32767 79 61 23 32767 72 69 91 32767 18 67 57 31 32767 32767 53 
88 55 32767 32767 99 62 83 41 60 57 35 32767 32767 32767 93 44 32767 80 26 35 
32767 38 32767 99 32767 62 32767 13 9 32767 32767 22 12 89 32767 32767 63 51 62 49 
55 98 79 62 62 32767 26 58 32767 28 71 13 32767 94 88 32767 32767 32767 86 69 
32767 50 61 83 32767 26 32767 91 12 39 32767 71 48 21 7 32767 33 32767 68 93 
32767 32767 23 41 13 58 91 32767 97 32767 32767 26 68 24 46 35 17 84 32767 5 
32767 29 32767 60 9 32767 12 97 32767 94 2 15 94 32767 100 66 32767 92 60 32767 
80 89 72 57 32767 28 39 32767 94 32767 56 37 26 98 69 17 78 32767 32767 32767 
32767 28 69 35 32767 71 32767 32767 2 56 32767 32767 48 32767 100 41 32767 32 32767 32767 
84 1 91 32767 22 13 71 26 15 37 32767 32767 65 32 2 32767 99 75 32767 91 
54 55 32767 32767 12 32767 48 68 94 26 48 65 32767 84 67 9 49 17 27 94 
92 32767 18 32767 89 94 21 24 32767 98 32767 32 84 32767 32767 47 41 32767 94 32767 
36 32767 67 93 32767 88 7 46 100 69 100 2 67 32767 32767 100 84 42 32767 6 
69 88 57 44 32767 32767 32767 35 66 17 41 32767 9 47 100 32767 32767 32767 47 32767 
75 32767 31 32767 63 32767 33 17 32767 78 32767 99 49 41 84 32767 32767 32767 32767 6 
98 32767 32767 80 51 32767 32767 84 92 32767 32 75 17 32767 42 32767 32767 32767 32767 81 
42 32767 32767 26 62 86 68 32767 60 32767 32767 32767 27 94 32767 47 32767 32767 32767 57 
68 62 53 35 49 69 93 5 32767 32767 32767 91 94 32767 6 32767 6 81 57 32767 
EOF