DIMENSION: 20
EDGE_WEIGHT_TYPE: EXPLICIT
EDGE_WEIGHT_FORMAT: FULL_MATRIX
EDGE_WEIGHT_SECTION:
32767 46 32767 90 5 1 74 16 32767 42 32767 7 98 28 35 36 32767 79 32767 24 
46 32767 32767 14 91 58 67 32767 19 72 47 45 32767 24 32767 31 32767 32767 93 32767 
32767 32767 32767 17 32767 32767 73 75 90 82 63 92 57 40 64 32 32767 47 81 92 
90 14 17 32767 32767 58 32767 32767 92 64 58 53 56 63 70 32767 33 52 32767 32767 
5 91 32767 32767 32767 32767 93 63 47 32767 32767 2 52 11 13 29 11 84 97 65 
1 58 32767 58 32767 32767 2 24 17 91 32767 89 32767 74 2 32767 12 84 14 32767 
74 67 73 32767 93 2 32767 8 72 89 16 32767 32767 93 32767 83 32767 71 19 83 
16 32767 75 32767 63 24 8 32767 32767 54 32767 32767 13 43 30 24 32767 32767 32767 32767 
32767 19 90 92 47 17 72 32767 32767 32767 91 32767 49 71 58 32767 32767 34 26 69 
42 72 82 64 32767 91 89 54 32767 32767 75 9 32767 38 8 32767 71 79 32767 32 
32767 47 63 58 32767 32767 16 32767 91 75 32767 66 29 77 76 13 32767 51 93 32767 
7 45 92 53 2 89 32767 32767 32767 9 66 32767 53 32767 91 1 32767 71 92 9 
98 32767 57 56 52 32767 32767 13 49 32767 29 53 32767 95 95 39 55 5 75 69 
28 24 40 63 11 74 93 43 71 38 77 32767 95 32767 8 12 89 2 4 32767 
35 32767 64 70 13 2 32767 30 58 8 76 91 95 8 32767 27 35 70 32767 95 
36 31 32 32767 29 32767 83 24 32767 32767 13 1 39 12 27 32767 85 32767 91 83 
32767 32767 32767 33 11 12 32767 32767 32767 71 32767 32767 55 89 35 85 32767 73 32767 32767 
79 32767 47 52 84 84 71 32767 34 79 51 71 5 2 70 32767 73 32767 4 87 
32767 93 81 32767 97 14 19 32767 26 32767 93 92 75 4 32767 91 32767 4 32767 61 
24 32767 92 32767 65 32767 83 32767 69 32 32767 9 69 32767 95 83 32767 87 61 32767 
EOF