DIMENSION: 20
EDGE_WEIGHT_TYPE: EXPLICIT
EDGE_WEIGHT_FORMAT: FULL_MATRIX
EDGE_WEIGHT_SECTION:
32767 32767 70 32767 53 12 32767 53 32767 32767 55 32767 84 37 95 32767 76 54 32767 32767 
32767 32767 32767 87 32767 92 89 77 32767 82 62 32767 32767 32767 32767 58 32767 32767 5 32767 
70 32767 32767 32767 35 41 49 33 32767 98 32767 27 47 32767 32767 32767 50 56 32767 32767 
32767 87 32767 32767 32767 80 32767 32767 32767 73 32767 21 54 28 51 72 32767 32767 32767 19 
53 32767 35 32767 32767 15 32767 32767 66 89 8 32767 18 32767 32767 32767 32767 32767 32767 32767 
12 92 41 80 15 32767 35 56 32767 32767 32767 95 32767 32767 86 25 32767 1 32767 32767 
32767 89 49 32767 32767 35 32767 58 32767 32767 32767 32767 32767 90 15 32767 32767 32767 32767 44 
53 77 33 32767 32767 56 58 32767 96 32767 89 32767 32767 90 32767 43 72 61 31 32767 
32767 32767 32767 32767 66 32767 32767 96 32767 32767 32767 32767 19 1 86 32767 32767 32767 32767 18 
32767 82 98 73 89 32767 32767 32767 32767 32767 32767 83 32767 32767 51 32767 2 32767 32767 32767 
55 62 32767 32767 8 32767 32767 89 32767 32767 32767 98 32767 32767 85 32767 32767 32767 32767 32767 
32767 32767 27 21 32767 95 32767 32767 32767 83 98 32767 15 22 40 32767 32767 32767 32767 32767 
84 32767 47 54 18 32767 32767 32767 19 32767 32767 15 32767 98 100 32767 8 27 32767 32767 
37 32767 32767 28 32767 32767 90 90 1 32767 32767 22 98 32767 32767 32767 44 32767 32767 65 
95 32767 32767 51 32767 86 15 32767 86 51 85 40 100 32767 32767 32767 32767 32767 32767 32767 
32767 58 32767 72 32767 25 32767 43 32767 32767 32767 32767 32767 32767 32767 32767 32767 32767 32767 32767 
76 32767 50 32767 32767 32767 32767 72 32767 2 32767 32767 8 44 32767 32767 32767 76 32767 25 
54 32767 56 32767 32767 1 32767 61 32767 32767 32767 32767 27 32767 32767 32767 76 32767 6 85 
32767 5 32767 32767 32767 32767 32767 31 32767 32767 32767 32767 32767 32767 32767 32767 32767 6 32767 23 
32767 32767 32767 19 32767 32767 44 32767 18 32767 32767 32767 32767 65 32767 32767 25 85 23 32767 
EOF