DIMENSION: 20
EDGE_WEIGHT_TYPE: EXPLICIT
EDGE_WEIGHT_FORMAT: FULL_MATRIX
EDGE_WEIGHT_SECTION:
32767 32767 32767 6 32767 32767 32767 32767 18 5 32767 29 93 32767 45 37 48 32767 32767 32767 
32767 32767 32767 32767 32767 32767 32767 32767 32767 67 32767 32767 32767 32767 32767 32767 79 32767 73 47 
32767 32767 32767 97 30 64 32767 96 19 32767 32767 28 32767 47 91 32767 49 32767 28 85 
6 32767 97 32767 32767 84 44 32767 60 9 10 32767 8 32767 35 95 36 32767 16 32767 
32767 32767 30 32767 32767 32767 32767 32767 32767 32767 32767 32767 12 2 32767 32767 32767 96 32767 32767 
32767 32767 64 84 32767 32767 84 59 32767 5 32767 32767 70 27 32767 32767 32767 70 64 32767 
32767 32767 32767 44 32767 84 32767 32767 26 32767 94 32767 70 32767 32767 87 28 27 32767 32767 
32767 32767 96 32767 32767 59 32767 32767 32767 71 32767 32767 32767 88 32767 32767 67 55 32767 32767 
18 32767 19 60 32767 32767 26 32767 32767 32767 70 7 71 21 32767 25 72 37 3 93 
5 67 32767 9 32767 5 32767 71 32767 32767 32767 32767 32767 5 32767 32767 32767 32767 32767 32767 
32767 32767 32767 10 32767 32767 94 32767 70 32767 32767 15 59 32767 29 32767 72 32767 32767 32767 
29 32767 28 32767 32767 32767 32767 32767 7 32767 15 32767 53 32767 55 32767 82 32767 50 32767 
93 32767 32767 8 12 70 70 32767 71 32767 59 53 32767 37 26 32767 32767 32767 32767 32767 
32767 32767 47 32767 2 27 32767 88 21 5 32767 32767 37 32767 6 63 32767 32767 32767 32767 
45 32767 91 35 32767 32767 32767 32767 32767 32767 29 55 26 6 32767 80 24 32767 32767 32767 
37 32767 32767 95 32767 32767 87 32767 25 32767 32767 32767 32767 63 80 32767 32767 32767 32767 4 
48 79 49 36 32767 32767 28 67 72 32767 72 82 32767 32767 24 32767 32767 36 32767 32767 
32767 32767 32767 32767 96 70 27 55 37 32767 32767 32767 32767 32767 32767 32767 36 32767 66 2 
32767 73 28 16 32767 64 32767 32767 3 32767 32767 50 32767 32767 32767 32767 32767 66 32767 95 
32767 47 85 32767 32767 32767 32767 32767 93 32767 32767 32767 32767 32767 32767 4 32767 2 95 32767 
EOF