DIMENSION: 16
EDGE_WEIGHT_TYPE: EXPLICIT
EDGE_WEIGHT_FORMAT: FULL_MATRIX
EDGE_WEIGHT_SECTION:
32767 7 23 32 32 32767 96 98 100 87 69 32767 32767 53 23 32767 
7 32767 88 32767 9 92 25 60 97 24 28 39 5 32767 25 49 
23 88 32767 32767 80 32767 37 85 31 60 10 19 32767 37 16 28 
32 32767 32767 32767 95 31 56 32767 17 64 32767 100 32767 69 84 16 
32 9 80 95 32767 32767 86 32767 32767 32767 43 32767 97 32767 27 46 
32767 92 32767 31 32767 32767 32767 62 16 32767 15 46 47 15 25 100 
96 25 37 56 86 32767 32767 32767 32767 77 32767 32 45 15 66 64 
98 60 85 32767 32767 62 32767 32767 41 45 32767 32767 86 34 32767 99 
100 97 31 17 32767 16 32767 41 32767 15 32767 12 68 32767 32767 39 
87 24 60 64 32767 32767 77 45 15 32767 32767 53 37 7 100 12 
69 28 10 32767 43 15 32767 32767 32767 32767 32767 34 32767 65 32767 10 
32767 39 19 100 32767 46 32 32767 12 53 34 32767 36 31 40 45 
32767 5 32767 32767 97 47 45 86 68 37 32767 36 32767 41 81 66 
53 32767 37 69 32767 15 15 34 32767 7 65 31 41 32767 12 45 
23 25 16 84 27 25 66 32767 32767 100 32767 40 81 12 32767 69 
32767 49 28 16 46 100 64 99 39 12 10 45 66 45 69 32767 
EOF