DIMENSION: 16
EDGE_WEIGHT_TYPE: EXPLICIT
EDGE_WEIGHT_FORMAT: FULL_MATRIX
EDGE_WEIGHT_SECTION:
32767 75 32767 87 81 32767 35 56 32767 74 32767 32767 8 56 32767 46 
75 32767 9 32767 99 7 32767 32767 99 53 30 32767 21 54 22 32767 
32767 9 32767 32 32767 32767 32767 32767 85 27 72 32767 30 32767 46 19 
87 32767 32 32767 80 44 72 51 66 75 88 32767 95 20 46 32767 
81 99 32767 80 32767 22 46 93 22 41 62 46 32767 48 93 30 
32767 7 32767 44 22 32767 32767 31 32767 32767 32767 89 24 70 32767 42 
35 32767 32767 72 46 32767 32767 41 32767 34 72 32767 57 32767 32767 88 
56 32767 32767 51 93 31 41 32767 45 75 32767 18 99 32767 74 46 
32767 99 85 66 22 32767 32767 45 32767 12 32767 4 32767 37 6 32767 
74 53 27 75 41 32767 34 75 12 32767 32767 49 77 62 32767 88 
32767 30 72 88 62 32767 72 32767 32767 32767 32767 20 32767 32767 63 44 
32767 32767 32767 32767 46 89 32767 18 4 49 20 32767 32767 32767 87 32767 
8 21 30 95 32767 24 57 99 32767 77 32767 32767 32767 32767 35 27 
56 54 32767 20 48 70 32767 32767 37 62 32767 32767 32767 32767 32767 32 
32767 22 46 46 93 32767 32767 74 6 32767 63 87 35 32767 32767 32767 
46 32767 19 32767 30 42 88 46 32767 88 44 32767 27 32 32767 32767 
EOF