DIMENSION: 16
EDGE_WEIGHT_TYPE: EXPLICIT
EDGE_WEIGHT_FORMAT: FULL_MATRIX
EDGE_WEIGHT_SECTION:
32767 93 50 1 98 32767 99 18 32767 7 67 100 28 69 44 32767 
93 32767 31 52 14 42 57 59 83 43 32767 85 22 73 39 58 
50 31 32767 17 32767 88 32767 91 76 69 4 96 24 26 32767 11 
1 52 17 32767 38 58 52 19 32767 32767 100 10 32767 37 2 74 
98 14 32767 38 32767 45 40 32767 17 89 28 32767 32767 88 95 32767 
32767 42 88 58 45 32767 73 4 43 92 1 32767 75 32767 32767 40 
99 57 32767 52 40 73 32767 69 32767 57 32767 35 10 32767 56 32767 
18 59 91 19 32767 4 69 32767 28 31 10 60 47 78 32767 12 
32767 83 76 32767 17 43 32767 28 32767 43 36 63 32767 87 32767 32767 
7 43 69 32767 89 92 57 31 43 32767 32767 32767 32767 82 83 32767 
67 32767 4 100 28 1 32767 10 36 32767 32767 32767 6 58 38 26 
100 85 96 10 32767 32767 35 60 63 32767 32767 32767 16 32767 58 32767 
28 22 24 32767 32767 75 10 47 32767 32767 6 16 32767 32767 17 32767 
69 73 26 37 88 32767 32767 78 87 82 58 32767 32767 32767 3 59 
44 39 32767 2 95 32767 56 32767 32767 83 38 58 17 3 32767 86 
32767 58 11 74 32767 40 32767 12 32767 32767 26 32767 32767 59 86 32767 
EOF