DIMENSION: 16
EDGE_WEIGHT_TYPE: EXPLICIT
EDGE_WEIGHT_FORMAT: FULL_MATRIX
EDGE_WEIGHT_SECTION:
32767 3 91 32767 73 27 32767 32767 32767 64 90 47 32767 15 44 32767 
3 32767 32767 32767 80 100 77 57 39 40 85 3 19 17 17 32767 
91 32767 32767 32767 30 15 32767 28 61 3 32767 9 58 41 32767 32767 
32767 32767 32767 32767 99 31 51 24 32767 32767 38 32767 32767 66 32 32767 
73 80 30 99 32767 46 72 31 98 99 59 97 58 94 88 70 
27 100 15 31 46 32767 50 89 78 32767 32767 22 72 32767 55 18 
32767 77 32767 51 72 50 32767 2 42 64 86 30 67 62 42 89 
32767 57 28 24 31 89 2 32767 32767 66 100 63 36 78 32767 32767 
32767 39 61 32767 98 78 42 32767 32767 32767 32767 53 30 8 32767 1 
64 40 3 32767 99 32767 64 66 32767 32767 11 75 36 98 32767 28 
90 85 32767 38 59 32767 86 100 32767 11 32767 32767 90 32767 24 95 
47 3 9 32767 97 22 30 63 53 75 32767 32767 32767 85 6 70 
32767 19 58 32767 58 72 67 36 30 36 90 32767 32767 15 32767 32767 
15 17 41 66 94 32767 62 78 8 98 32767 85 15 32767 32767 74 
44 17 32767 32 88 55 42 32767 32767 32767 24 6 32767 32767 32767 78 
32767 32767 32767 32767 70 18 89 32767 1 28 95 70 32767 74 78 32767 
EOF