DIMENSION: 16
EDGE_WEIGHT_TYPE: EXPLICIT
EDGE_WEIGHT_FORMAT: FULL_MATRIX
EDGE_WEIGHT_SECTION:
32767 3 32767 77 32767 32767 6 32767 10 38 76 83 32767 32767 55 97 
3 32767 32767 32767 97 17 44 32767 32 32767 62 39 7 66 39 32767 
32767 32767 32767 73 32767 9 7 99 51 27 70 38 32767 85 32767 1 
77 32767 73 32767 10 89 32767 79 32767 32767 73 32767 32767 52 32767 32767 
32767 97 32767 10 32767 71 6 1 79 85 70 16 65 47 78 12 
32767 17 9 89 71 32767 32767 36 44 35 52 32767 31 24 32767 3 
6 44 7 32767 6 32767 32767 32767 18 32767 32767 30 8 97 6 76 
32767 32767 99 79 1 36 32767 32767 96 29 46 65 80 33 31 32767 
10 32 51 32767 79 44 18 96 32767 32 32767 32767 8 33 32767 61 
38 32767 27 32767 85 35 32767 29 32 32767 6 32767 81 17 32767 82 
76 62 70 73 70 52 32767 46 32767 6 32767 32767 99 7 83 76 
83 39 38 32767 16 32767 30 65 32767 32767 32767 32767 22 32767 99 32767 
32767 7 32767 32767 65 31 8 80 8 81 99 22 32767 32767 94 30 
32767 66 85 52 47 24 97 33 33 17 7 32767 32767 32767 32767 88 
55 39 32767 32767 78 32767 6 31 32767 32767 83 99 94 32767 32767 38 
97 32767 1 32767 12 3 76 32767 61 82 76 32767 30 88 38 32767 
EOF