DIMENSION: 16
EDGE_WEIGHT_TYPE: EXPLICIT
EDGE_WEIGHT_FORMAT: FULL_MATRIX
EDGE_WEIGHT_SECTION:
32767 86 71 53 46 32767 79 32767 32767 97 82 32767 36 26 40 32767 
86 32767 64 45 6 27 32767 37 32767 35 32767 32767 12 32767 60 23 
71 64 32767 32767 10 69 32767 37 100 82 15 67 78 38 89 32767 
53 45 32767 32767 2 18 23 16 96 17 19 52 5 37 76 63 
46 6 10 2 32767 32767 17 9 32767 32767 59 66 74 20 65 32767 
32767 27 69 18 32767 32767 29 32767 80 70 32767 66 64 68 44 8 
79 32767 32767 23 17 29 32767 95 59 32767 63 44 16 30 88 32767 
32767 37 37 16 9 32767 95 32767 68 32767 32767 27 32767 91 46 50 
32767 32767 100 96 32767 80 59 68 32767 32767 51 53 32767 27 66 8 
97 35 82 17 32767 70 32767 32767 32767 32767 29 61 37 32767 54 32767 
82 32767 15 19 59 32767 63 32767 51 29 32767 32767 47 32767 32767 70 
32767 32767 67 52 66 66 44 27 53 61 32767 32767 55 60 69 17 
36 12 78 5 74 64 16 32767 32767 37 47 55 32767 32767 44 63 
26 32767 38 37 20 68 30 91 27 32767 32767 60 32767 32767 65 32767 
40 60 89 76 65 44 88 46 66 54 32767 69 44 65 32767 32767 
32767 23 32767 63 32767 8 32767 50 8 32767 70 17 63 32767 32767 32767 
EOF