DIMENSION: 16
EDGE_WEIGHT_TYPE: EXPLICIT
EDGE_WEIGHT_FORMAT: FULL_MATRIX
EDGE_WEIGHT_SECTION:
32767 32767 32767 83 32767 32767 32767 3 16 16 52 54 100 40 32767 32767 
32767 32767 79 81 8 32767 47 32767 81 4 42 77 76 58 15 99 
32767 79 32767 14 67 32767 45 66 64 42 32767 98 27 44 32767 32767 
83 81 14 32767 80 12 64 52 32767 32767 5 35 6 32767 84 33 
32767 8 67 80 32767 63 74 71 100 35 22 31 83 62 54 1 
32767 32767 32767 12 63 32767 12 71 49 55 82 26 32767 96 26 66 
32767 47 45 64 74 12 32767 32767 85 32767 19 35 32767 32767 67 23 
3 32767 66 52 71 71 32767 32767 27 57 31 14 67 78 32767 32767 
16 81 64 32767 100 49 85 27 32767 52 99 32767 77 23 32767 32767 
16 4 42 32767 35 55 32767 57 52 32767 56 55 32767 63 83 21 
52 42 32767 5 22 82 19 31 99 56 32767 12 17 5 32767 8 
54 77 98 35 31 26 35 14 32767 55 12 32767 32767 32767 32767 32767 
100 76 27 6 83 32767 32767 67 77 32767 17 32767 32767 81 43 91 
40 58 44 32767 62 96 32767 78 23 63 5 32767 81 32767 32767 46 
32767 15 32767 84 54 26 67 32767 32767 83 32767 32767 43 32767 32767 99 
32767 99 32767 33 1 66 23 32767 32767 21 8 32767 91 46 99 32767 
EOF