DIMENSION: 10
EDGE_WEIGHT_TYPE: EXPLICIT
EDGE_WEIGHT_FORMAT: FULL_MATRIX
EDGE_WEIGHT_SECTION:
32767 77 32767 18 32767 62 54 32767 32767 23 
77 32767 14 60 32767 90 75 32767 24 32767 
32767 14 32767 32767 32767 21 51 24 32767 24 
18 60 32767 32767 59 32767 72 32767 32767 32767 
32767 32767 32767 59 32767 32767 64 91 67 13 
62 90 21 32767 32767 32767 40 93 25 49 
54 75 51 72 64 40 32767 88 95 95 
32767 32767 24 32767 91 93 88 32767 97 94 
32767 24 32767 32767 67 25 95 97 32767 32767 
23 32767 24 32767 13 49 95 94 32767 32767 
EOF