DIMENSION: 10
EDGE_WEIGHT_TYPE: EXPLICIT
EDGE_WEIGHT_FORMAT: FULL_MATRIX
EDGE_WEIGHT_SECTION:
32767 61 89 31 99 59 32767 32767 32767 5 
61 32767 32767 32767 72 32 32767 19 97 5 
89 32767 32767 25 42 81 57 32767 32767 65 
31 32767 25 32767 42 32767 36 32767 32767 32767 
99 72 42 42 32767 32 32767 50 17 89 
59 32 81 32767 32 32767 32767 83 32767 32767 
32767 32767 57 36 32767 32767 32767 32767 4 40 
32767 19 32767 32767 50 83 32767 32767 32 82 
32767 97 32767 32767 17 32767 4 32 32767 40 
5 5 65 32767 89 32767 40 82 40 32767 
EOF