DIMENSION: 10
EDGE_WEIGHT_TYPE: EXPLICIT
EDGE_WEIGHT_FORMAT: FULL_MATRIX
EDGE_WEIGHT_SECTION:
32767 67 48 14 46 96 66 12 20 17 
67 32767 13 27 58 26 18 66 32767 84 
48 13 32767 57 30 25 32767 5 75 32767 
14 27 57 32767 94 87 38 32767 32767 32767 
46 58 30 94 32767 89 40 39 19 92 
96 26 25 87 89 32767 56 32767 32767 43 
66 18 32767 38 40 56 32767 97 79 67 
12 66 5 32767 39 32767 97 32767 17 87 
20 32767 75 32767 19 32767 79 17 32767 78 
17 84 32767 32767 92 43 67 87 78 32767 
EOF