DIMENSION: 10
EDGE_WEIGHT_TYPE: EXPLICIT
EDGE_WEIGHT_FORMAT: FULL_MATRIX
EDGE_WEIGHT_SECTION:
32767 10 69 66 63 32767 74 94 71 32767 
10 32767 17 3 44 32767 5 72 32767 97 
69 17 32767 47 32767 32767 43 54 33 32767 
66 3 47 32767 89 10 73 28 63 55 
63 44 32767 89 32767 44 95 3 15 32767 
32767 32767 32767 10 44 32767 32767 32767 9 73 
74 5 43 73 95 32767 32767 20 24 97 
94 72 54 28 3 32767 20 32767 11 32767 
71 32767 33 63 15 9 24 11 32767 72 
32767 97 32767 55 32767 73 97 32767 72 32767 
EOF