DIMENSION: 28
EDGE_WEIGHT_TYPE: EXPLICIT
EDGE_WEIGHT_FORMAT: FULL_MATRIX
EDGE_WEIGHT_SECTION:
32767 32767 82 87 99 32767 32767 12 32767 32767 78 32767 32767 39 81 32767 30 32767 85 32767 32767 50 32767 32767 45 28 32767 32767 
32767 32767 70 32767 32767 32767 3 32767 32767 32767 88 90 32767 32767 62 42 24 32767 32767 32767 32767 32767 32767 65 32767 86 13 10 
82 70 32767 7 32767 32767 32767 32767 38 27 69 94 72 99 32767 21 32767 32767 32767 56 78 32767 40 89 32767 85 32767 75 
87 32767 7 32767 98 32767 46 10 7 97 29 32767 32767 15 32767 32767 32767 70 52 91 32767 1 32767 32767 95 12 32767 32767 
99 32767 32767 98 32767 8 32767 32767 96 63 32767 32767 79 22 32767 5 41 32767 32767 32767 32767 56 32767 32767 32767 32767 32767 32767 
32767 32767 32767 32767 8 32767 16 33 45 32767 32767 32767 64 80 52 89 32767 32767 32767 42 94 32767 32767 32767 32767 23 32767 32767 
32767 3 32767 46 32767 16 32767 70 32767 32767 32767 48 32767 32767 53 95 21 55 21 69 72 32767 34 32767 32767 45 97 84 
12 32767 32767 10 32767 33 70 32767 32767 32767 5 19 32767 32767 61 97 32767 75 32767 32767 19 32767 23 84 32767 80 32767 32767 
32767 32767 38 7 96 45 32767 32767 32767 61 25 91 26 32 18 32767 65 32767 32767 74 32767 10 32767 83 32767 11 32767 88 
32767 32767 27 97 63 32767 32767 32767 61 32767 32767 22 32767 12 49 32767 32767 32767 71 3 32767 32767 32767 47 32767 81 97 84 
78 88 69 29 32767 32767 32767 5 25 32767 32767 32767 40 90 32767 32767 32767 31 31 32767 32767 42 32767 44 32767 28 32767 32767 
32767 90 94 32767 32767 32767 48 19 91 22 32767 32767 46 66 39 54 93 25 32767 32767 33 32767 32767 32767 93 32767 45 36 
32767 32767 72 32767 79 64 32767 32767 26 32767 40 46 32767 41 7 32767 32767 32767 32767 32767 32767 47 32767 32767 3 32767 69 22 
39 32767 99 15 22 80 32767 32767 32 12 90 66 41 32767 82 32767 32767 30 32767 32767 32767 32767 32767 68 32767 44 32767 89 
81 62 32767 32767 32767 52 53 61 18 49 32767 39 7 82 32767 32767 36 28 32767 16 32767 38 3 32767 32767 96 32767 17 
32767 42 21 32767 5 89 95 97 32767 32767 32767 54 32767 32767 32767 32767 32767 32767 62 32767 32767 1 32767 42 69 32767 48 12 
30 24 32767 32767 41 32767 21 32767 65 32767 32767 93 32767 32767 36 32767 32767 17 52 99 23 18 32767 35 54 97 32767 11 
32767 32767 32767 70 32767 32767 55 75 32767 32767 31 25 32767 30 28 32767 17 32767 32767 32767 53 31 75 83 44 35 32767 85 
85 32767 32767 52 32767 32767 21 32767 32767 71 31 32767 32767 32767 32767 62 52 32767 32767 32767 10 32767 73 81 32767 32767 37 88 
32767 32767 56 91 32767 42 69 32767 74 3 32767 32767 32767 32767 16 32767 99 32767 32767 32767 24 32767 1 86 32767 20 6 99 
32767 32767 78 32767 32767 94 72 19 32767 32767 32767 33 32767 32767 32767 32767 23 53 10 24 32767 71 70 45 32767 69 24 32767 
50 32767 32767 1 56 32767 32767 32767 10 32767 42 32767 47 32767 38 1 18 31 32767 32767 71 32767 32767 32767 32767 88 4 91 
32767 32767 40 32767 32767 32767 34 23 32767 32767 32767 32767 32767 32767 3 32767 32767 75 73 1 70 32767 32767 32767 32767 32767 35 96 
32767 65 89 32767 32767 32767 32767 84 83 47 44 32767 32767 68 32767 42 35 83 81 86 45 32767 32767 32767 32767 32767 44 32767 
45 32767 32767 95 32767 32767 32767 32767 32767 32767 32767 93 3 32767 32767 69 54 44 32767 32767 32767 32767 32767 32767 32767 65 32767 21 
28 86 85 12 32767 23 45 80 11 81 28 32767 32767 44 96 32767 97 35 32767 20 69 88 32767 32767 65 32767 32767 32767 
32767 13 32767 32767 32767 32767 97 32767 32767 97 32767 45 69 32767 32767 48 32767 32767 37 6 24 4 35 44 32767 32767 32767 3 
32767 10 75 32767 32767 32767 84 32767 88 84 32767 36 22 89 17 12 11 85 88 99 32767 91 96 32767 21 32767 3 32767 
EOF