DIMENSION: 28
EDGE_WEIGHT_TYPE: EXPLICIT
EDGE_WEIGHT_FORMAT: FULL_MATRIX
EDGE_WEIGHT_SECTION:
32767 32767 96 47 32767 32767 8 99 68 32767 22 89 53 87 59 67 29 31 32767 2 32767 48 32767 24 32767 32767 24 48 
32767 32767 12 71 32767 32767 91 75 32767 5 70 32767 51 26 39 35 75 36 32767 83 10 55 96 32767 32767 97 42 94 
96 12 32767 92 32767 32 32767 70 62 32767 32767 32767 64 54 32767 67 39 77 98 32767 32767 32767 74 32767 39 32767 32767 32767 
47 71 92 32767 23 32767 32767 31 32767 32767 91 32767 67 32767 5 32767 32767 56 32767 32767 32767 32767 32767 32767 44 2 32767 32767 
32767 32767 32767 23 32767 32767 65 71 6 81 32767 100 32767 32767 91 32767 46 38 32767 32767 90 32767 53 32767 32767 3 76 32767 
32767 32767 32 32767 32767 32767 66 32767 99 54 32767 32767 53 61 98 32767 89 32767 30 32767 82 30 32767 32767 20 1 62 36 
8 91 32767 32767 65 66 32767 93 32767 63 32767 32767 32767 32767 32767 32767 32767 32767 88 32767 32767 51 32767 96 32767 15 32767 4 
99 75 70 31 71 32767 93 32767 32767 32767 32767 56 32767 18 17 32767 16 32767 55 32767 72 32767 32767 58 70 80 65 32767 
68 32767 62 32767 6 99 32767 32767 32767 43 32767 60 32767 32767 92 94 38 32767 32767 32767 95 32767 100 32767 9 32767 32767 32767 
32767 5 32767 32767 81 54 63 32767 43 32767 70 32767 9 28 26 32767 52 65 32767 2 32767 32767 73 32767 11 32767 24 58 
22 70 32767 91 32767 32767 32767 32767 32767 70 32767 49 32767 73 34 32767 24 32767 32767 32767 32767 32767 65 87 63 32767 44 32767 
89 32767 32767 32767 100 32767 32767 56 60 32767 49 32767 32767 32767 32767 16 32767 32767 32767 32767 40 32767 32767 44 96 32767 32767 32767 
53 51 64 67 32767 53 32767 32767 32767 9 32767 32767 32767 32767 32767 71 32767 32767 32767 97 32767 1 90 32767 84 37 32767 28 
87 26 54 32767 32767 61 32767 18 32767 28 73 32767 32767 32767 32767 59 32767 6 32767 20 10 32767 67 76 51 32767 32767 9 
59 39 32767 5 91 98 32767 17 92 26 34 32767 32767 32767 32767 81 99 18 77 23 3 2 72 32767 32767 97 32767 32767 
67 35 67 32767 32767 32767 32767 32767 94 32767 32767 16 71 59 81 32767 32767 32767 36 61 32767 21 20 73 32767 15 32767 32767 
29 75 39 32767 46 89 32767 16 38 52 24 32767 32767 32767 99 32767 32767 50 32767 3 57 32767 32767 32767 81 32767 16 32767 
31 36 77 56 38 32767 32767 32767 32767 65 32767 32767 32767 6 18 32767 50 32767 100 100 70 58 32767 32767 37 32767 32767 32767 
32767 32767 98 32767 32767 30 88 55 32767 32767 32767 32767 32767 32767 77 36 32767 100 32767 32767 32767 32767 75 32767 32767 32767 32767 32767 
2 83 32767 32767 32767 32767 32767 32767 32767 2 32767 32767 97 20 23 61 3 100 32767 32767 69 11 32767 32767 36 50 32767 32767 
32767 10 32767 32767 90 82 32767 72 95 32767 32767 40 32767 10 3 32767 57 70 32767 69 32767 83 32767 61 83 91 32767 32767 
48 55 32767 32767 32767 30 51 32767 32767 32767 32767 32767 1 32767 2 21 32767 58 32767 11 83 32767 32767 82 32767 97 11 32767 
32767 96 74 32767 53 32767 32767 32767 100 73 65 32767 90 67 72 20 32767 32767 75 32767 32767 32767 32767 32767 65 48 66 63 
24 32767 32767 32767 32767 32767 96 58 32767 32767 87 44 32767 76 32767 73 32767 32767 32767 32767 61 82 32767 32767 32767 38 32767 32767 
32767 32767 39 44 32767 20 32767 70 9 11 63 96 84 51 32767 32767 81 37 32767 36 83 32767 65 32767 32767 85 94 32767 
32767 97 32767 2 3 1 15 80 32767 32767 32767 32767 37 32767 97 15 32767 32767 32767 50 91 97 48 38 85 32767 78 36 
24 42 32767 32767 76 62 32767 65 32767 24 44 32767 32767 32767 32767 32767 16 32767 32767 32767 32767 11 66 32767 94 78 32767 56 
48 94 32767 32767 32767 36 4 32767 32767 58 32767 32767 28 9 32767 32767 32767 32767 32767 32767 32767 32767 63 32767 32767 36 56 32767 
EOF