DIMENSION: 28
EDGE_WEIGHT_TYPE: EXPLICIT
EDGE_WEIGHT_FORMAT: FULL_MATRIX
EDGE_WEIGHT_SECTION:
32767 32767 32767 32767 80 32767 32767 32767 32767 32767 3 32767 52 32767 32767 32767 6 32767 32767 32767 32767 32767 74 39 99 43 32767 22 
32767 32767 32767 82 2 32767 48 48 32767 32767 32767 36 73 12 52 41 9 32767 32767 32767 32767 25 57 35 8 32767 32 32767 
32767 32767 32767 62 32767 98 75 32767 73 99 32767 32767 32767 23 32767 32767 32767 70 42 32767 32767 32767 35 32767 52 32767 32767 92 
32767 82 62 32767 32767 32767 9 86 32767 32767 65 24 95 32767 32767 32767 32767 23 32767 32767 32767 32767 69 32767 65 32767 32767 32767 
80 2 32767 32767 32767 84 65 32767 32767 22 32767 98 49 79 32767 82 36 46 69 32767 32767 83 32767 32767 85 32767 1 32767 
32767 32767 98 32767 84 32767 33 39 32767 60 32767 32767 32767 32767 32767 32767 32767 56 32767 32767 32767 67 32767 32767 95 32767 98 77 
32767 48 75 9 65 33 32767 93 66 95 42 32767 32767 80 3 32767 32767 32767 59 32767 32767 65 17 32767 93 20 32767 32767 
32767 48 32767 86 32767 39 93 32767 30 46 32767 87 44 37 73 94 32767 32767 25 81 32767 32767 32767 81 32767 32767 32767 32767 
32767 32767 73 32767 32767 32767 66 30 32767 32767 32767 32767 60 32767 98 32767 68 48 71 27 32767 32767 98 93 32767 32767 86 32767 
32767 32767 99 32767 22 60 95 46 32767 32767 37 32767 32767 32767 75 47 8 32767 32767 42 67 94 95 49 32767 32767 98 36 
3 32767 32767 65 32767 32767 42 32767 32767 37 32767 32767 39 32767 32767 70 54 32767 22 50 32767 91 32767 32767 32767 25 9 92 
32767 36 32767 24 98 32767 32767 87 32767 32767 32767 32767 17 83 32767 53 94 22 32767 32767 47 32767 85 32767 32767 32767 43 32767 
52 73 32767 95 49 32767 32767 44 60 32767 39 17 32767 32767 4 70 32767 32767 96 36 59 32767 32767 97 32767 28 18 88 
32767 12 23 32767 79 32767 80 37 32767 32767 32767 83 32767 32767 32767 9 32767 32767 30 32767 85 32767 65 32767 60 75 32767 32767 
32767 52 32767 32767 32767 32767 3 73 98 75 32767 32767 4 32767 32767 52 32767 65 32767 5 27 25 53 56 56 32767 40 32767 
32767 41 32767 32767 82 32767 32767 94 32767 47 70 53 70 9 52 32767 32767 32767 32767 32767 91 32767 70 77 3 32767 45 80 
6 9 32767 32767 36 32767 32767 32767 68 8 54 94 32767 32767 32767 32767 32767 32767 4 32767 82 32767 37 26 33 32 32767 99 
32767 32767 70 23 46 56 32767 32767 48 32767 32767 22 32767 32767 65 32767 32767 32767 32767 32767 66 1 100 78 32767 32767 32767 85 
32767 32767 42 32767 69 32767 59 25 71 32767 22 32767 96 30 32767 32767 4 32767 32767 32767 32767 94 85 55 11 96 32767 32767 
32767 32767 32767 32767 32767 32767 32767 81 27 42 50 32767 36 32767 5 32767 32767 32767 32767 32767 32767 32767 34 32767 31 27 63 32767 
32767 32767 32767 32767 32767 32767 32767 32767 32767 67 32767 47 59 85 27 91 82 66 32767 32767 32767 32767 13 90 12 71 32767 32767 
32767 25 32767 32767 83 67 65 32767 32767 94 91 32767 32767 32767 25 32767 32767 1 94 32767 32767 32767 27 15 32767 32767 10 4 
74 57 35 69 32767 32767 17 32767 98 95 32767 85 32767 65 53 70 37 100 85 34 13 27 32767 32767 32767 32767 58 84 
39 35 32767 32767 32767 32767 32767 81 93 49 32767 32767 97 32767 56 77 26 78 55 32767 90 15 32767 32767 3 69 32767 32767 
99 8 52 65 85 95 93 32767 32767 32767 32767 32767 32767 60 56 3 33 32767 11 31 12 32767 32767 3 32767 49 32767 69 
43 32767 32767 32767 32767 32767 20 32767 32767 32767 25 32767 28 75 32767 32767 32 32767 96 27 71 32767 32767 69 49 32767 100 32767 
32767 32 32767 32767 1 98 32767 32767 86 98 9 43 18 32767 40 45 32767 32767 32767 63 32767 10 58 32767 32767 100 32767 78 
22 32767 92 32767 32767 77 32767 32767 32767 36 92 32767 88 32767 32767 80 99 85 32767 32767 32767 4 84 32767 69 32767 78 32767 
EOF