DIMENSION: 24
EDGE_WEIGHT_TYPE: EXPLICIT
EDGE_WEIGHT_FORMAT: FULL_MATRIX
EDGE_WEIGHT_SECTION:
32767 17 37 32767 27 92 32767 63 16 48 15 11 81 32767 32767 32767 32767 30 76 87 10 99 1 77 
17 32767 46 43 2 85 39 32767 19 98 73 59 32767 10 30 29 57 77 32767 74 88 77 32767 93 
37 46 32767 18 38 65 32767 28 13 88 46 100 15 32767 32767 78 25 13 94 45 32767 13 77 70 
32767 43 18 32767 4 38 32767 57 44 32767 10 32767 8 71 32767 32767 85 70 40 32767 90 70 76 58 
27 2 38 4 32767 46 22 39 32767 48 45 32767 32767 92 2 97 9 49 26 24 79 45 94 17 
92 85 65 38 46 32767 78 5 16 36 68 32767 69 17 32767 52 69 43 17 40 17 48 36 34 
32767 39 32767 32767 22 78 32767 54 94 1 68 32767 32767 89 40 16 21 99 84 97 32767 97 10 23 
63 32767 28 57 39 5 54 32767 78 99 76 86 92 36 50 32767 58 98 83 98 36 80 80 99 
16 19 13 44 32767 16 94 78 32767 82 83 32767 94 44 47 32767 48 32767 32767 52 65 73 32767 60 
48 98 88 32767 48 36 1 99 82 32767 48 16 82 33 83 51 72 64 32767 20 33 74 55 73 
15 73 46 10 45 68 68 76 83 48 32767 32767 42 32767 89 49 56 24 32767 59 62 10 99 32767 
11 59 100 32767 32767 32767 32767 86 32767 16 32767 32767 16 11 5 78 44 18 13 56 98 14 72 32 
81 32767 15 8 32767 69 32767 92 94 82 42 16 32767 9 46 12 33 4 67 32767 96 4 6 88 
32767 10 32767 71 92 17 89 36 44 33 32767 11 9 32767 93 13 14 32767 13 14 83 32767 32767 93 
32767 30 32767 32767 2 32767 40 50 47 83 89 5 46 93 32767 25 85 55 39 100 47 100 81 75 
32767 29 78 32767 97 52 16 32767 32767 51 49 78 12 13 25 32767 65 61 33 1 32767 32767 13 51 
32767 57 25 85 9 69 21 58 48 72 56 44 33 14 85 65 32767 75 31 31 70 34 71 82 
30 77 13 70 49 43 99 98 32767 64 24 18 4 32767 55 61 75 32767 85 32767 1 98 32767 32767 
76 32767 94 40 26 17 84 83 32767 32767 32767 13 67 13 39 33 31 85 32767 82 32767 43 85 71 
87 74 45 32767 24 40 97 98 52 20 59 56 32767 14 100 1 31 32767 82 32767 32767 32767 39 32767 
10 88 32767 90 79 17 32767 36 65 33 62 98 96 83 47 32767 70 1 32767 32767 32767 60 59 32767 
99 77 13 70 45 48 97 80 73 74 10 14 4 32767 100 32767 34 98 43 32767 60 32767 43 32767 
1 32767 77 76 94 36 10 80 32767 55 99 72 6 32767 81 13 71 32767 85 39 59 43 32767 79 
77 93 70 58 17 34 23 99 60 73 32767 32 88 93 75 51 82 32767 71 32767 32767 32767 79 32767 
EOF