DIMENSION: 24
EDGE_WEIGHT_TYPE: EXPLICIT
EDGE_WEIGHT_FORMAT: FULL_MATRIX
EDGE_WEIGHT_SECTION:
32767 75 36 85 12 86 94 32767 19 66 37 32767 29 79 99 4 27 98 99 60 67 25 32767 18 
75 32767 32767 89 84 77 98 32767 76 62 56 80 32767 81 88 99 16 63 92 33 15 88 32767 37 
36 32767 32767 32767 12 65 7 45 77 33 69 74 5 32767 32767 10 76 2 66 52 92 32767 57 76 
85 89 32767 32767 24 32767 32767 81 21 32767 57 35 16 32767 43 98 84 10 30 70 32767 97 28 77 
12 84 12 24 32767 76 52 48 10 18 77 19 11 31 38 32767 14 19 32767 37 96 32767 71 79 
86 77 65 32767 76 32767 62 22 8 72 69 32 48 38 61 82 19 19 32767 32 99 71 58 85 
94 98 7 32767 52 62 32767 20 32767 40 93 3 6 32767 32767 42 48 37 26 50 32767 46 32767 56 
32767 32767 45 81 48 22 20 32767 67 72 32767 64 27 32767 19 52 61 32767 9 85 30 76 69 93 
19 76 77 21 10 8 32767 67 32767 28 32767 87 70 32 32767 69 70 40 73 7 41 59 32767 34 
66 62 33 32767 18 72 40 72 28 32767 12 32767 62 62 32767 30 45 75 82 13 7 17 32767 32767 
37 56 69 57 77 69 93 32767 32767 12 32767 31 59 32767 44 31 90 32767 4 32767 85 54 100 31 
32767 80 74 35 19 32 3 64 87 32767 31 32767 62 20 44 69 44 3 10 24 32767 66 32767 32767 
29 32767 5 16 11 48 6 27 70 62 59 62 32767 57 53 100 81 80 62 66 50 69 23 47 
79 81 32767 32767 31 38 32767 32767 32 62 32767 20 57 32767 74 45 43 48 32767 57 83 32767 84 25 
99 88 32767 43 38 61 32767 19 32767 32767 44 44 53 74 32767 63 32767 80 71 55 33 62 40 98 
4 99 10 98 32767 82 42 52 69 30 31 69 100 45 63 32767 52 4 89 60 1 7 13 84 
27 16 76 84 14 19 48 61 70 45 90 44 81 43 32767 52 32767 32767 32767 85 22 32767 54 92 
98 63 2 10 19 19 37 32767 40 75 32767 3 80 48 80 4 32767 32767 96 56 1 7 56 43 
99 92 66 30 32767 32767 26 9 73 82 4 10 62 32767 71 89 32767 96 32767 32767 32767 36 43 22 
60 33 52 70 37 32 50 85 7 13 32767 24 66 57 55 60 85 56 32767 32767 32767 37 32767 10 
67 15 92 32767 96 99 32767 30 41 7 85 32767 50 83 33 1 22 1 32767 32767 32767 32767 32767 76 
25 88 32767 97 32767 71 46 76 59 17 54 66 69 32767 62 7 32767 7 36 37 32767 32767 73 38 
32767 32767 57 28 71 58 32767 69 32767 32767 100 32767 23 84 40 13 54 56 43 32767 32767 73 32767 75 
18 37 76 77 79 85 56 93 34 32767 31 32767 47 25 98 84 92 43 22 10 76 38 75 32767 
EOF