DIMENSION: 24
EDGE_WEIGHT_TYPE: EXPLICIT
EDGE_WEIGHT_FORMAT: FULL_MATRIX
EDGE_WEIGHT_SECTION:
32767 32767 65 85 68 32767 88 32767 32767 81 43 90 32767 27 5 44 93 32767 90 81 95 33 32767 32767 
32767 32767 7 35 63 44 59 8 32767 20 32767 15 60 42 16 48 32767 32767 96 32767 32767 32767 16 32767 
65 7 32767 32767 41 41 84 87 95 32767 32767 65 96 24 12 26 32 32767 32767 94 83 32767 23 14 
85 35 32767 32767 25 32767 32 32767 54 54 52 32767 20 21 76 37 89 45 47 93 84 64 75 32767 
68 63 41 25 32767 16 43 61 32767 49 71 32767 98 32767 50 32 32767 78 28 32767 32767 80 45 79 
32767 44 41 32767 16 32767 27 81 66 88 32767 8 38 93 43 32767 78 4 69 74 32767 18 75 5 
88 59 84 32 43 27 32767 10 32767 79 94 42 32767 32767 80 67 34 7 100 94 75 32767 53 24 
32767 8 87 32767 61 81 10 32767 64 32767 27 32767 32767 86 8 53 42 94 67 68 79 43 56 57 
32767 32767 95 54 32767 66 32767 64 32767 61 32767 32767 65 61 33 80 90 31 32767 76 20 78 57 32767 
81 20 32767 54 49 88 79 32767 61 32767 61 32767 69 30 32767 27 32767 87 53 32 21 32767 3 2 
43 32767 32767 52 71 32767 94 27 32767 61 32767 92 94 37 65 81 32767 1 32767 56 32767 32767 78 29 
90 15 65 32767 32767 8 42 32767 32767 32767 92 32767 84 81 51 32767 4 14 93 32767 28 20 95 60 
32767 60 96 20 98 38 32767 32767 65 69 94 84 32767 32767 68 32767 43 38 38 95 32767 97 32767 100 
27 42 24 21 32767 93 32767 86 61 30 37 81 32767 32767 7 32767 53 76 24 58 46 98 17 56 
5 16 12 76 50 43 80 8 33 32767 65 51 68 7 32767 21 36 25 17 11 73 17 32767 69 
44 48 26 37 32 32767 67 53 80 27 81 32767 32767 32767 21 32767 32767 84 72 94 32767 44 26 32767 
93 32767 32 89 32767 78 34 42 90 32767 32767 4 43 53 36 32767 32767 24 32767 11 42 32767 15 71 
32767 32767 32767 45 78 4 7 94 31 87 1 14 38 76 25 84 24 32767 44 93 59 43 37 82 
90 96 32767 47 28 69 100 67 32767 53 32767 93 38 24 17 72 32767 44 32767 34 26 69 55 54 
81 32767 94 93 32767 74 94 68 76 32 56 32767 95 58 11 94 11 93 34 32767 2 14 32767 80 
95 32767 83 84 32767 32767 75 79 20 21 32767 28 32767 46 73 32767 42 59 26 2 32767 81 41 10 
33 32767 32767 64 80 18 32767 43 78 32767 32767 20 97 98 17 44 32767 43 69 14 81 32767 77 40 
32767 16 23 75 45 75 53 56 57 3 78 95 32767 17 32767 26 15 37 55 32767 41 77 32767 49 
32767 32767 14 32767 79 5 24 57 32767 2 29 60 100 56 69 32767 71 82 54 80 10 40 49 32767 
EOF