DIMENSION: 24
EDGE_WEIGHT_TYPE: EXPLICIT
EDGE_WEIGHT_FORMAT: FULL_MATRIX
EDGE_WEIGHT_SECTION:
32767 52 28 17 45 27 83 71 72 61 61 44 1 32767 11 42 60 32767 38 79 5 34 96 40 
52 32767 46 32767 6 33 96 97 96 26 67 68 75 32767 80 83 60 29 48 61 84 5 57 23 
28 46 32767 79 6 48 35 32767 61 48 69 50 41 51 61 49 27 82 50 89 20 78 91 82 
17 32767 79 32767 41 92 89 12 45 99 36 30 32767 63 28 13 96 87 11 90 34 32767 95 49 
45 6 6 41 32767 32767 32767 72 49 88 73 44 40 10 32767 78 32767 40 64 9 7 44 64 51 
27 33 48 92 32767 32767 23 32767 10 18 24 14 24 32767 32767 45 92 100 32 1 28 1 32767 40 
83 96 35 89 32767 23 32767 9 44 54 32767 68 10 92 95 32767 38 57 90 85 32767 32767 80 53 
71 97 32767 12 72 32767 9 32767 67 55 53 80 76 28 1 65 8 47 32767 89 70 28 46 65 
72 96 61 45 49 10 44 67 32767 31 70 82 32767 100 81 74 81 32767 88 32767 4 56 50 91 
61 26 48 99 88 18 54 55 31 32767 20 32767 35 7 32767 88 48 90 19 60 57 39 48 32 
61 67 69 36 73 24 32767 53 70 20 32767 32767 33 95 95 75 33 86 21 60 60 30 51 32767 
44 68 50 30 44 14 68 80 82 32767 32767 32767 31 33 60 84 100 10 32767 59 35 5 4 42 
1 75 41 32767 40 24 10 76 32767 35 33 31 32767 37 2 30 46 86 96 23 98 63 48 13 
32767 32767 51 63 10 32767 92 28 100 7 95 33 37 32767 31 100 70 11 66 67 13 22 60 22 
11 80 61 28 32767 32767 95 1 81 32767 95 60 2 31 32767 73 32767 32767 32767 33 85 42 74 41 
42 83 49 13 78 45 32767 65 74 88 75 84 30 100 73 32767 62 18 61 91 29 52 98 59 
60 60 27 96 32767 92 38 8 81 48 33 100 46 70 32767 62 32767 32767 7 3 32767 31 97 32767 
32767 29 82 87 40 100 57 47 32767 90 86 10 86 11 32767 18 32767 32767 70 9 25 46 32767 62 
38 48 50 11 64 32 90 32767 88 19 21 32767 96 66 32767 61 7 70 32767 94 28 28 32767 32767 
79 61 89 90 9 1 85 89 32767 60 60 59 23 67 33 91 3 9 94 32767 29 44 89 7 
5 84 20 34 7 28 32767 70 4 57 60 35 98 13 85 29 32767 25 28 29 32767 14 95 24 
34 5 78 32767 44 1 32767 28 56 39 30 5 63 22 42 52 31 46 28 44 14 32767 91 34 
96 57 91 95 64 32767 80 46 50 48 51 4 48 60 74 98 97 32767 32767 89 95 91 32767 1 
40 23 82 49 51 40 53 65 91 32 32767 42 13 22 41 59 32767 62 32767 7 24 34 1 32767 
EOF