DIMENSION: 24
EDGE_WEIGHT_TYPE: EXPLICIT
EDGE_WEIGHT_FORMAT: FULL_MATRIX
EDGE_WEIGHT_SECTION:
32767 28 61 32767 93 32767 68 80 32767 57 58 15 32767 82 6 26 25 84 32767 32767 8 71 31 52 
28 32767 100 18 40 88 20 18 70 44 91 10 2 84 27 62 53 59 44 35 32767 32767 15 16 
61 100 32767 1 59 36 68 74 32767 57 63 90 67 29 50 4 36 99 45 88 94 69 2 16 
32767 18 1 32767 49 51 38 82 98 77 70 32767 57 32767 32767 32767 65 90 66 51 23 89 32767 91 
93 40 59 49 32767 31 67 32 32767 79 94 32767 55 49 7 32767 16 59 15 84 32767 77 89 79 
32767 88 36 51 31 32767 44 34 32767 35 1 58 40 32767 71 65 33 82 32767 36 43 60 11 93 
68 20 68 38 67 44 32767 52 59 53 32767 10 16 32767 32767 4 53 32767 86 63 24 32767 35 12 
80 18 74 82 32 34 52 32767 51 4 32767 89 3 66 32 5 50 23 19 89 29 91 50 45 
32767 70 32767 98 32767 32767 59 51 32767 99 32767 32767 71 32767 73 20 45 32767 14 6 5 48 61 60 
57 44 57 77 79 35 53 4 99 32767 10 51 63 85 100 64 80 32767 7 96 38 99 68 32767 
58 91 63 70 94 1 32767 32767 32767 10 32767 32767 87 23 61 40 45 2 40 79 36 76 78 35 
15 10 90 32767 32767 58 10 89 32767 51 32767 32767 86 91 10 68 66 85 25 32767 69 32767 32767 55 
32767 2 67 57 55 40 16 3 71 63 87 86 32767 62 92 32767 85 2 63 55 92 71 12 53 
82 84 29 32767 49 32767 32767 66 32767 85 23 91 62 32767 65 32767 60 32767 8 92 47 55 27 32767 
6 27 50 32767 7 71 32767 32 73 100 61 10 92 65 32767 32767 61 68 32 32767 32767 22 38 88 
26 62 4 32767 32767 65 4 5 20 64 40 68 32767 32767 32767 32767 3 14 95 85 36 34 48 80 
25 53 36 65 16 33 53 50 45 80 45 66 85 60 61 3 32767 32767 40 8 67 39 32767 32 
84 59 99 90 59 82 32767 23 32767 32767 2 85 2 32767 68 14 32767 32767 14 13 29 20 2 13 
32767 44 45 66 15 32767 86 19 14 7 40 25 63 8 32 95 40 14 32767 38 78 32767 57 32767 
32767 35 88 51 84 36 63 89 6 96 79 32767 55 92 32767 85 8 13 38 32767 48 6 50 95 
8 32767 94 23 32767 43 24 29 5 38 36 69 92 47 32767 36 67 29 78 48 32767 62 29 97 
71 32767 69 89 77 60 32767 91 48 99 76 32767 71 55 22 34 39 20 32767 6 62 32767 95 32767 
31 15 2 32767 89 11 35 50 61 68 78 32767 12 27 38 48 32767 2 57 50 29 95 32767 66 
52 16 16 91 79 93 12 45 60 32767 35 55 53 32767 88 80 32 13 32767 95 97 32767 66 32767 
EOF