DIMENSION: 24
EDGE_WEIGHT_TYPE: EXPLICIT
EDGE_WEIGHT_FORMAT: FULL_MATRIX
EDGE_WEIGHT_SECTION:
32767 32767 67 84 32767 50 32 32767 38 1 68 44 79 86 40 19 64 32767 59 94 77 32767 32767 42 
32767 32767 86 32767 68 91 27 82 32767 19 58 59 87 48 53 32767 29 32767 54 23 68 10 53 16 
67 86 32767 77 9 64 18 91 34 32767 38 7 37 71 32767 61 32767 70 70 59 94 32767 89 85 
84 32767 77 32767 18 14 66 40 32767 5 100 32767 2 21 32767 12 73 48 32767 15 95 63 26 67 
32767 68 9 18 32767 93 39 11 14 32767 16 12 83 22 44 24 87 92 44 63 22 63 44 89 
50 91 64 14 93 32767 32767 78 58 32767 92 99 46 86 32767 24 32767 61 38 32767 11 82 76 78 
32 27 18 66 39 32767 32767 32767 32767 4 11 2 32767 32767 32767 71 32767 32767 27 32767 39 34 27 94 
32767 82 91 40 11 78 32767 32767 32767 32767 18 13 70 76 95 81 32767 75 49 4 53 66 34 91 
38 32767 34 32767 14 58 32767 32767 32767 73 15 19 5 50 12 67 62 34 81 26 32767 30 26 69 
1 19 32767 5 32767 32767 4 32767 73 32767 36 29 16 55 26 32767 98 32767 64 36 31 34 49 32767 
68 58 38 100 16 92 11 18 15 36 32767 79 51 25 12 35 89 3 32 32767 32767 50 45 39 
44 59 7 32767 12 99 2 13 19 29 79 32767 76 32 11 65 5 16 73 54 75 32767 29 45 
79 87 37 2 83 46 32767 70 5 16 51 76 32767 2 32767 4 71 67 4 86 50 6 32767 73 
86 48 71 21 22 86 32767 76 50 55 25 32 2 32767 40 87 26 11 56 82 79 61 32767 32767 
40 53 32767 32767 44 32767 32767 95 12 26 12 11 32767 40 32767 32767 75 15 22 14 69 52 25 40 
19 32767 61 12 24 24 71 81 67 32767 35 65 4 87 32767 32767 28 33 26 66 17 95 100 81 
64 29 32767 73 87 32767 32767 32767 62 98 89 5 71 26 75 28 32767 32767 47 78 4 82 12 62 
32767 32767 70 48 92 61 32767 75 34 32767 3 16 67 11 15 33 32767 32767 26 93 68 22 32767 32767 
59 54 70 32767 44 38 27 49 81 64 32 73 4 56 22 26 47 26 32767 22 2 16 18 57 
94 23 59 15 63 32767 32767 4 26 36 32767 54 86 82 14 66 78 93 22 32767 32767 87 84 60 
77 68 94 95 22 11 39 53 32767 31 32767 75 50 79 69 17 4 68 2 32767 32767 6 33 20 
32767 10 32767 63 63 82 34 66 30 34 50 32767 6 61 52 95 82 22 16 87 6 32767 63 32767 
32767 53 89 26 44 76 27 34 26 49 45 29 32767 32767 25 100 12 32767 18 84 33 63 32767 91 
42 16 85 67 89 78 94 91 69 32767 39 45 73 32767 40 81 62 32767 57 60 20 32767 91 32767 
EOF