DIMENSION: 24
EDGE_WEIGHT_TYPE: EXPLICIT
EDGE_WEIGHT_FORMAT: FULL_MATRIX
EDGE_WEIGHT_SECTION:
32767 15 51 62 43 40 32767 50 32767 96 66 48 12 62 69 94 13 44 52 94 98 25 49 38 
15 32767 58 66 95 32767 58 96 86 15 94 32767 73 60 5 1 97 53 36 70 85 66 74 32767 
51 58 32767 96 47 91 3 13 64 99 32767 80 83 7 43 20 44 50 32767 67 93 26 6 39 
62 66 96 32767 32767 32767 99 79 52 15 57 78 4 80 58 32767 32767 13 32767 39 32767 18 63 35 
43 95 47 32767 32767 64 45 63 51 91 56 88 85 84 73 32767 13 32767 59 77 47 86 27 28 
40 32767 91 32767 64 32767 88 60 62 75 2 46 32767 18 32767 32767 70 40 41 75 32767 36 32767 15 
32767 58 3 99 45 88 32767 18 29 58 25 97 3 97 16 54 26 32767 19 87 32767 74 32767 89 
50 96 13 79 63 60 18 32767 5 51 46 79 94 32767 78 32767 94 32767 30 27 19 29 41 44 
32767 86 64 52 51 62 29 5 32767 95 85 69 76 18 32767 32767 35 44 32767 67 12 75 89 86 
96 15 99 15 91 75 58 51 95 32767 50 32767 29 32767 13 8 43 32767 73 32767 7 32767 22 64 
66 94 32767 57 56 2 25 46 85 50 32767 70 32767 27 32767 12 55 23 89 96 22 99 32767 71 
48 32767 80 78 88 46 97 79 69 32767 70 32767 21 7 51 82 34 66 37 32767 37 27 9 25 
12 73 83 4 85 32767 3 94 76 29 32767 21 32767 23 55 96 92 98 36 24 32767 32767 86 13 
62 60 7 80 84 18 97 32767 18 32767 27 7 23 32767 1 21 9 100 65 72 73 61 55 97 
69 5 43 58 73 32767 16 78 32767 13 32767 51 55 1 32767 77 67 32767 15 22 60 31 91 51 
94 1 20 32767 32767 32767 54 32767 32767 8 12 82 96 21 77 32767 32767 67 93 44 20 84 8 25 
13 97 44 32767 13 70 26 94 35 43 55 34 92 9 67 32767 32767 16 35 9 24 92 21 32767 
44 53 50 13 32767 40 32767 32767 44 32767 23 66 98 100 32767 67 16 32767 32767 36 32767 54 2 24 
52 36 32767 32767 59 41 19 30 32767 73 89 37 36 65 15 93 35 32767 32767 32767 80 88 81 32767 
94 70 67 39 77 75 87 27 67 32767 96 32767 24 72 22 44 9 36 32767 32767 32767 32767 8 18 
98 85 93 32767 47 32767 32767 19 12 7 22 37 32767 73 60 20 24 32767 80 32767 32767 32767 57 16 
25 66 26 18 86 36 74 29 75 32767 99 27 32767 61 31 84 92 54 88 32767 32767 32767 69 68 
49 74 6 63 27 32767 32767 41 89 22 32767 9 86 55 91 8 21 2 81 8 57 69 32767 27 
38 32767 39 35 28 15 89 44 86 64 71 25 13 97 51 25 32767 24 32767 18 16 68 27 32767 
EOF