DIMENSION: 24
EDGE_WEIGHT_TYPE: EXPLICIT
EDGE_WEIGHT_FORMAT: FULL_MATRIX
EDGE_WEIGHT_SECTION:
32767 4 29 47 84 28 38 60 48 89 73 46 63 32767 26 63 53 70 32767 20 80 30 32767 19 
4 32767 37 32767 32767 45 63 32767 100 32767 61 55 92 32767 13 32767 32767 65 88 27 65 53 51 66 
29 37 32767 32767 3 57 51 29 91 63 32767 27 17 40 89 20 5 32767 8 42 71 86 51 32767 
47 32767 32767 32767 32767 32767 86 7 87 41 76 10 45 20 4 9 90 93 32767 32767 88 32767 67 51 
84 32767 3 32767 32767 32767 19 49 61 38 91 32767 62 32767 10 79 37 36 89 87 41 4 13 67 
28 45 57 32767 32767 32767 32767 79 23 83 32767 45 32767 6 32767 4 62 39 13 8 21 66 32767 32767 
38 63 51 86 19 32767 32767 32767 70 41 19 48 32767 39 25 32767 80 92 81 34 32767 91 15 13 
60 32767 29 7 49 79 32767 32767 32767 32767 21 54 77 32767 32767 32767 97 72 32767 3 32767 72 58 100 
48 100 91 87 61 23 70 32767 32767 48 77 41 100 32767 11 59 88 42 17 59 54 99 33 76 
89 32767 63 41 38 83 41 32767 48 32767 42 32767 70 97 92 68 59 49 14 32767 1 75 21 21 
73 61 32767 76 91 32767 19 21 77 42 32767 45 13 32767 6 32767 32767 25 41 32767 8 46 56 99 
46 55 27 10 32767 45 48 54 41 32767 45 32767 85 32767 11 81 32767 52 32767 17 33 70 1 60 
63 92 17 45 62 32767 32767 77 100 70 13 85 32767 14 100 41 76 87 23 59 48 70 95 65 
32767 32767 40 20 32767 6 39 32767 32767 97 32767 32767 14 32767 32767 97 33 89 80 44 32 66 91 54 
26 13 89 4 10 32767 25 32767 11 92 6 11 100 32767 32767 74 4 39 27 42 33 32767 81 32767 
63 32767 20 9 79 4 32767 32767 59 68 32767 81 41 97 74 32767 1 12 8 54 23 6 23 58 
53 32767 5 90 37 62 80 97 88 59 32767 32767 76 33 4 1 32767 32767 32767 54 8 32767 32767 65 
70 65 32767 93 36 39 92 72 42 49 25 52 87 89 39 12 32767 32767 53 26 95 20 58 64 
32767 88 8 32767 89 13 81 32767 17 14 41 32767 23 80 27 8 32767 53 32767 18 33 3 86 55 
20 27 42 32767 87 8 34 3 59 32767 32767 17 59 44 42 54 54 26 18 32767 25 33 39 32767 
80 65 71 88 41 21 32767 32767 54 1 8 33 48 32 33 23 8 95 33 25 32767 4 33 19 
30 53 86 32767 4 66 91 72 99 75 46 70 70 66 32767 6 32767 20 3 33 4 32767 32767 96 
32767 51 51 67 13 32767 15 58 33 21 56 1 95 91 81 23 32767 58 86 39 33 32767 32767 20 
19 66 32767 51 67 32767 13 100 76 21 99 60 65 54 32767 58 65 64 55 32767 19 96 20 32767 
EOF