DIMENSION: 24
EDGE_WEIGHT_TYPE: EXPLICIT
EDGE_WEIGHT_FORMAT: FULL_MATRIX
EDGE_WEIGHT_SECTION:
32767 15 32767 84 32767 76 59 87 32767 27 32767 99 59 48 55 29 32767 35 6 99 48 32767 32 67 
15 32767 46 7 84 32767 82 3 32767 34 54 77 49 100 12 66 32767 49 96 4 32767 72 62 17 
32767 46 32767 19 33 73 65 33 14 83 66 22 48 38 84 32767 55 51 32767 32767 40 9 59 32767 
84 7 19 32767 12 20 66 2 32767 76 52 14 32767 32767 29 32767 79 32767 3 32767 63 24 55 91 
32767 84 33 12 32767 32767 8 62 32767 37 84 32767 32767 32767 32767 56 17 94 32767 50 51 81 51 53 
76 32767 73 20 32767 32767 32767 32767 8 49 78 74 32767 1 29 29 91 32767 31 45 32767 32767 43 40 
59 82 65 66 8 32767 32767 51 54 8 48 17 5 22 32767 30 83 59 2 16 54 76 84 78 
87 3 33 2 62 32767 51 32767 27 9 34 49 97 81 97 39 82 32767 32767 31 69 12 11 70 
32767 32767 14 32767 32767 8 54 27 32767 97 32767 5 11 76 46 98 34 89 40 18 32767 38 3 42 
27 34 83 76 37 49 8 9 97 32767 44 52 59 48 91 66 43 57 32767 32767 32767 1 23 33 
32767 54 66 52 84 78 48 34 32767 44 32767 32767 79 3 56 83 89 32767 37 29 32767 89 98 72 
99 77 22 14 32767 74 17 49 5 52 32767 32767 12 34 79 55 57 63 54 61 28 81 38 46 
59 49 48 32767 32767 32767 5 97 11 59 79 12 32767 6 1 32767 72 32767 80 64 25 29 52 44 
48 100 38 32767 32767 1 22 81 76 48 3 34 6 32767 60 32767 39 24 95 53 43 16 17 86 
55 12 84 29 32767 29 32767 97 46 91 56 79 1 60 32767 18 74 31 55 95 11 56 46 72 
29 66 32767 32767 56 29 30 39 98 66 83 55 32767 32767 18 32767 1 32767 54 50 1 32767 32767 32 
32767 32767 55 79 17 91 83 82 34 43 89 57 72 39 74 1 32767 57 42 32767 85 88 35 81 
35 49 51 32767 94 32767 59 32767 89 57 32767 63 32767 24 31 32767 57 32767 32767 27 88 32767 6 93 
6 96 32767 3 32767 31 2 32767 40 32767 37 54 80 95 55 54 42 32767 32767 32767 36 53 30 32767 
99 4 32767 32767 50 45 16 31 18 32767 29 61 64 53 95 50 32767 27 32767 32767 39 57 50 63 
48 32767 40 63 51 32767 54 69 32767 32767 32767 28 25 43 11 1 85 88 36 39 32767 72 32767 32767 
32767 72 9 24 81 32767 76 12 38 1 89 81 29 16 56 32767 88 32767 53 57 72 32767 39 79 
32 62 59 55 51 43 84 11 3 23 98 38 52 17 46 32767 35 6 30 50 32767 39 32767 32767 
67 17 32767 91 53 40 78 70 42 33 72 46 44 86 72 32 81 93 32767 63 32767 79 32767 32767 
EOF