DIMENSION: 14
EDGE_WEIGHT_TYPE: EXPLICIT
EDGE_WEIGHT_FORMAT: FULL_MATRIX
EDGE_WEIGHT_SECTION:
32767 38 32767 87 32767 17 48 32767 32767 19 42 24 15 81 
38 32767 24 94 65 32767 56 50 29 84 56 59 73 48 
32767 24 32767 20 32767 11 47 4 57 10 38 28 23 32767 
87 94 20 32767 10 63 52 94 51 66 84 81 77 92 
32767 65 32767 10 32767 80 32767 1 32767 80 4 3 32767 65 
17 32767 11 63 80 32767 60 32767 35 69 61 30 32767 59 
48 56 47 52 32767 60 32767 84 96 32767 48 45 9 3 
32767 50 4 94 1 32767 84 32767 14 27 70 32767 5 90 
32767 29 57 51 32767 35 96 14 32767 67 86 33 32767 68 
19 84 10 66 80 69 32767 27 67 32767 70 15 32767 12 
42 56 38 84 4 61 48 70 86 70 32767 65 98 25 
24 59 28 81 3 30 45 32767 33 15 65 32767 32767 19 
15 73 23 77 32767 32767 9 5 32767 32767 98 32767 32767 73 
81 48 32767 92 65 59 3 90 68 12 25 19 73 32767 
EOF