DIMENSION: 14
EDGE_WEIGHT_TYPE: EXPLICIT
EDGE_WEIGHT_FORMAT: FULL_MATRIX
EDGE_WEIGHT_SECTION:
32767 66 80 32767 32767 7 54 17 29 32767 28 38 97 32767 
66 32767 13 32767 84 91 44 39 32767 32767 42 28 95 20 
80 13 32767 31 32767 10 59 33 77 26 80 85 59 32767 
32767 32767 31 32767 85 32767 79 42 28 53 75 61 98 40 
32767 84 32767 85 32767 48 31 62 40 32767 50 32767 87 71 
7 91 10 32767 48 32767 48 50 56 66 32767 78 65 58 
54 44 59 79 31 48 32767 49 32767 74 90 37 67 11 
17 39 33 42 62 50 49 32767 71 21 93 44 23 30 
29 32767 77 28 40 56 32767 71 32767 86 7 6 35 37 
32767 32767 26 53 32767 66 74 21 86 32767 73 24 29 17 
28 42 80 75 50 32767 90 93 7 73 32767 32767 39 32767 
38 28 85 61 32767 78 37 44 6 24 32767 32767 56 35 
97 95 59 98 87 65 67 23 35 29 39 56 32767 32767 
32767 20 32767 40 71 58 11 30 37 17 32767 35 32767 32767 
EOF