DIMENSION: 14
EDGE_WEIGHT_TYPE: EXPLICIT
EDGE_WEIGHT_FORMAT: FULL_MATRIX
EDGE_WEIGHT_SECTION:
32767 6 85 77 95 30 87 70 70 18 30 25 57 32767 
6 32767 68 32767 57 20 69 64 74 96 81 90 82 92 
85 68 32767 14 12 32767 68 32767 36 32767 44 32767 57 28 
77 32767 14 32767 98 82 32767 32767 79 12 32767 56 24 74 
95 57 12 98 32767 65 97 80 32767 32767 32767 53 32767 32767 
30 20 32767 82 65 32767 55 33 18 98 41 7 17 75 
87 69 68 32767 97 55 32767 32767 88 87 32767 32767 26 32767 
70 64 32767 32767 80 33 32767 32767 100 23 99 47 13 28 
70 74 36 79 32767 18 88 100 32767 59 23 71 86 35 
18 96 32767 12 32767 98 87 23 59 32767 37 32767 73 32767 
30 81 44 32767 32767 41 32767 99 23 37 32767 50 23 68 
25 90 32767 56 53 7 32767 47 71 32767 50 32767 23 74 
57 82 57 24 32767 17 26 13 86 73 23 23 32767 1 
32767 92 28 74 32767 75 32767 28 35 32767 68 74 1 32767 
EOF