DIMENSION: 14
EDGE_WEIGHT_TYPE: EXPLICIT
EDGE_WEIGHT_FORMAT: FULL_MATRIX
EDGE_WEIGHT_SECTION:
32767 37 32767 4 21 29 86 97 32767 86 6 6 58 39 
37 32767 17 8 68 55 47 59 32767 42 35 37 29 32767 
32767 17 32767 55 2 56 35 15 32767 75 5 32767 61 83 
4 8 55 32767 35 32767 9 92 32767 72 32767 26 32767 89 
21 68 2 35 32767 17 87 27 57 81 66 92 32767 32767 
29 55 56 32767 17 32767 67 87 18 5 32767 58 6 8 
86 47 35 9 87 67 32767 80 32 57 19 88 17 65 
97 59 15 92 27 87 80 32767 94 35 82 32767 32767 61 
32767 32767 32767 32767 57 18 32 94 32767 86 32767 91 57 12 
86 42 75 72 81 5 57 35 86 32767 72 95 43 66 
6 35 5 32767 66 32767 19 82 32767 72 32767 65 29 43 
6 37 32767 26 92 58 88 32767 91 95 65 32767 67 4 
58 29 61 32767 32767 6 17 32767 57 43 29 67 32767 32767 
39 32767 83 89 32767 8 65 61 12 66 43 4 32767 32767 
EOF