DIMENSION: 14
EDGE_WEIGHT_TYPE: EXPLICIT
EDGE_WEIGHT_FORMAT: FULL_MATRIX
EDGE_WEIGHT_SECTION:
32767 15 62 68 40 32767 5 25 19 80 85 64 94 95 
15 32767 29 31 68 77 75 59 64 32767 20 65 46 15 
62 29 32767 71 90 72 39 15 41 49 5 28 98 92 
68 31 71 32767 23 32767 88 35 60 48 50 10 82 51 
40 68 90 23 32767 32767 80 32767 32767 99 12 30 10 18 
32767 77 72 32767 32767 32767 32767 15 16 32767 64 95 72 41 
5 75 39 88 80 32767 32767 33 32767 12 32767 48 32767 32767 
25 59 15 35 32767 15 33 32767 32767 32767 66 54 19 49 
19 64 41 60 32767 16 32767 32767 32767 12 44 36 33 32767 
80 32767 49 48 99 32767 12 32767 12 32767 73 32767 76 16 
85 20 5 50 12 64 32767 66 44 73 32767 37 53 74 
64 65 28 10 30 95 48 54 36 32767 37 32767 11 83 
94 46 98 82 10 72 32767 19 33 76 53 11 32767 25 
95 15 92 51 18 41 32767 49 32767 16 74 83 25 32767 
EOF