DIMENSION: 14
EDGE_WEIGHT_TYPE: EXPLICIT
EDGE_WEIGHT_FORMAT: FULL_MATRIX
EDGE_WEIGHT_SECTION:
32767 66 40 76 9 82 32767 58 36 53 32767 95 32767 83 
66 32767 20 81 32767 29 98 34 44 83 91 79 74 19 
40 20 32767 75 1 67 55 12 98 32767 78 83 55 32767 
76 81 75 32767 15 74 69 41 26 32767 52 12 67 32767 
9 32767 1 15 32767 36 32767 86 32767 32767 76 90 62 97 
82 29 67 74 36 32767 84 36 46 32767 32767 40 56 32767 
32767 98 55 69 32767 84 32767 22 32767 32767 23 94 48 57 
58 34 12 41 86 36 22 32767 32767 86 8 32767 32767 87 
36 44 98 26 32767 46 32767 32767 32767 79 34 88 58 75 
53 83 32767 32767 32767 32767 32767 86 79 32767 16 17 5 70 
32767 91 78 52 76 32767 23 8 34 16 32767 55 90 27 
95 79 83 12 90 40 94 32767 88 17 55 32767 95 61 
32767 74 55 67 62 56 48 32767 58 5 90 95 32767 32767 
83 19 32767 32767 97 32767 57 87 75 70 27 61 32767 32767 
EOF