DIMENSION: 7
EDGE_WEIGHT_TYPE: EXPLICIT
EDGE_WEIGHT_FORMAT: FULL_MATRIX
EDGE_WEIGHT_SECTION:
32767 63 89 49 32767 32 32767 
63 32767 31 44 30 61 22 
89 31 32767 82 65 97 27 
49 44 82 32767 66 71 48 
32767 30 65 66 32767 32767 96 
32 61 97 71 32767 32767 32767 
32767 22 27 48 96 32767 32767 
EOF