DIMENSION: 7
EDGE_WEIGHT_TYPE: EXPLICIT
EDGE_WEIGHT_FORMAT: FULL_MATRIX
EDGE_WEIGHT_SECTION:
32767 4 32767 32767 32767 9 46 
4 32767 88 24 32767 55 12 
32767 88 32767 63 84 31 17 
32767 24 63 32767 41 42 24 
32767 32767 84 41 32767 45 32767 
9 55 31 42 45 32767 31 
46 12 17 24 32767 31 32767 
EOF