DIMENSION: 7
EDGE_WEIGHT_TYPE: EXPLICIT
EDGE_WEIGHT_FORMAT: FULL_MATRIX
EDGE_WEIGHT_SECTION:
32767 32767 24 81 32767 93 32767 
32767 32767 60 3 100 57 32767 
24 60 32767 15 98 88 32767 
81 3 15 32767 99 25 97 
32767 100 98 99 32767 100 97 
93 57 88 25 100 32767 84 
32767 32767 32767 97 97 84 32767 
EOF