DIMENSION: 7
EDGE_WEIGHT_TYPE: EXPLICIT
EDGE_WEIGHT_FORMAT: FULL_MATRIX
EDGE_WEIGHT_SECTION:
32767 14 32767 61 32767 52 2 
14 32767 99 27 7 17 12 
32767 99 32767 32767 64 32767 12 
61 27 32767 32767 61 39 49 
32767 7 64 61 32767 17 16 
52 17 32767 39 17 32767 16 
2 12 12 49 16 16 32767 
EOF