DIMENSION: 7
EDGE_WEIGHT_TYPE: EXPLICIT
EDGE_WEIGHT_FORMAT: FULL_MATRIX
EDGE_WEIGHT_SECTION:
32767 98 6 55 39 19 32767 
98 32767 32767 30 93 97 28 
6 32767 32767 13 42 27 74 
55 30 13 32767 52 32767 1 
39 93 42 52 32767 94 22 
19 97 27 32767 94 32767 83 
32767 28 74 1 22 83 32767 
EOF