DIMENSION: 24
EDGE_WEIGHT_TYPE: EXPLICIT
EDGE_WEIGHT_FORMAT: FULL_MATRIX
EDGE_WEIGHT_SECTION:
32767 32767 32767 61 73 14 100 13 43 32767 16 74 32767 58 89 98 37 73 56 32767 32767 85 63 14 
32767 32767 32767 32767 32767 23 32767 39 20 32767 78 32767 84 36 32767 32767 30 78 32767 32767 32767 32767 64 57 
32767 32767 32767 32767 79 32767 25 86 32767 35 11 32767 6 29 66 79 48 32767 73 72 32767 15 37 97 
61 32767 32767 32767 89 32767 55 82 91 70 19 32767 76 32767 23 32767 47 32767 9 58 19 32767 84 17 
73 32767 79 89 32767 85 74 74 23 34 32767 32767 32767 32767 32767 32767 24 67 90 76 20 32767 32767 49 
14 23 32767 32767 85 32767 95 11 32767 36 32767 62 17 32767 88 32767 32767 79 32767 45 98 32767 69 71 
100 32767 25 55 74 95 32767 86 18 60 32767 95 68 32767 32767 8 32767 63 1 32767 1 13 32767 73 
13 39 86 82 74 11 86 32767 32767 32767 32767 83 6 32767 94 98 32767 5 13 81 27 32767 20 88 
43 20 32767 91 23 32767 18 32767 32767 7 32767 31 32767 25 47 48 32767 32767 32767 68 32767 73 59 32767 
32767 32767 35 70 34 36 60 32767 7 32767 32767 15 81 62 94 4 32767 32767 32767 27 20 32767 70 40 
16 78 11 19 32767 32767 32767 32767 32767 32767 32767 33 32767 57 39 19 11 13 48 32767 68 50 93 47 
74 32767 32767 32767 32767 62 95 83 31 15 33 32767 43 39 32767 32767 32767 32767 32767 32767 50 21 32767 5 
32767 84 6 76 32767 17 68 6 32767 81 32767 43 32767 32767 69 55 41 37 43 65 21 32767 11 32767 
58 36 29 32767 32767 32767 32767 32767 25 62 57 39 32767 32767 88 36 58 32767 30 32767 32767 85 54 32767 
89 32767 66 23 32767 88 32767 94 47 94 39 32767 69 88 32767 32767 29 32767 71 19 55 32767 40 24 
98 32767 79 32767 32767 32767 8 98 48 4 19 32767 55 36 32767 32767 32767 32767 32767 58 32767 25 34 32767 
37 30 48 47 24 32767 32767 32767 32767 32767 11 32767 41 58 29 32767 32767 70 28 51 32767 71 32767 36 
73 78 32767 32767 67 79 63 5 32767 32767 13 32767 37 32767 32767 32767 70 32767 96 33 81 69 74 82 
56 32767 73 9 90 32767 1 13 32767 32767 48 32767 43 30 71 32767 28 96 32767 80 32767 69 32767 95 
32767 32767 72 58 76 45 32767 81 68 27 32767 32767 65 32767 19 58 51 33 80 32767 21 50 56 32767 
32767 32767 32767 19 20 98 1 27 32767 20 68 50 21 32767 55 32767 32767 81 32767 21 32767 80 81 32767 
85 32767 15 32767 32767 32767 13 32767 73 32767 50 21 32767 85 32767 25 71 69 69 50 80 32767 22 89 
63 64 37 84 32767 69 32767 20 59 70 93 32767 11 54 40 34 32767 74 32767 56 81 22 32767 91 
14 57 97 17 49 71 73 88 32767 40 47 5 32767 32767 24 32767 36 82 95 32767 32767 89 91 32767 
EOF