DIMENSION: 24
EDGE_WEIGHT_TYPE: EXPLICIT
EDGE_WEIGHT_FORMAT: FULL_MATRIX
EDGE_WEIGHT_SECTION:
32767 31 54 20 32767 32767 44 92 41 68 32767 98 43 35 19 97 3 66 32767 76 83 65 28 51 
31 32767 77 32767 32767 35 93 32767 32767 32767 32767 32767 1 57 32767 32767 32767 93 32767 32767 32767 29 28 32767 
54 77 32767 99 1 32767 35 5 32767 32767 52 32767 32767 46 59 29 79 32767 5 32 58 14 37 31 
20 32767 99 32767 53 32767 79 32767 82 32767 38 55 31 88 32767 91 32767 74 4 39 83 93 57 87 
32767 32767 1 53 32767 38 32767 84 58 32767 6 24 70 35 32767 60 42 47 32767 51 22 60 32767 98 
32767 35 32767 32767 38 32767 64 24 12 78 36 91 32767 25 16 32767 21 58 33 33 13 87 33 94 
44 93 35 79 32767 64 32767 75 21 78 26 36 97 96 32767 32767 11 79 32767 32767 85 54 32767 39 
92 32767 5 32767 84 24 75 32767 32767 32767 98 19 23 27 13 32767 62 70 74 32767 32767 74 15 27 
41 32767 32767 82 58 12 21 32767 32767 32 59 57 32767 1 32767 75 32 69 58 97 32767 70 78 32767 
68 32767 32767 32767 32767 78 78 32767 32 32767 76 94 9 71 33 27 32767 5 32767 60 74 32767 31 32767 
32767 32767 52 38 6 36 26 98 59 76 32767 10 82 36 5 95 64 27 73 64 96 55 100 32767 
98 32767 32767 55 24 91 36 19 57 94 10 32767 73 79 32767 90 12 32767 99 89 32767 90 27 14 
43 1 32767 31 70 32767 97 23 32767 9 82 73 32767 75 2 24 32767 32767 22 32767 16 49 41 32767 
35 57 46 88 35 25 96 27 1 71 36 79 75 32767 32767 49 41 96 79 32767 32767 86 21 94 
19 32767 59 32767 32767 16 32767 13 32767 33 5 32767 2 32767 32767 32767 1 64 32767 58 32767 58 18 95 
97 32767 29 91 60 32767 32767 32767 75 27 95 90 24 49 32767 32767 71 25 26 32767 49 32767 32767 74 
3 32767 79 32767 42 21 11 62 32 32767 64 12 32767 41 1 71 32767 52 46 67 4 32767 32767 82 
66 93 32767 74 47 58 79 70 69 5 27 32767 32767 96 64 25 52 32767 71 32767 93 6 32767 32767 
32767 32767 5 4 32767 33 32767 74 58 32767 73 99 22 79 32767 26 46 71 32767 74 21 46 94 75 
76 32767 32 39 51 33 32767 32767 97 60 64 89 32767 32767 58 32767 67 32767 74 32767 83 32767 75 32767 
83 32767 58 83 22 13 85 32767 32767 74 96 32767 16 32767 32767 49 4 93 21 83 32767 79 73 32767 
65 29 14 93 60 87 54 74 70 32767 55 90 49 86 58 32767 32767 6 46 32767 79 32767 29 29 
28 28 37 57 32767 33 32767 15 78 31 100 27 41 21 18 32767 32767 32767 94 75 73 29 32767 57 
51 32767 31 87 98 94 39 27 32767 32767 32767 14 32767 94 95 74 82 32767 75 32767 32767 29 57 32767 
EOF