DIMENSION: 24
EDGE_WEIGHT_TYPE: EXPLICIT
EDGE_WEIGHT_FORMAT: FULL_MATRIX
EDGE_WEIGHT_SECTION:
32767 48 32767 32767 13 11 16 31 32767 79 73 40 71 32767 32767 32767 54 89 44 32767 43 58 31 11 
48 32767 58 81 51 53 77 26 32767 48 32767 2 32767 32767 32767 10 35 47 58 46 94 89 52 94 
32767 58 32767 32767 32767 52 32767 32767 89 100 15 29 1 55 49 84 32767 77 32767 18 10 24 48 61 
32767 81 32767 32767 32767 32767 32767 32767 38 32767 18 88 4 81 18 90 73 63 63 93 25 32767 69 32767 
13 51 32767 32767 32767 75 50 55 97 51 29 70 8 44 12 2 83 24 65 28 32767 54 51 32767 
11 53 52 32767 75 32767 70 74 53 32767 32767 52 33 32767 45 94 32767 32767 94 55 25 81 36 79 
16 77 32767 32767 50 70 32767 32767 80 72 32767 32767 6 32767 38 32767 32767 32767 32767 32767 82 97 19 3 
31 26 32767 32767 55 74 32767 32767 8 68 11 43 77 26 32767 31 32767 32767 56 32767 51 32767 84 1 
32767 32767 89 38 97 53 80 8 32767 59 64 39 32767 30 94 32767 70 72 75 56 74 52 62 83 
79 48 100 32767 51 32767 72 68 59 32767 32767 35 78 32767 32767 4 32767 33 72 32767 32767 46 80 32767 
73 32767 15 18 29 32767 32767 11 64 32767 32767 32767 32767 23 24 32767 51 9 17 47 32767 15 11 32767 
40 2 29 88 70 52 32767 43 39 35 32767 32767 85 26 4 32767 36 51 15 21 74 88 41 32767 
71 32767 1 4 8 33 6 77 32767 78 32767 85 32767 60 54 70 11 9 26 51 32767 4 3 38 
32767 32767 55 81 44 32767 32767 26 30 32767 23 26 60 32767 78 32767 51 41 32767 32767 32767 93 32767 32767 
32767 32767 49 18 12 45 38 32767 94 32767 24 4 54 78 32767 24 3 32767 49 20 43 32767 59 32767 
32767 10 84 90 2 94 32767 31 32767 4 32767 32767 70 32767 24 32767 32767 32767 37 51 47 45 32767 75 
54 35 32767 73 83 32767 32767 32767 70 32767 51 36 11 51 3 32767 32767 32767 32767 32767 21 70 32767 18 
89 47 77 63 24 32767 32767 32767 72 33 9 51 9 41 32767 32767 32767 32767 90 63 74 51 32767 49 
44 58 32767 63 65 94 32767 56 75 72 17 15 26 32767 49 37 32767 90 32767 32767 32767 7 94 32767 
32767 46 18 93 28 55 32767 32767 56 32767 47 21 51 32767 20 51 32767 63 32767 32767 36 25 40 54 
43 94 10 25 32767 25 82 51 74 32767 32767 74 32767 32767 43 47 21 74 32767 36 32767 32767 32767 46 
58 89 24 32767 54 81 97 32767 52 46 15 88 4 93 32767 45 70 51 7 25 32767 32767 31 98 
31 52 48 69 51 36 19 84 62 80 11 41 3 32767 59 32767 32767 32767 94 40 32767 31 32767 8 
11 94 61 32767 32767 79 3 1 83 32767 32767 32767 38 32767 32767 75 18 49 32767 54 46 98 8 32767 
EOF