DIMENSION: 24
EDGE_WEIGHT_TYPE: EXPLICIT
EDGE_WEIGHT_FORMAT: FULL_MATRIX
EDGE_WEIGHT_SECTION:
32767 46 86 32767 36 32767 99 32767 43 84 32767 17 97 99 32767 68 32767 32767 89 19 53 54 4 92 
46 32767 39 32767 34 32767 32767 91 7 32767 32767 32767 52 3 38 37 11 38 24 32767 15 95 100 32767 
86 39 32767 44 29 32767 67 4 32767 27 14 11 32767 32767 32767 13 15 44 32767 90 46 86 10 32767 
32767 32767 44 32767 32767 32767 32767 11 32767 32767 60 6 84 43 46 41 74 32767 64 98 32767 39 20 32767 
36 34 29 32767 32767 32767 16 96 32767 56 57 32767 32767 67 35 65 32767 85 38 86 59 14 8 29 
32767 32767 32767 32767 32767 32767 32767 76 76 77 8 32767 26 55 17 32767 1 32767 6 32767 32767 91 93 32767 
99 32767 67 32767 16 32767 32767 21 32767 32767 86 79 66 89 63 45 57 37 32767 74 87 32767 32767 50 
32767 91 4 11 96 76 21 32767 32767 86 32767 32767 41 79 49 8 34 30 32767 38 47 32767 21 76 
43 7 32767 32767 32767 76 32767 32767 32767 32767 52 32767 78 9 34 32767 32767 23 8 57 4 71 75 32767 
84 32767 27 32767 56 77 32767 86 32767 32767 72 36 55 79 32767 32767 36 32767 16 8 78 32767 32767 64 
32767 32767 14 60 57 8 86 32767 52 72 32767 30 46 84 32767 47 23 78 73 35 32767 71 32767 86 
17 32767 11 6 32767 32767 79 32767 32767 36 30 32767 32767 71 32767 24 60 32767 78 61 1 12 26 22 
97 52 32767 84 32767 26 66 41 78 55 46 32767 32767 18 32767 34 59 91 32767 6 87 41 32767 25 
99 3 32767 43 67 55 89 79 9 79 84 71 18 32767 95 32767 32767 6 19 21 23 33 32767 32767 
32767 38 32767 46 35 17 63 49 34 32767 32767 32767 32767 95 32767 85 32767 75 94 37 86 51 32767 79 
68 37 13 41 65 32767 45 8 32767 32767 47 24 34 32767 85 32767 32767 19 64 74 34 35 74 73 
32767 11 15 74 32767 1 57 34 32767 36 23 60 59 32767 32767 32767 32767 22 32767 48 83 51 17 32767 
32767 38 44 32767 85 32767 37 30 23 32767 78 32767 91 6 75 19 22 32767 67 48 32767 66 4 32767 
89 24 32767 64 38 6 32767 32767 8 16 73 78 32767 19 94 64 32767 67 32767 16 33 22 39 96 
19 32767 90 98 86 32767 74 38 57 8 35 61 6 21 37 74 48 48 16 32767 90 7 20 6 
53 15 46 32767 59 32767 87 47 4 78 32767 1 87 23 86 34 83 32767 33 90 32767 54 55 19 
54 95 86 39 14 91 32767 32767 71 32767 71 12 41 33 51 35 51 66 22 7 54 32767 35 19 
4 100 10 20 8 93 32767 21 75 32767 32767 26 32767 32767 32767 74 17 4 39 20 55 35 32767 63 
92 32767 32767 32767 29 32767 50 76 32767 64 86 22 25 32767 79 73 32767 32767 96 6 19 19 63 32767 
EOF