DIMENSION: 24
EDGE_WEIGHT_TYPE: EXPLICIT
EDGE_WEIGHT_FORMAT: FULL_MATRIX
EDGE_WEIGHT_SECTION:
32767 61 32767 12 9 9 49 28 32767 97 64 94 32767 32767 55 25 86 85 3 32767 8 32767 68 40 
61 32767 56 79 67 32767 82 32767 97 32767 52 72 96 77 32767 26 32767 86 48 56 49 78 88 7 
32767 56 32767 34 18 32767 21 32 32767 32767 32767 63 14 2 16 92 1 93 32767 32767 34 32767 68 32767 
12 79 34 32767 70 39 55 42 39 32767 52 31 24 46 84 32767 62 32767 47 70 83 35 32767 32767 
9 67 18 70 32767 61 58 20 32767 23 24 32767 7 32767 32767 58 4 1 57 64 62 32767 92 4 
9 32767 32767 39 61 32767 76 32767 32767 64 62 42 32767 64 32767 73 32767 7 88 52 53 53 56 32767 
49 82 21 55 58 76 32767 28 23 32767 86 47 29 70 32767 5 32767 95 64 84 37 32 84 10 
28 32767 32 42 20 32767 28 32767 32767 32767 57 40 74 18 42 97 95 32767 89 93 70 11 43 40 
32767 97 32767 39 32767 32767 23 32767 32767 32767 26 32767 34 9 63 97 40 13 32767 32767 18 32767 32767 32767 
97 32767 32767 32767 23 64 32767 32767 32767 32767 32767 32767 59 16 76 24 98 32767 35 32767 50 66 32767 32767 
64 52 32767 52 24 62 86 57 26 32767 32767 30 87 93 65 9 32767 67 95 32767 95 11 47 79 
94 72 63 31 32767 42 47 40 32767 32767 30 32767 18 32767 32767 45 32767 26 74 7 32767 61 32767 41 
32767 96 14 24 7 32767 29 74 34 59 87 18 32767 32767 35 32767 29 93 42 51 10 37 74 32 
32767 77 2 46 32767 64 70 18 9 16 93 32767 32767 32767 37 83 42 4 73 32767 98 35 11 21 
55 32767 16 84 32767 32767 32767 42 63 76 65 32767 35 37 32767 74 85 27 4 32767 27 32767 63 71 
25 26 92 32767 58 73 5 97 97 24 9 45 32767 83 74 32767 3 61 77 34 37 53 100 32767 
86 32767 1 62 4 32767 32767 95 40 98 32767 32767 29 42 85 3 32767 74 13 16 32767 38 21 5 
85 86 93 32767 1 7 95 32767 13 32767 67 26 93 4 27 61 74 32767 4 93 32767 53 7 31 
3 48 32767 47 57 88 64 89 32767 35 95 74 42 73 4 77 13 4 32767 96 33 53 23 46 
32767 56 32767 70 64 52 84 93 32767 32767 32767 7 51 32767 32767 34 16 93 96 32767 18 13 32767 29 
8 49 34 83 62 53 37 70 18 50 95 32767 10 98 27 37 32767 32767 33 18 32767 44 32767 99 
32767 78 32767 35 32767 53 32 11 32767 66 11 61 37 35 32767 53 38 53 53 13 44 32767 60 94 
68 88 68 32767 92 56 84 43 32767 32767 47 32767 74 11 63 100 21 7 23 32767 32767 60 32767 5 
40 7 32767 32767 4 32767 10 40 32767 32767 79 41 32 21 71 32767 5 31 46 29 99 94 5 32767 
EOF