DIMENSION: 24
EDGE_WEIGHT_TYPE: EXPLICIT
EDGE_WEIGHT_FORMAT: FULL_MATRIX
EDGE_WEIGHT_SECTION:
32767 96 49 32767 32767 89 32767 64 43 32767 32767 26 82 32767 9 32767 32767 89 95 87 18 68 84 20 
96 32767 32767 13 49 32767 74 32767 90 32767 79 87 32767 27 11 32767 59 41 12 71 47 32767 32767 32767 
49 32767 32767 2 99 79 50 19 17 66 91 32767 50 67 67 14 32767 32767 14 45 62 32767 32767 17 
32767 13 2 32767 23 96 16 32767 11 68 32767 32767 1 24 11 48 26 32767 32767 22 32767 46 83 32767 
32767 49 99 23 32767 30 32767 46 32767 32767 49 32767 32767 84 81 19 66 32767 26 32767 99 32767 32767 95 
89 32767 79 96 30 32767 64 58 32767 4 32767 8 37 93 28 91 69 42 33 80 77 75 51 41 
32767 74 50 16 32767 64 32767 32767 32767 63 51 16 41 32767 68 1 52 59 41 32767 24 46 65 32767 
64 32767 19 32767 46 58 32767 32767 5 32767 1 32767 51 29 32767 36 99 32767 15 57 32767 49 32767 32767 
43 90 17 11 32767 32767 32767 5 32767 80 73 33 100 32767 32767 32767 8 49 92 32767 32767 26 32767 92 
32767 32767 66 68 32767 4 63 32767 80 32767 47 32767 96 24 85 96 93 31 5 90 85 51 17 14 
32767 79 91 32767 49 32767 51 1 73 47 32767 71 32767 39 32767 74 32767 32767 32767 91 32767 23 21 86 
26 87 32767 32767 32767 8 16 32767 33 32767 71 32767 35 40 16 46 32767 12 37 13 66 52 20 32 
82 32767 50 1 32767 37 41 51 100 96 32767 35 32767 13 84 67 51 32767 32767 35 44 39 43 32767 
32767 27 67 24 84 93 32767 29 32767 24 39 40 13 32767 32767 17 32767 32767 32767 60 52 29 25 32767 
9 11 67 11 81 28 68 32767 32767 85 32767 16 84 32767 32767 90 33 36 32767 32767 48 32767 32767 43 
32767 32767 14 48 19 91 1 36 32767 96 74 46 67 17 90 32767 32767 46 57 32767 91 90 96 16 
32767 59 32767 26 66 69 52 99 8 93 32767 32767 51 32767 33 32767 32767 78 32767 19 40 32767 95 88 
89 41 32767 32767 32767 42 59 32767 49 31 32767 12 32767 32767 36 46 78 32767 100 32767 32767 32767 24 32767 
95 12 14 32767 26 33 41 15 92 5 32767 37 32767 32767 32767 57 32767 100 32767 32767 32767 30 99 9 
87 71 45 22 32767 80 32767 57 32767 90 91 13 35 60 32767 32767 19 32767 32767 32767 72 32767 1 32767 
18 47 62 32767 99 77 24 32767 32767 85 32767 66 44 52 48 91 40 32767 32767 72 32767 20 1 67 
68 32767 32767 46 32767 75 46 49 26 51 23 52 39 29 32767 90 32767 32767 30 32767 20 32767 65 92 
84 32767 32767 83 32767 51 65 32767 32767 17 21 20 43 25 32767 96 95 24 99 1 1 65 32767 43 
20 32767 17 32767 95 41 32767 32767 92 14 86 32 32767 32767 43 16 88 32767 9 32767 67 92 43 32767 
EOF