DIMENSION: 24
EDGE_WEIGHT_TYPE: EXPLICIT
EDGE_WEIGHT_FORMAT: FULL_MATRIX
EDGE_WEIGHT_SECTION:
32767 32767 32767 36 75 69 70 25 93 32767 36 23 26 32767 32767 67 62 65 49 32767 97 62 95 55 
32767 32767 32767 32767 52 20 97 2 11 91 60 32767 32767 32767 32767 83 32 76 32767 22 57 96 32767 9 
32767 32767 32767 32767 32767 93 43 63 20 90 57 32767 32767 97 18 32767 72 29 82 16 84 37 15 32767 
36 32767 32767 32767 32767 32767 67 41 38 72 87 66 91 28 45 32767 72 43 46 47 32767 81 32767 48 
75 52 32767 32767 32767 98 32767 32767 79 84 87 40 32767 28 32767 32767 22 43 95 32767 32767 11 86 7 
69 20 93 32767 98 32767 65 32767 32767 92 94 32767 32767 81 32767 60 79 3 2 32767 26 80 18 32767 
70 97 43 67 32767 65 32767 25 32767 86 32767 32767 38 70 32767 50 11 31 68 32767 21 46 32767 26 
25 2 63 41 32767 32767 25 32767 44 37 71 5 32767 32767 55 4 32767 53 24 48 81 35 100 32767 
93 11 20 38 79 32767 32767 44 32767 25 84 3 35 28 91 25 19 32767 84 82 46 74 64 31 
32767 91 90 72 84 92 86 37 25 32767 92 88 17 4 42 20 67 32767 63 89 36 60 18 32767 
36 60 57 87 87 94 32767 71 84 92 32767 47 32767 32767 66 63 23 11 71 2 32767 20 97 32767 
23 32767 32767 66 40 32767 32767 5 3 88 47 32767 37 61 19 78 73 32767 3 81 67 98 48 20 
26 32767 32767 91 32767 32767 38 32767 35 17 32767 37 32767 28 91 32767 32767 80 32767 91 83 24 18 87 
32767 32767 97 28 28 81 70 32767 28 4 32767 61 28 32767 32767 92 32767 32767 99 59 1 32767 29 38 
32767 32767 18 45 32767 32767 32767 55 91 42 66 19 91 32767 32767 32767 76 86 32767 56 32767 31 32767 32767 
67 83 32767 32767 32767 60 50 4 25 20 63 78 32767 92 32767 32767 32767 60 25 32767 34 85 32767 32767 
62 32 72 72 22 79 11 32767 19 67 23 73 32767 32767 76 32767 32767 23 18 6 42 54 83 34 
65 76 29 43 43 3 31 53 32767 32767 11 32767 80 32767 86 60 23 32767 64 65 41 54 74 32767 
49 32767 82 46 95 2 68 24 84 63 71 3 32767 99 32767 25 18 64 32767 7 18 22 32767 89 
32767 22 16 47 32767 32767 32767 48 82 89 2 81 91 59 56 32767 6 65 7 32767 90 32767 31 32767 
97 57 84 32767 32767 26 21 81 46 36 32767 67 83 1 32767 34 42 41 18 90 32767 10 32767 43 
62 96 37 81 11 80 46 35 74 60 20 98 24 32767 31 85 54 54 22 32767 10 32767 42 46 
95 32767 15 32767 86 18 32767 100 64 18 97 48 18 29 32767 32767 83 74 32767 31 32767 42 32767 99 
55 9 32767 48 7 32767 26 32767 31 32767 32767 20 87 38 32767 32767 34 32767 89 32767 43 46 99 32767 
EOF