DIMENSION: 9
EDGE_WEIGHT_TYPE: EXPLICIT
EDGE_WEIGHT_FORMAT: FULL_MATRIX
EDGE_WEIGHT_SECTION:
32767 32767 39 13 81 32767 37 3 32767 
32767 32767 70 32767 23 32767 54 26 32767 
39 70 32767 16 46 32767 32767 43 4 
13 32767 16 32767 32767 64 64 51 74 
81 23 46 32767 32767 46 32767 10 15 
32767 32767 32767 64 46 32767 71 66 32767 
37 54 32767 64 32767 71 32767 33 95 
3 26 43 51 10 66 33 32767 46 
32767 32767 4 74 15 32767 95 46 32767 
EOF