DIMENSION: 9
EDGE_WEIGHT_TYPE: EXPLICIT
EDGE_WEIGHT_FORMAT: FULL_MATRIX
EDGE_WEIGHT_SECTION:
32767 86 86 63 38 32767 1 4 45 
86 32767 31 24 52 32767 53 56 20 
86 31 32767 29 43 100 58 67 9 
63 24 29 32767 48 74 90 57 32767 
38 52 43 48 32767 43 9 5 35 
32767 32767 100 74 43 32767 64 12 99 
1 53 58 90 9 64 32767 43 83 
4 56 67 57 5 12 43 32767 44 
45 20 9 32767 35 99 83 44 32767 
EOF