DIMENSION: 9
EDGE_WEIGHT_TYPE: EXPLICIT
EDGE_WEIGHT_FORMAT: FULL_MATRIX
EDGE_WEIGHT_SECTION:
32767 82 82 32767 50 87 32767 43 18 
82 32767 32767 56 34 94 83 3 51 
82 32767 32767 92 32767 61 40 57 43 
32767 56 92 32767 12 21 86 32767 7 
50 34 32767 12 32767 63 2 27 9 
87 94 61 21 63 32767 76 8 93 
32767 83 40 86 2 76 32767 32767 57 
43 3 57 32767 27 8 32767 32767 73 
18 51 43 7 9 93 57 73 32767 
EOF