DIMENSION: 20
EDGE_WEIGHT_TYPE: EXPLICIT
EDGE_WEIGHT_FORMAT: FULL_MATRIX
EDGE_WEIGHT_SECTION:
32767 48 80 13 11 16 31 32767 79 73 40 71 32767 32767 9 33 59 54 43 58 
48 32767 31 11 58 81 51 53 77 26 32767 48 16 97 32767 92 38 28 35 32767 
80 31 32767 46 94 89 52 94 32767 38 73 99 12 32767 15 29 1 55 49 84 
13 11 46 32767 32767 77 32767 18 10 24 48 61 73 32767 32767 38 88 49 32 35 
11 58 94 32767 32767 67 26 46 1 70 26 51 67 69 12 68 32767 55 97 51 
16 81 89 77 67 32767 29 70 8 44 12 2 83 24 65 28 32767 54 51 81 
31 51 52 32767 26 29 32767 50 20 2 22 61 95 45 94 32767 91 46 32 62 
32767 53 94 18 46 70 50 32767 78 32 32767 1 42 32 32767 6 32767 38 77 44 
79 77 32767 10 1 8 20 78 32767 32767 82 97 19 3 8 68 11 43 77 26 
73 26 38 24 70 44 2 32 32767 32767 32767 31 23 56 32767 51 32767 84 1 59 
40 32767 73 48 26 12 22 32767 82 32767 32767 64 39 32767 30 94 32767 70 72 75 
71 48 99 61 51 2 61 1 97 31 64 32767 56 74 52 62 83 32767 35 78 
32767 16 12 73 67 83 95 42 19 23 39 56 32767 23 4 27 32767 72 32767 41 
32767 97 32767 32767 69 24 45 32 3 56 32767 74 23 32767 45 20 36 23 24 32767 
9 32767 15 32767 12 65 94 32767 8 32767 30 52 4 45 32767 51 9 17 47 32767 
33 92 29 38 68 28 32767 6 68 51 94 62 27 20 51 32767 15 11 32767 85 
59 38 1 88 32767 32767 91 32767 11 32767 32767 83 32767 36 9 15 32767 26 4 32767 
54 28 55 49 55 54 46 38 43 84 70 32767 72 23 17 11 26 32767 36 51 
43 35 49 32 97 51 32 77 77 1 72 35 32767 24 47 32767 4 36 32767 15 
58 32767 84 35 51 81 62 44 26 59 75 78 41 32767 32767 85 32767 51 15 32767 
EOF