DIMENSION: 20
EDGE_WEIGHT_TYPE: EXPLICIT
EDGE_WEIGHT_FORMAT: FULL_MATRIX
EDGE_WEIGHT_SECTION:
32767 35 4 35 32767 41 32767 65 64 50 32767 32767 26 32767 48 12 32767 32767 80 32767 
35 32767 21 27 32767 13 32767 53 89 32767 32767 92 33 82 9 58 83 51 12 64 
4 21 32767 49 59 3 32767 7 79 93 20 67 32767 76 40 32767 32767 65 8 8 
35 27 49 32767 11 13 55 18 73 32767 32767 32767 9 49 32767 70 13 87 35 14 
32767 32767 59 11 32767 31 17 29 32767 32767 47 28 96 71 11 32767 37 79 94 76 
41 13 3 13 31 32767 74 70 61 36 71 14 62 82 32767 36 48 96 34 34 
32767 32767 32767 55 17 74 32767 22 51 51 100 41 57 32767 72 18 32767 51 32767 86 
65 53 7 18 29 70 22 32767 37 14 16 30 64 32767 94 21 25 32767 32767 57 
64 89 79 73 32767 61 51 37 32767 4 32767 32767 65 4 12 32767 95 38 28 4 
50 32767 93 32767 32767 36 51 14 4 32767 72 88 32767 84 32767 74 89 92 52 72 
32767 32767 20 32767 47 71 100 16 32767 72 32767 32767 32767 89 71 45 97 26 66 96 
32767 92 67 32767 28 14 41 30 32767 88 32767 32767 28 88 43 72 32767 32767 32767 32767 
26 33 32767 9 96 62 57 64 65 32767 32767 28 32767 46 69 32767 58 55 83 88 
32767 82 76 49 71 82 32767 32767 4 84 89 88 46 32767 32767 32767 23 35 67 14 
48 9 40 32767 11 32767 72 94 12 32767 71 43 69 32767 32767 91 21 68 10 81 
12 58 32767 70 32767 36 18 21 32767 74 45 72 32767 32767 91 32767 28 1 50 76 
32767 83 32767 13 37 48 32767 25 95 89 97 32767 58 23 21 28 32767 72 41 7 
32767 51 65 87 79 96 51 32767 38 92 26 32767 55 35 68 1 72 32767 32767 93 
80 12 8 35 94 34 32767 32767 28 52 66 32767 83 67 10 50 41 32767 32767 67 
32767 64 8 14 76 34 86 57 4 72 96 32767 88 14 81 76 7 93 67 32767 
EOF