DIMENSION: 20
EDGE_WEIGHT_TYPE: EXPLICIT
EDGE_WEIGHT_FORMAT: FULL_MATRIX
EDGE_WEIGHT_SECTION:
32767 12 80 4 74 3 44 74 63 22 20 78 26 32767 6 32767 32767 50 63 46 
12 32767 90 90 37 32767 32767 99 54 61 32767 50 32767 32767 42 32 53 70 98 16 
80 90 32767 98 3 38 32767 30 32767 35 95 32767 44 2 66 1 36 60 32767 68 
4 90 98 32767 95 71 32767 61 32767 32767 7 28 32767 69 59 25 58 29 32767 32767 
74 37 3 95 32767 8 97 69 43 93 4 32767 32767 27 72 56 83 32767 8 42 
3 32767 38 71 8 32767 22 9 32767 8 22 77 20 99 89 19 32767 42 19 32767 
44 32767 32767 32767 97 22 32767 85 16 62 51 42 98 20 78 32767 49 85 5 93 
74 99 30 61 69 9 85 32767 21 50 71 75 26 1 32767 3 93 32767 32767 72 
63 54 32767 32767 43 32767 16 21 32767 12 79 95 83 97 32767 32767 3 5 88 38 
22 61 35 32767 93 8 62 50 12 32767 44 49 96 99 57 32767 68 57 32767 9 
20 32767 95 7 4 22 51 71 79 44 32767 28 34 91 32767 95 3 90 32767 85 
78 50 32767 28 32767 77 42 75 95 49 28 32767 31 91 81 54 14 32767 32767 32767 
26 32767 44 32767 32767 20 98 26 83 96 34 31 32767 25 88 32767 90 32767 52 32767 
32767 32767 2 69 27 99 20 1 97 99 91 91 25 32767 54 50 87 97 18 2 
6 42 66 59 72 89 78 32767 32767 57 32767 81 88 54 32767 85 58 91 60 49 
32767 32 1 25 56 19 32767 3 32767 32767 95 54 32767 50 85 32767 43 71 4 84 
32767 53 36 58 83 32767 49 93 3 68 3 14 90 87 58 43 32767 91 74 88 
50 70 60 29 32767 42 85 32767 5 57 90 32767 32767 97 91 71 91 32767 77 32767 
63 98 32767 32767 8 19 5 32767 88 32767 32767 32767 52 18 60 4 74 77 32767 47 
46 16 68 32767 42 32767 93 72 38 9 85 32767 32767 2 49 84 88 32767 47 32767 
EOF