DIMENSION: 20
EDGE_WEIGHT_TYPE: EXPLICIT
EDGE_WEIGHT_FORMAT: FULL_MATRIX
EDGE_WEIGHT_SECTION:
32767 32767 56 73 32767 4 32767 42 75 32767 48 50 36 73 39 89 87 89 6 14 
32767 32767 62 32767 17 32767 58 54 10 51 23 53 78 32767 18 24 99 85 42 1 
56 62 32767 5 13 32767 32767 38 11 35 61 26 2 44 79 50 48 69 32767 21 
73 32767 5 32767 2 3 14 32767 32767 14 33 72 61 58 74 59 29 88 32767 28 
32767 17 13 2 32767 28 17 32767 54 32767 76 37 12 32767 68 93 63 9 59 32767 
4 32767 32767 3 28 32767 46 32767 32767 18 95 16 88 89 76 54 47 32767 32767 61 
32767 58 32767 14 17 46 32767 44 43 85 32767 82 32767 59 45 88 66 60 94 30 
42 54 38 32767 32767 32767 44 32767 32767 29 32 76 53 13 39 99 33 30 92 26 
75 10 11 32767 54 32767 43 32767 32767 100 32767 5 32767 87 32767 15 58 38 76 39 
32767 51 35 14 32767 18 85 29 100 32767 81 95 66 34 34 30 67 32767 71 32767 
48 23 61 33 76 95 32767 32 32767 81 32767 32767 32767 30 36 46 14 16 70 32767 
50 53 26 72 37 16 82 76 5 95 32767 32767 17 3 34 43 84 67 38 47 
36 78 2 61 12 88 32767 53 32767 66 32767 17 32767 32767 32767 75 8 66 74 47 
73 32767 44 58 32767 89 59 13 87 34 30 3 32767 32767 60 63 94 32767 79 80 
39 18 79 74 68 76 45 39 32767 34 36 34 32767 60 32767 6 32767 32767 52 20 
89 24 50 59 93 54 88 99 15 30 46 43 75 63 6 32767 83 70 51 67 
87 99 48 29 63 47 66 33 58 67 14 84 8 94 32767 83 32767 8 29 32767 
89 85 69 88 9 32767 60 30 38 32767 16 67 66 32767 32767 70 8 32767 75 44 
6 42 32767 32767 59 32767 94 92 76 71 70 38 74 79 52 51 29 75 32767 16 
14 1 21 28 32767 61 30 26 39 32767 32767 47 47 80 20 67 32767 44 16 32767 
EOF