DIMENSION: 20
EDGE_WEIGHT_TYPE: EXPLICIT
EDGE_WEIGHT_FORMAT: FULL_MATRIX
EDGE_WEIGHT_SECTION:
32767 14 24 32767 73 32 32767 86 82 54 51 58 85 32767 23 29 96 86 69 46 
14 32767 69 59 98 37 75 62 14 67 18 28 36 81 32767 66 83 98 64 15 
24 69 32767 32767 7 24 66 94 32767 32767 1 42 79 87 11 32767 32767 83 64 35 
32767 59 32767 32767 32767 32767 46 4 92 32767 37 29 100 32767 79 70 5 66 47 100 
73 98 7 32767 32767 39 93 32767 90 90 92 73 62 77 20 44 40 22 32767 2 
32 37 24 32767 39 32767 79 33 32767 77 32767 32767 7 33 26 27 10 53 25 98 
32767 75 66 46 93 79 32767 57 88 20 17 42 61 43 40 51 99 28 16 32 
86 62 94 4 32767 33 57 32767 22 63 72 38 57 69 32767 63 32767 32 80 100 
82 14 32767 92 90 32767 88 22 32767 94 59 75 14 93 13 54 78 32767 86 16 
54 67 32767 32767 90 77 20 63 94 32767 83 19 62 11 32767 93 18 55 28 1 
51 18 1 37 92 32767 17 72 59 83 32767 3 79 2 98 32767 48 55 42 62 
58 28 42 29 73 32767 42 38 75 19 3 32767 95 90 17 84 25 99 28 47 
85 36 79 100 62 7 61 57 14 62 79 95 32767 32767 2 55 32767 32767 98 32767 
32767 81 87 32767 77 33 43 69 93 11 2 90 32767 32767 32 32767 45 73 46 85 
23 32767 11 79 20 26 40 32767 13 32767 98 17 2 32 32767 23 32767 32767 5 29 
29 66 32767 70 44 27 51 63 54 93 32767 84 55 32767 23 32767 32767 22 84 32767 
96 83 32767 5 40 10 99 32767 78 18 48 25 32767 45 32767 32767 32767 34 32 18 
86 98 83 66 22 53 28 32 32767 55 55 99 32767 73 32767 22 34 32767 32767 68 
69 64 64 47 32767 25 16 80 86 28 42 28 98 46 5 84 32 32767 32767 60 
46 15 35 100 2 98 32 100 16 1 62 47 32767 85 29 32767 18 68 60 32767 
EOF