DIMENSION: 20
EDGE_WEIGHT_TYPE: EXPLICIT
EDGE_WEIGHT_FORMAT: FULL_MATRIX
EDGE_WEIGHT_SECTION:
32767 96 49 32767 3 9 64 43 74 26 82 32767 9 70 89 95 87 18 68 84 
96 32767 20 55 87 55 74 32767 90 53 32767 87 32767 27 11 32767 59 41 12 71 
49 20 32767 47 96 32767 2 99 79 50 19 17 66 91 73 38 32767 67 14 32767 
32767 55 47 32767 12 61 32767 62 32767 73 78 48 23 65 11 68 32767 32767 1 24 
3 87 96 12 32767 11 48 26 18 22 32767 46 83 72 91 46 32767 32767 49 32767 
9 55 32767 61 11 32767 32767 84 81 19 66 32767 26 32767 99 32767 32767 95 64 58 
64 74 2 32767 48 32767 32767 32767 4 54 36 19 73 25 98 8 90 56 31 74 
43 32767 99 62 26 84 32767 32767 32767 51 41 43 63 51 16 41 59 84 17 9 
74 90 79 32767 18 81 4 32767 32767 94 32767 32767 24 46 65 32767 5 33 18 51 
26 53 50 73 22 19 54 51 94 32767 29 80 32767 99 32767 15 57 16 32767 88 
82 32767 19 78 32767 66 36 41 32767 29 32767 80 73 33 100 32767 32767 32767 8 49 
32767 87 17 48 46 32767 19 43 32767 80 80 32767 92 23 26 32767 92 47 32767 96 
9 32767 66 23 83 26 73 63 24 32767 73 92 32767 24 85 96 93 31 5 90 
70 27 91 65 72 32767 25 51 46 99 33 23 24 32767 85 51 17 14 71 32767 
89 11 73 11 91 99 98 16 65 32767 100 26 85 85 32767 39 32767 74 32767 32767 
95 32767 38 68 46 32767 8 41 32767 15 32767 32767 96 51 39 32767 32767 91 32767 23 
87 59 32767 32767 32767 32767 90 59 5 57 32767 92 93 17 32767 32767 32767 21 86 35 
18 41 67 32767 32767 95 56 84 33 16 32767 47 31 14 74 91 21 32767 40 16 
68 12 14 1 49 64 31 17 18 32767 8 32767 5 71 32767 32767 86 40 32767 46 
84 71 32767 24 32767 58 74 9 51 88 49 96 90 32767 32767 23 35 16 46 32767 
EOF