DIMENSION: 20
EDGE_WEIGHT_TYPE: EXPLICIT
EDGE_WEIGHT_FORMAT: FULL_MATRIX
EDGE_WEIGHT_SECTION:
32767 69 68 86 25 65 36 52 32767 55 74 22 98 7 32767 94 42 88 29 62 
69 32767 50 15 73 56 81 79 32767 14 31 91 100 82 32767 83 23 19 81 26 
68 50 32767 33 97 22 43 98 65 50 32767 38 50 50 6 86 80 1 32767 47 
86 15 33 32767 96 71 76 20 32 11 62 71 41 36 99 40 32767 13 26 32767 
25 73 97 96 32767 57 64 25 92 11 31 56 32767 78 5 32767 7 65 92 32767 
65 56 22 71 57 32767 63 72 24 95 5 94 96 32767 69 27 2 37 32767 96 
36 81 43 76 64 63 32767 89 41 4 99 86 3 76 14 60 38 30 68 32767 
52 79 98 20 25 72 89 32767 76 44 98 32767 91 32767 32767 36 68 42 53 32767 
32767 32767 65 32 92 24 41 76 32767 18 89 28 8 50 32767 32767 23 24 95 32767 
55 14 50 11 11 95 4 44 18 32767 28 55 100 87 45 9 57 66 78 94 
74 31 32767 62 31 5 99 98 89 28 32767 32767 67 72 36 61 57 62 77 88 
22 91 38 71 56 94 86 32767 28 55 32767 32767 14 47 32767 32767 62 37 63 94 
98 100 50 41 32767 96 3 91 8 100 67 14 32767 31 18 32767 53 64 5 100 
7 82 50 36 78 32767 76 32767 50 87 72 47 31 32767 32767 32767 32 41 62 47 
32767 32767 6 99 5 69 14 32767 32767 45 36 32767 18 32767 32767 32767 32 6 7 83 
94 83 86 40 32767 27 60 36 32767 9 61 32767 32767 32767 32767 32767 62 43 4 29 
42 23 80 32767 7 2 38 68 23 57 57 62 53 32 32 62 32767 32767 66 92 
88 19 1 13 65 37 30 42 24 66 62 37 64 41 6 43 32767 32767 69 46 
29 81 32767 26 92 32767 68 53 95 78 77 63 5 62 7 4 66 69 32767 82 
62 26 47 32767 32767 96 32767 32767 32767 94 88 94 100 47 83 29 92 46 82 32767 
EOF