DIMENSION: 20
EDGE_WEIGHT_TYPE: EXPLICIT
EDGE_WEIGHT_FORMAT: FULL_MATRIX
EDGE_WEIGHT_SECTION:
32767 32767 90 32767 58 94 18 62 99 39 75 2 16 30 53 67 50 30 48 91 
32767 32767 32767 36 1 21 82 69 62 65 32767 69 1 12 85 77 43 50 33 21 
90 32767 32767 37 63 84 35 59 12 6 39 6 32767 90 32767 8 79 43 41 54 
32767 36 37 32767 17 44 13 100 69 7 32767 97 100 58 32767 61 32767 91 66 50 
58 1 63 17 32767 32767 32767 32767 74 32767 39 51 25 19 60 32767 60 89 80 53 
94 21 84 44 32767 32767 32767 62 96 47 90 28 98 32767 32767 78 13 93 64 84 
18 82 35 13 32767 32767 32767 32767 36 64 62 2 2 32767 56 25 18 52 21 81 
62 69 59 100 32767 62 32767 32767 77 32767 92 89 12 32 15 32767 32767 74 80 94 
99 62 12 69 74 96 36 77 32767 25 3 79 32767 60 51 96 80 44 7 35 
39 65 6 7 32767 47 64 32767 25 32767 86 71 54 85 51 32767 31 79 14 68 
75 32767 39 32767 39 90 62 92 3 86 32767 32767 32767 32 35 50 85 20 57 41 
2 69 6 97 51 28 2 89 79 71 32767 32767 32767 50 10 67 31 32767 32767 55 
16 1 32767 100 25 98 2 12 32767 54 32767 32767 32767 59 14 32767 32767 100 69 85 
30 12 90 58 19 32767 32767 32 60 85 32 50 59 32767 56 97 47 11 55 49 
53 85 32767 32767 60 32767 56 15 51 51 35 10 14 56 32767 62 62 21 50 7 
67 77 8 61 32767 78 25 32767 96 32767 50 67 32767 97 62 32767 96 32767 95 2 
50 43 79 32767 60 13 18 32767 80 31 85 31 32767 47 62 96 32767 16 87 90 
30 50 43 91 89 93 52 74 44 79 20 32767 100 11 21 32767 16 32767 32767 47 
48 33 41 66 80 64 21 80 7 14 57 32767 69 55 50 95 87 32767 32767 68 
91 21 54 50 53 84 81 94 35 68 41 55 85 49 7 2 90 47 68 32767 
EOF