DIMENSION: 20
EDGE_WEIGHT_TYPE: EXPLICIT
EDGE_WEIGHT_FORMAT: FULL_MATRIX
EDGE_WEIGHT_SECTION:
32767 22 77 95 44 86 73 21 40 34 79 34 34 32767 30 7 29 5 20 32767 
22 32767 32767 32767 45 20 7 17 61 32767 32767 48 46 85 11 25 89 2 32767 23 
77 32767 32767 32767 91 76 54 54 79 71 9 89 51 73 85 6 21 91 82 1 
95 32767 32767 32767 14 32767 19 91 87 32767 32767 17 44 32767 20 91 32767 96 17 72 
44 45 91 14 32767 89 79 19 98 66 77 49 59 13 88 74 32767 30 80 47 
86 20 76 32767 89 32767 34 75 3 56 32767 45 32767 21 32767 32767 32767 41 40 13 
73 7 54 19 79 34 32767 32767 45 92 56 10 62 27 22 75 32767 47 50 32767 
21 17 54 91 19 75 32767 32767 8 1 52 42 41 32767 32 17 23 32767 6 49 
40 61 79 87 98 3 45 8 32767 32767 23 99 73 46 32767 32767 85 32767 64 76 
34 32767 71 32767 66 56 92 1 32767 32767 66 87 32767 59 11 6 40 14 73 82 
79 32767 9 32767 77 32767 56 52 23 66 32767 12 32767 70 67 45 32767 32767 38 9 
34 48 89 17 49 45 10 42 99 87 12 32767 82 32767 82 26 32767 18 82 32767 
34 46 51 44 59 32767 62 41 73 32767 32767 82 32767 32767 13 9 32767 78 41 24 
32767 85 73 32767 13 21 27 32767 46 59 70 32767 32767 32767 25 59 55 9 69 91 
30 11 85 20 88 32767 22 32 32767 11 67 82 13 25 32767 28 63 93 99 58 
7 25 6 91 74 32767 75 17 32767 6 45 26 9 59 28 32767 98 17 80 14 
29 89 21 32767 32767 32767 32767 23 85 40 32767 32767 32767 55 63 98 32767 31 1 17 
5 2 91 96 30 41 47 32767 32767 14 32767 18 78 9 93 17 31 32767 23 75 
20 32767 82 17 80 40 50 6 64 73 38 82 41 69 99 80 1 23 32767 66 
32767 23 1 72 47 13 32767 49 76 82 9 32767 24 91 58 14 17 75 66 32767 
EOF