DIMENSION: 20
EDGE_WEIGHT_TYPE: EXPLICIT
EDGE_WEIGHT_FORMAT: FULL_MATRIX
EDGE_WEIGHT_SECTION:
32767 60 19 91 39 54 66 43 10 49 32767 16 60 79 26 3 32767 30 32767 32767 
60 32767 92 78 25 56 89 31 32767 32767 52 32767 54 89 77 76 32767 59 32767 71 
19 92 32767 73 90 32767 72 32767 60 69 19 13 97 88 50 100 96 35 1 21 
91 78 73 32767 32767 10 30 37 93 41 32767 40 87 32767 75 33 72 86 32767 93 
39 25 90 32767 32767 52 68 27 32767 32767 83 4 26 44 22 5 32767 77 99 45 
54 56 32767 10 52 32767 32767 92 32767 32767 32767 5 32767 51 32767 33 33 9 32767 32767 
66 89 72 30 68 32767 32767 63 82 32767 58 95 100 5 9 86 46 23 11 80 
43 31 32767 37 27 92 63 32767 37 51 32767 32767 40 9 37 61 80 12 51 25 
10 32767 60 93 32767 32767 82 37 32767 73 53 65 99 57 32767 59 42 7 94 70 
49 32767 69 41 32767 32767 32767 51 73 32767 26 43 63 87 32767 75 71 1 32767 32767 
32767 52 19 32767 83 32767 58 32767 53 26 32767 32767 51 72 56 95 95 79 55 68 
16 32767 13 40 4 5 95 32767 65 43 32767 32767 41 32767 27 23 70 32767 32767 32767 
60 54 97 87 26 32767 100 40 99 63 51 41 32767 25 61 66 36 32767 82 42 
79 89 88 32767 44 51 5 9 57 87 72 32767 25 32767 32767 58 21 24 6 40 
26 77 50 75 22 32767 9 37 32767 32767 56 27 61 32767 32767 72 43 75 47 94 
3 76 100 33 5 33 86 61 59 75 95 23 66 58 72 32767 78 42 31 32767 
32767 32767 96 72 32767 33 46 80 42 71 95 70 36 21 43 78 32767 18 19 40 
30 59 35 86 77 9 23 12 7 1 79 32767 32767 24 75 42 18 32767 55 21 
32767 32767 1 32767 99 32767 11 51 94 32767 55 32767 82 6 47 31 19 55 32767 32767 
32767 71 21 93 45 32767 80 25 70 32767 68 32767 42 40 94 32767 40 21 32767 32767 
EOF