DIMENSION: 22
EDGE_WEIGHT_TYPE: EXPLICIT
EDGE_WEIGHT_FORMAT: FULL_MATRIX
EDGE_WEIGHT_SECTION:
32767 12 36 75 69 70 25 93 32767 36 23 26 32767 32767 67 62 65 49 59 95 32767 95 
12 32767 55 32767 80 62 28 86 87 32767 91 60 27 22 83 32 76 3 79 37 32767 88 
36 55 32767 55 57 69 55 33 22 32767 57 71 97 18 32767 72 29 82 16 84 37 15 
75 32767 55 32767 32767 32767 32767 67 41 38 72 87 66 91 28 45 32767 72 43 46 47 32767 
69 80 57 32767 32767 81 6 72 56 32767 79 84 87 40 32767 28 75 22 43 95 32767 32767 
70 62 69 32767 81 32767 11 86 7 65 18 92 94 32767 32767 81 4 82 32767 3 2 75 
25 28 55 32767 6 11 32767 59 36 17 25 68 32767 78 38 70 32767 50 11 31 68 32767 
93 86 33 67 72 86 59 32767 21 46 32767 26 44 37 71 5 32767 32767 55 4 32767 53 
32767 87 22 41 56 7 36 21 32767 24 48 81 35 100 32767 25 84 3 35 28 91 25 
36 32767 32767 38 32767 65 17 46 24 32767 19 32767 84 82 46 74 64 31 92 88 17 4 
23 91 57 72 79 18 25 32767 48 19 32767 42 20 67 9 1 27 73 94 32767 19 3 
26 60 71 87 84 92 68 26 81 32767 42 32767 32767 66 63 23 11 71 2 88 73 32767 
32767 27 97 66 87 94 32767 44 35 84 20 32767 32767 32767 37 61 19 78 73 32767 3 81 
32767 22 18 91 40 32767 78 37 100 82 67 66 32767 32767 67 98 48 20 28 91 32767 32767 
67 83 32767 28 32767 32767 38 71 32767 46 9 63 37 67 32767 80 32767 91 83 24 18 87 
62 32 72 45 28 81 70 5 25 74 1 23 61 98 80 32767 32767 92 32767 32767 99 59 
65 76 29 32767 75 4 32767 32767 84 64 27 11 19 48 32767 32767 32767 1 32767 29 38 77 
49 3 82 72 22 82 50 32767 3 31 73 71 78 20 91 92 1 32767 59 50 56 10 
59 79 16 43 43 32767 11 55 35 92 94 2 73 28 83 32767 32767 59 32767 95 32767 32767 
95 37 84 46 95 3 31 4 28 88 32767 88 32767 91 24 32767 29 50 95 32767 60 25 
32767 32767 37 47 32767 2 68 32767 91 17 19 73 3 32767 18 99 38 56 32767 60 32767 59 
95 88 15 32767 32767 75 32767 53 25 4 3 32767 81 32767 87 59 77 10 32767 25 59 32767 
EOF