DIMENSION: 22
EDGE_WEIGHT_TYPE: EXPLICIT
EDGE_WEIGHT_FORMAT: FULL_MATRIX
EDGE_WEIGHT_SECTION:
32767 46 61 73 14 100 13 43 32767 16 74 82 40 55 100 13 58 18 32767 85 63 14 
46 32767 32767 32767 32767 23 32767 39 20 49 46 84 36 8 30 78 32767 32767 32767 32767 64 57 
61 32767 32767 32767 79 19 57 45 35 11 32767 6 29 66 79 48 32767 73 72 59 79 33 
73 32767 32767 32767 13 32767 9 68 65 91 49 34 76 32767 23 32767 47 32767 9 58 19 83 
14 32767 79 13 32767 31 92 32767 74 74 23 34 40 32767 52 32767 24 67 90 76 20 59 
100 23 19 32767 31 32767 49 95 11 86 35 62 17 32767 88 32767 32767 79 32767 45 98 61 
13 32767 57 9 92 49 32767 38 72 32767 18 60 32767 95 68 32767 84 21 63 1 32767 1 
43 39 45 68 32767 95 38 32767 13 32767 73 32767 32767 32767 83 6 51 63 16 5 13 81 
32767 20 35 65 74 11 72 13 32767 27 32767 20 88 7 32767 31 13 32767 47 48 19 65 
16 49 11 91 74 86 32767 32767 27 32767 9 73 59 32767 94 16 86 68 20 9 32767 32767 
74 46 32767 49 23 35 18 73 32767 9 32767 27 20 32767 70 40 33 32767 57 39 19 11 
82 84 6 34 34 62 60 32767 20 73 27 32767 13 48 32767 68 50 93 47 43 39 32767 
40 36 29 76 40 17 32767 32767 88 59 20 13 32767 32767 32767 32767 32767 82 99 94 5 32767 
55 8 66 32767 32767 32767 95 32767 7 32767 32767 48 32767 32767 69 55 41 37 43 65 21 32767 
100 30 79 23 52 88 68 83 32767 94 70 32767 32767 69 32767 11 43 32767 36 58 32767 30 
13 78 48 32767 32767 32767 32767 6 31 16 40 68 32767 55 11 32767 85 85 54 47 29 32767 
58 32767 32767 47 24 32767 84 51 13 86 33 50 32767 41 43 85 32767 71 19 55 32767 40 
18 32767 73 32767 67 79 21 63 32767 68 32767 93 82 37 32767 85 71 32767 24 32767 32767 69 
32767 32767 72 9 90 32767 63 16 47 20 57 47 99 43 36 54 19 24 32767 9 25 34 
85 32767 59 58 76 45 1 5 48 9 39 43 94 65 58 47 55 32767 9 32767 32767 70 
63 64 79 19 20 98 32767 13 19 32767 19 39 5 21 32767 29 32767 32767 25 32767 32767 28 
14 57 33 83 59 61 1 81 65 32767 11 32767 32767 32767 30 32767 40 69 34 70 28 32767 
EOF