DIMENSION: 22
EDGE_WEIGHT_TYPE: EXPLICIT
EDGE_WEIGHT_FORMAT: FULL_MATRIX
EDGE_WEIGHT_SECTION:
32767 38 17 50 52 13 8 32767 30 26 86 13 47 32767 32767 44 2 23 6 32767 32767 95 
38 32767 37 94 37 24 59 48 58 73 97 39 13 12 20 32767 65 27 43 38 32767 56 
17 37 32767 59 32767 6 26 86 14 20 93 68 31 63 32767 89 32 33 85 40 58 100 
50 94 59 32767 32 8 82 85 32767 48 63 94 29 14 18 4 46 32 2 40 70 31 
52 37 32767 32 32767 90 19 49 37 47 37 68 32767 32767 64 78 45 49 99 21 47 32767 
13 24 6 8 90 32767 88 25 32767 32767 32767 32767 40 20 57 12 36 32767 45 32767 45 77 
8 59 26 82 19 88 32767 32 82 3 54 88 72 5 84 78 48 84 54 32767 15 24 
32767 48 86 85 49 25 32 32767 32767 7 61 32767 15 43 32767 32767 17 24 78 5 32767 32767 
30 58 14 32767 37 32767 82 32767 32767 5 51 60 45 89 41 68 86 32767 28 89 44 70 
26 73 20 48 47 32767 3 7 5 32767 9 80 17 86 75 9 39 32767 32767 84 14 61 
86 97 93 63 37 32767 54 61 51 9 32767 57 27 86 76 45 26 66 1 91 97 18 
13 39 68 94 68 32767 88 32767 60 80 57 32767 43 84 76 32767 36 50 74 64 70 40 
47 13 31 29 32767 40 72 15 45 17 27 43 32767 99 23 17 83 32767 32767 13 28 94 
32767 12 63 14 32767 20 5 43 89 86 86 84 99 32767 89 99 90 3 93 59 32767 98 
32767 20 32767 18 64 57 84 32767 41 75 76 76 23 89 32767 39 45 32767 32767 65 93 41 
44 32767 89 4 78 12 78 32767 68 9 45 32767 17 99 39 32767 30 49 95 85 32 25 
2 65 32 46 45 36 48 17 86 39 26 36 83 90 45 30 32767 77 32767 90 3 25 
23 27 33 32 49 32767 84 24 32767 32767 66 50 32767 3 32767 49 77 32767 5 1 23 70 
6 43 85 2 99 45 54 78 28 32767 1 74 32767 93 32767 95 32767 5 32767 69 3 32767 
32767 38 40 40 21 32767 32767 5 89 84 91 64 13 59 65 85 90 1 69 32767 89 32767 
32767 32767 58 70 47 45 15 32767 44 14 97 70 28 32767 93 32 3 23 3 89 32767 74 
95 56 100 31 32767 77 24 32767 70 61 18 40 94 98 41 25 25 70 32767 32767 74 32767 
EOF