DIMENSION: 22
EDGE_WEIGHT_TYPE: EXPLICIT
EDGE_WEIGHT_FORMAT: FULL_MATRIX
EDGE_WEIGHT_SECTION:
32767 61 32767 12 9 9 49 28 32767 97 64 94 32767 89 43 37 48 8 98 8 32767 68 
61 32767 40 56 79 67 32767 82 32767 97 96 32767 72 96 77 21 86 86 48 56 49 78 
32767 40 32767 88 7 34 18 32767 21 32 9 89 22 100 99 2 23 92 78 32767 34 1 
12 56 88 32767 60 70 39 55 42 39 32767 52 31 24 46 84 90 32767 70 71 14 40 
9 79 7 60 32767 54 17 81 32767 20 32767 23 24 32767 7 32767 32767 58 4 1 57 64 
9 67 34 70 54 32767 62 32767 92 4 76 32767 32767 64 62 42 32767 64 32767 73 32767 7 
49 32767 18 39 17 62 32767 88 52 53 53 56 32767 28 23 86 87 25 5 92 5 34 
28 82 32767 55 81 32767 88 32767 22 34 32767 37 32 84 10 32767 32767 57 40 74 18 42 
32767 32767 21 42 32767 92 52 22 32767 97 95 32767 89 93 70 11 43 40 32767 26 18 38 
97 97 32 39 20 4 53 34 97 32767 80 47 32767 40 13 82 18 59 32767 32767 32767 59 
64 96 9 32767 32767 76 53 32767 95 80 32767 16 76 24 98 32767 35 32767 50 66 32767 32767 
94 32767 89 52 23 32767 56 37 32767 47 16 32767 30 87 93 65 9 32767 67 95 32767 95 
32767 72 22 31 24 32767 32767 32 89 32767 76 30 32767 11 47 79 18 96 45 88 62 32 
89 96 100 24 32767 64 28 84 93 40 24 87 11 32767 34 61 32767 41 32767 35 31 95 
43 77 99 46 7 62 23 10 70 13 98 93 47 34 32767 73 93 42 32767 37 74 32 
37 21 2 84 32767 42 86 32767 11 82 32767 65 79 61 73 32767 37 83 42 4 73 32767 
48 86 23 90 32767 32767 87 32767 43 18 35 9 18 32767 93 37 32767 98 35 11 21 74 
8 86 92 32767 58 64 25 57 40 59 32767 32767 96 41 42 83 98 32767 85 27 4 32767 
98 48 78 70 4 32767 5 40 32767 32767 50 67 45 32767 32767 42 35 85 32767 27 32767 63 
8 56 32767 71 1 73 92 74 26 32767 66 95 88 35 37 4 11 27 27 32767 71 3 
32767 49 34 14 57 32767 5 18 18 32767 32767 32767 62 31 74 73 21 4 32767 71 32767 61 
68 78 1 40 64 7 34 42 38 59 32767 95 32 95 32 32767 74 32767 63 3 61 32767 
EOF