DIMENSION: 22
EDGE_WEIGHT_TYPE: EXPLICIT
EDGE_WEIGHT_FORMAT: FULL_MATRIX
EDGE_WEIGHT_SECTION:
32767 46 86 32767 36 32767 99 32767 43 84 32767 17 97 99 32767 68 32767 32767 89 19 53 54 
46 32767 4 92 39 32767 34 32767 62 62 87 5 52 3 38 37 11 38 24 32767 15 95 
86 4 32767 100 32767 44 29 47 34 61 27 14 11 32767 21 13 15 44 32767 90 46 86 
32767 92 100 32767 10 32767 56 32767 11 32767 32767 60 6 84 43 46 41 74 32767 64 98 32767 
36 39 32767 10 32767 39 20 49 16 96 32767 56 57 32767 90 32767 35 65 32767 85 38 86 
32767 32767 44 32767 39 32767 59 14 8 29 32767 76 76 77 8 21 52 32767 17 32767 1 32767 
99 34 29 56 20 59 32767 6 32767 32767 91 93 32767 21 8 86 79 66 89 63 45 57 
32767 32767 47 32767 49 14 6 32767 37 21 66 80 32767 50 32767 86 32767 32767 41 79 49 8 
43 62 34 11 16 8 32767 37 32767 34 30 32767 38 47 32767 21 76 32767 52 17 90 32767 
84 62 61 32767 96 29 32767 21 34 32767 34 32767 12 68 82 93 38 32767 75 32767 72 36 
32767 87 27 32767 32767 32767 91 66 30 34 32767 55 79 92 36 32767 16 8 78 32767 32767 64 
17 5 14 60 56 76 93 80 32767 32767 55 32767 30 46 84 32767 47 23 78 73 35 32767 
97 52 11 6 57 76 32767 32767 38 12 79 30 32767 71 32767 86 32767 71 97 81 32767 32767 
99 3 32767 84 32767 77 21 50 47 68 92 46 71 32767 78 61 1 12 26 22 18 89 
32767 38 21 43 90 8 8 32767 32767 82 36 84 32767 78 32767 83 82 96 6 87 41 32767 
68 37 13 46 32767 21 86 86 21 93 32767 32767 86 61 83 32767 25 95 89 6 19 21 
32767 11 15 41 35 52 79 32767 76 38 16 47 32767 1 82 25 32767 23 33 32767 32767 85 
32767 38 44 74 65 32767 66 32767 32767 32767 8 23 71 12 96 95 23 32767 99 19 32 33 
89 24 32767 32767 32767 17 89 41 52 75 78 78 97 26 6 89 33 99 32767 29 51 79 
19 32767 90 64 85 32767 63 79 17 32767 32767 73 81 22 87 6 32767 19 29 32767 32767 19 
53 15 46 98 38 1 45 49 90 72 32767 35 32767 18 41 19 32767 32 51 32767 32767 64 
54 95 86 32767 86 32767 57 8 32767 36 64 32767 32767 89 32767 21 85 33 79 19 64 32767 
EOF