DIMENSION: 22
EDGE_WEIGHT_TYPE: EXPLICIT
EDGE_WEIGHT_FORMAT: FULL_MATRIX
EDGE_WEIGHT_SECTION:
32767 70 40 95 32767 76 51 17 100 32767 61 32767 90 43 63 32767 32767 32 15 76 1 32767 
70 32767 49 32767 83 99 32767 99 84 32767 15 54 47 47 80 32767 32767 39 84 33 39 32767 
40 49 32767 74 25 41 63 34 91 7 32767 74 83 26 51 71 55 54 3 32767 65 46 
95 32767 74 32767 31 33 61 100 26 32767 22 97 4 63 85 32 14 21 50 28 59 92 
32767 83 25 31 32767 96 25 43 32767 65 54 27 26 32767 32767 35 60 51 70 70 37 71 
76 99 41 33 96 32767 52 87 32767 94 47 77 92 32767 32767 22 30 41 54 18 3 32767 
51 32767 63 61 25 52 32767 59 83 56 80 14 85 32 32767 64 16 15 40 45 32767 63 
17 99 34 100 43 87 59 32767 32767 60 1 32767 63 4 32767 32767 32767 9 80 67 88 32767 
100 84 91 26 32767 32767 83 32767 32767 2 32767 56 65 37 86 43 26 1 34 32767 32767 32767 
32767 32767 7 32767 65 94 56 60 2 32767 45 23 15 87 97 32767 16 52 91 25 32767 20 
61 15 32767 22 54 47 80 1 32767 45 32767 65 69 83 32767 33 56 32 48 44 45 32767 
32767 54 74 97 27 77 14 32767 56 23 65 32767 13 29 32767 20 100 92 23 85 23 13 
90 47 83 4 26 92 85 63 65 15 69 13 32767 56 32767 87 39 69 32 63 30 32767 
43 47 26 63 32767 32767 32 4 37 87 83 29 56 32767 2 32767 32767 20 17 32767 1 17 
63 80 51 85 32767 32767 32767 32767 86 97 32767 32767 32767 2 32767 32767 24 76 45 32767 32 91 
32767 32767 71 32 35 22 64 32767 43 32767 33 20 87 32767 32767 32767 73 10 95 56 15 76 
32767 32767 55 14 60 30 16 32767 26 16 56 100 39 32767 24 73 32767 72 62 65 75 5 
32 39 54 21 51 41 15 9 1 52 32 92 69 20 76 10 72 32767 47 77 24 20 
15 84 3 50 70 54 40 80 34 91 48 23 32 17 45 95 62 47 32767 26 32767 87 
76 33 32767 28 70 18 45 67 32767 25 44 85 63 32767 32767 56 65 77 26 32767 32767 39 
1 39 65 59 37 3 32767 88 32767 32767 45 23 30 1 32 15 75 24 32767 32767 32767 22 
32767 32767 46 92 71 32767 63 32767 32767 20 32767 13 32767 17 91 76 5 20 87 39 22 32767 
EOF