DIMENSION: 22
EDGE_WEIGHT_TYPE: EXPLICIT
EDGE_WEIGHT_FORMAT: FULL_MATRIX
EDGE_WEIGHT_SECTION:
32767 31 54 20 32767 32767 44 92 41 68 32767 98 43 35 19 97 3 66 52 32767 83 65 
31 32767 28 51 77 32767 32767 35 93 32767 32767 74 32767 1 57 90 32767 93 13 49 4 37 
54 28 32767 99 1 12 32767 5 32767 32767 52 32767 32767 46 59 29 79 4 30 32767 58 14 
20 51 99 32767 37 31 53 32767 79 32767 82 48 44 97 36 9 91 32767 74 4 39 83 
32767 77 1 37 32767 93 57 87 38 20 32767 58 32767 6 24 70 35 32767 60 42 47 40 
32767 32767 12 31 93 32767 32767 22 60 32767 98 64 24 12 78 36 91 56 14 33 21 58 
44 32767 32767 53 57 32767 32767 33 33 13 87 33 94 75 21 78 26 36 97 96 32767 32767 
92 35 5 32767 87 22 33 32767 11 79 32767 63 30 71 39 32767 32767 98 19 23 27 13 
41 93 32767 79 38 60 33 11 32767 32767 62 70 74 29 74 15 27 32 59 57 32767 1 
68 32767 32767 32767 20 32767 13 79 32767 32767 6 56 69 91 82 28 70 78 32767 76 94 9 
32767 32767 52 82 32767 98 87 32767 62 6 32767 71 33 27 32767 5 32767 60 74 16 9 10 
98 74 32767 48 58 64 33 63 70 56 71 32767 82 36 5 95 64 27 73 64 96 55 
43 32767 32767 44 32767 24 94 30 74 69 33 82 32767 100 63 94 3 90 12 32767 99 89 
35 1 46 97 6 12 75 71 29 91 27 36 100 32767 32767 90 27 14 75 2 24 59 
19 57 59 36 24 78 21 39 74 82 32767 5 63 32767 32767 22 32767 16 49 41 33 49 
97 90 29 9 70 36 78 32767 15 28 5 95 94 90 22 32767 41 96 79 90 86 21 
3 32767 79 91 35 91 26 32767 27 70 32767 64 3 27 32767 41 32767 94 90 53 23 58 
66 93 4 32767 32767 56 36 98 32 78 60 27 90 14 16 96 94 32767 32767 58 18 95 
52 13 30 74 60 14 97 19 59 32767 74 73 12 75 49 79 90 32767 32767 71 25 26 
32767 49 32767 4 42 33 96 23 57 76 16 64 32767 2 41 90 53 58 71 32767 32767 49 
83 4 58 39 47 21 32767 27 32767 94 9 96 99 24 33 86 23 18 25 32767 32767 32767 
65 37 14 83 40 58 32767 13 1 9 10 55 89 59 49 21 58 95 26 49 32767 32767 
EOF