DIMENSION: 22
EDGE_WEIGHT_TYPE: EXPLICIT
EDGE_WEIGHT_FORMAT: FULL_MATRIX
EDGE_WEIGHT_SECTION:
32767 21 19 52 49 83 59 11 32767 73 50 3 14 66 16 11 42 6 54 39 32767 91 
21 32767 23 32767 33 42 4 78 71 34 84 3 32767 96 32767 31 44 32767 40 55 11 32767 
19 23 32767 34 55 2 46 22 59 32 54 32767 86 91 32767 11 99 7 83 62 87 8 
52 32767 34 32767 32767 32767 11 84 30 34 37 21 36 64 96 70 32767 4 39 17 30 6 
49 33 55 32767 32767 67 66 32767 33 44 32767 64 32767 60 2 32767 71 32767 26 19 8 32767 
83 42 2 32767 67 32767 32767 83 82 27 17 93 31 76 32767 87 15 50 54 32767 32767 1 
59 4 46 11 66 32767 32767 51 89 60 32767 20 20 88 100 74 29 13 54 28 11 32767 
11 78 22 84 32767 83 51 32767 54 17 39 74 32767 73 84 32767 71 32767 40 36 32767 100 
32767 71 59 30 33 82 89 54 32767 27 73 19 76 91 33 1 79 79 42 57 31 32767 
73 34 32 34 44 27 60 17 27 32767 64 23 52 15 40 79 62 64 32767 45 32767 75 
50 84 54 37 32767 17 32767 39 73 64 32767 23 32767 97 32767 27 32767 42 51 8 92 32767 
3 3 32767 21 64 93 20 74 19 23 23 32767 78 32767 40 32767 97 45 83 32767 5 32767 
14 32767 86 36 32767 31 20 32767 76 52 32767 78 32767 53 7 32767 34 35 50 58 13 23 
66 96 91 64 60 76 88 73 91 15 97 32767 53 32767 32767 62 32767 10 32767 15 68 96 
16 32767 32767 96 2 32767 100 84 33 40 32767 40 7 32767 32767 73 45 32767 28 32767 14 53 
11 31 11 70 32767 87 74 32767 1 79 27 32767 32767 62 73 32767 9 32767 79 32767 83 48 
42 44 99 32767 71 15 29 71 79 62 32767 97 34 32767 45 9 32767 43 83 32767 3 91 
6 32767 7 4 32767 50 13 32767 79 64 42 45 35 10 32767 32767 43 32767 21 63 70 32767 
54 40 83 39 26 54 54 40 42 32767 51 83 50 32767 28 79 83 21 32767 20 19 63 
39 55 62 17 19 32767 28 36 57 45 8 32767 58 15 32767 32767 32767 63 20 32767 69 10 
32767 11 87 30 8 32767 11 32767 31 32767 92 5 13 68 14 83 3 70 19 69 32767 32767 
91 32767 8 6 32767 1 32767 100 32767 75 32767 32767 23 96 53 48 91 32767 63 10 32767 32767 
EOF