DIMENSION: 8
EDGE_WEIGHT_TYPE: EXPLICIT
EDGE_WEIGHT_FORMAT: FULL_MATRIX
EDGE_WEIGHT_SECTION:
32767 39 2 90 32767 70 2 12 
39 32767 48 2 4 92 54 1 
2 48 32767 19 52 85 43 59 
90 2 19 32767 29 97 70 91 
32767 4 52 29 32767 32767 32767 88 
70 92 85 97 32767 32767 15 59 
2 54 43 70 32767 15 32767 62 
12 1 59 91 88 59 62 32767 
EOF