DIMENSION: 8
EDGE_WEIGHT_TYPE: EXPLICIT
EDGE_WEIGHT_FORMAT: FULL_MATRIX
EDGE_WEIGHT_SECTION:
32767 53 57 60 39 68 32767 94 
53 32767 27 13 91 60 99 85 
57 27 32767 93 47 32767 14 32767 
60 13 93 32767 32767 32767 63 76 
39 91 47 32767 32767 83 57 43 
68 60 32767 32767 83 32767 60 73 
32767 99 14 63 57 60 32767 63 
94 85 32767 76 43 73 63 32767 
EOF