DIMENSION: 8
EDGE_WEIGHT_TYPE: EXPLICIT
EDGE_WEIGHT_FORMAT: FULL_MATRIX
EDGE_WEIGHT_SECTION:
32767 5 71 58 16 32767 77 56 
5 32767 32767 66 51 42 24 77 
71 32767 32767 35 35 32767 72 28 
58 66 35 32767 8 6 23 32767 
16 51 35 8 32767 51 32767 3 
32767 42 32767 6 51 32767 52 50 
77 24 72 23 32767 52 32767 86 
56 77 28 32767 3 50 86 32767 
EOF