DIMENSION: 8
EDGE_WEIGHT_TYPE: EXPLICIT
EDGE_WEIGHT_FORMAT: FULL_MATRIX
EDGE_WEIGHT_SECTION:
32767 32767 25 9 22 25 47 36 
32767 32767 48 95 47 50 64 32767 
25 48 32767 32767 31 84 32767 29 
9 95 32767 32767 57 38 93 46 
22 47 31 57 32767 68 18 32767 
25 50 84 38 68 32767 5 79 
47 64 32767 93 18 5 32767 28 
36 32767 29 46 32767 79 28 32767 
EOF