DIMENSION: 10
EDGE_WEIGHT_TYPE: EXPLICIT
EDGE_WEIGHT_FORMAT: FULL_MATRIX
EDGE_WEIGHT_SECTION:
32767 2 8 17 69 77 23 18 73 95 
2 32767 94 64 32767 6 22 78 36 19 
8 94 32767 37 63 1 27 55 21 68 
17 64 37 32767 48 32767 67 44 37 78 
69 32767 63 48 32767 28 31 17 32767 48 
77 6 1 32767 28 32767 96 24 51 21 
23 22 27 67 31 96 32767 32 18 7 
18 78 55 44 17 24 32 32767 97 2 
73 36 21 37 32767 51 18 97 32767 26 
95 19 68 78 48 21 7 2 26 32767 
EOF