DIMENSION: 10
EDGE_WEIGHT_TYPE: EXPLICIT
EDGE_WEIGHT_FORMAT: FULL_MATRIX
EDGE_WEIGHT_SECTION:
32767 8 30 67 26 36 55 1 67 27 
8 32767 93 44 23 12 1 17 6 16 
30 93 32767 40 32767 17 55 9 40 53 
67 44 40 32767 26 37 83 48 87 32767 
26 23 32767 26 32767 28 15 73 67 63 
36 12 17 37 28 32767 80 92 25 62 
55 1 55 83 15 80 32767 78 53 95 
1 17 9 48 73 92 78 32767 100 77 
67 6 40 87 67 25 53 100 32767 32767 
27 16 53 32767 63 62 95 77 32767 32767 
EOF