DIMENSION: 10
EDGE_WEIGHT_TYPE: EXPLICIT
EDGE_WEIGHT_FORMAT: FULL_MATRIX
EDGE_WEIGHT_SECTION:
32767 34 85 100 21 82 63 79 45 70 
34 32767 63 35 32767 44 76 51 97 87 
85 63 32767 32767 60 53 32767 35 46 27 
100 35 32767 32767 48 51 54 69 69 32 
21 32767 60 48 32767 81 49 21 32767 44 
82 44 53 51 81 32767 15 78 31 95 
63 76 32767 54 49 15 32767 53 33 79 
79 51 35 69 21 78 53 32767 46 32767 
45 97 46 69 32767 31 33 46 32767 27 
70 87 27 32 44 95 79 32767 27 32767 
EOF