DIMENSION: 10
EDGE_WEIGHT_TYPE: EXPLICIT
EDGE_WEIGHT_FORMAT: FULL_MATRIX
EDGE_WEIGHT_SECTION:
32767 31 32767 89 7 13 57 32767 66 58 
31 32767 68 39 39 32767 74 21 32767 83 
32767 68 32767 16 4 54 93 48 12 19 
89 39 16 32767 87 63 62 32767 32767 16 
7 39 4 87 32767 25 92 19 21 32767 
13 32767 54 63 25 32767 76 96 12 11 
57 74 93 62 92 76 32767 14 25 30 
32767 21 48 32767 19 96 14 32767 57 13 
66 32767 12 32767 21 12 25 57 32767 18 
58 83 19 16 32767 11 30 13 18 32767 
EOF