DIMENSION: 10
EDGE_WEIGHT_TYPE: EXPLICIT
EDGE_WEIGHT_FORMAT: FULL_MATRIX
EDGE_WEIGHT_SECTION:
32767 36 61 70 70 67 72 32767 92 69 
36 32767 39 18 88 23 27 67 27 25 
61 39 32767 55 33 42 71 75 32 45 
70 18 55 32767 68 88 39 42 29 71 
70 88 33 68 32767 10 90 12 58 32767 
67 23 42 88 10 32767 99 70 74 75 
72 27 71 39 90 99 32767 50 59 65 
32767 67 75 42 12 70 50 32767 32767 92 
92 27 32 29 58 74 59 32767 32767 84 
69 25 45 71 32767 75 65 92 84 32767 
EOF