DIMENSION: 12
EDGE_WEIGHT_TYPE: EXPLICIT
EDGE_WEIGHT_FORMAT: FULL_MATRIX
EDGE_WEIGHT_SECTION:
32767 63 56 32767 32767 94 50 26 32767 32767 69 32767 
63 32767 32767 73 83 32767 93 32767 39 91 80 60 
56 32767 32767 32767 98 5 77 54 27 15 32767 32767 
32767 73 32767 32767 64 95 32767 87 32767 32767 32767 94 
32767 83 98 64 32767 17 84 9 82 57 5 4 
94 32767 5 95 17 32767 86 32767 93 90 32767 2 
50 93 77 32767 84 86 32767 15 36 32767 32767 16 
26 32767 54 87 9 32767 15 32767 79 32767 40 25 
32767 39 27 32767 82 93 36 79 32767 88 32767 32767 
32767 91 15 32767 57 90 32767 32767 88 32767 32767 43 
69 80 32767 32767 5 32767 32767 40 32767 32767 32767 8 
32767 60 32767 94 4 2 16 25 32767 43 8 32767 
EOF