DIMENSION: 12
EDGE_WEIGHT_TYPE: EXPLICIT
EDGE_WEIGHT_FORMAT: FULL_MATRIX
EDGE_WEIGHT_SECTION:
32767 44 51 27 77 32767 32767 20 64 90 32767 77 
44 32767 91 32767 32767 32767 69 65 52 88 51 62 
51 91 32767 51 40 95 32767 58 11 52 40 72 
27 32767 51 32767 32767 32767 61 32767 78 32767 32767 67 
77 32767 40 32767 32767 7 94 69 86 44 72 32767 
32767 32767 95 32767 7 32767 24 4 32767 27 84 32767 
32767 69 32767 61 94 24 32767 100 44 95 86 19 
20 65 58 32767 69 4 100 32767 32767 32767 85 32767 
64 52 11 78 86 32767 44 32767 32767 32767 37 18 
90 88 52 32767 44 27 95 32767 32767 32767 40 32767 
32767 51 40 32767 72 84 86 85 37 40 32767 96 
77 62 72 67 32767 32767 19 32767 18 32767 96 32767 
EOF