DIMENSION: 12
EDGE_WEIGHT_TYPE: EXPLICIT
EDGE_WEIGHT_FORMAT: FULL_MATRIX
EDGE_WEIGHT_SECTION:
32767 48 93 96 81 87 84 89 17 95 63 32767 
48 32767 73 32767 32767 86 3 55 32767 32767 32767 53 
93 73 32767 32767 85 37 32767 32767 12 32767 32767 32767 
96 32767 32767 32767 3 27 84 79 49 32767 59 9 
81 32767 85 3 32767 32767 20 32767 18 56 81 18 
87 86 37 27 32767 32767 95 41 32767 32767 30 87 
84 3 32767 84 20 95 32767 15 42 21 32767 82 
89 55 32767 79 32767 41 15 32767 32767 1 53 32767 
17 32767 12 49 18 32767 42 32767 32767 32767 75 44 
95 32767 32767 32767 56 32767 21 1 32767 32767 32767 32767 
63 32767 32767 59 81 30 32767 53 75 32767 32767 94 
32767 53 32767 9 18 87 82 32767 44 32767 94 32767 
EOF