DIMENSION: 12
EDGE_WEIGHT_TYPE: EXPLICIT
EDGE_WEIGHT_FORMAT: FULL_MATRIX
EDGE_WEIGHT_SECTION:
32767 4 65 30 24 32767 32767 95 71 100 19 32767 
4 32767 74 43 32767 54 61 65 32767 21 68 32767 
65 74 32767 32767 32767 32767 32767 32767 58 32767 12 32767 
30 43 32767 32767 32767 53 55 10 89 32767 32767 32767 
24 32767 32767 32767 32767 73 32767 93 41 32767 32767 32767 
32767 54 32767 53 73 32767 32767 32767 90 89 36 87 
32767 61 32767 55 32767 32767 32767 11 23 14 32 51 
95 65 32767 10 93 32767 11 32767 51 40 32767 7 
71 32767 58 89 41 90 23 51 32767 56 60 32767 
100 21 32767 32767 32767 89 14 40 56 32767 32767 32767 
19 68 12 32767 32767 36 32 32767 60 32767 32767 50 
32767 32767 32767 32767 32767 87 51 7 32767 32767 50 32767 
EOF