DIMENSION: 12
EDGE_WEIGHT_TYPE: EXPLICIT
EDGE_WEIGHT_FORMAT: FULL_MATRIX
EDGE_WEIGHT_SECTION:
32767 69 6 11 76 60 59 32767 100 64 6 82 
69 32767 4 32767 32767 15 60 21 32767 32767 40 32767 
6 4 32767 32767 32767 93 5 32767 91 32767 32767 32767 
11 32767 32767 32767 47 32767 21 34 32767 48 38 65 
76 32767 32767 47 32767 32767 32767 32767 32767 20 68 45 
60 15 93 32767 32767 32767 32767 44 74 69 84 32767 
59 60 5 21 32767 32767 32767 32767 87 38 100 32767 
32767 21 32767 34 32767 44 32767 32767 11 25 6 32767 
100 32767 91 32767 32767 74 87 11 32767 78 68 32767 
64 32767 32767 48 20 69 38 25 78 32767 39 32767 
6 40 32767 38 68 84 100 6 68 39 32767 5 
82 32767 32767 65 45 32767 32767 32767 32767 32767 5 32767 
EOF