DIMENSION: 12
EDGE_WEIGHT_TYPE: EXPLICIT
EDGE_WEIGHT_FORMAT: FULL_MATRIX
EDGE_WEIGHT_SECTION:
32767 58 32767 58 80 62 32767 32767 24 8 32767 70 
58 32767 37 91 32 32767 71 32767 32767 24 27 39 
32767 37 32767 25 55 71 99 78 47 80 86 32767 
58 91 25 32767 50 32767 68 32767 97 38 92 64 
80 32 55 50 32767 32767 34 32767 4 71 32767 28 
62 32767 71 32767 32767 32767 94 71 53 80 32767 32767 
32767 71 99 68 34 94 32767 32767 32767 96 68 32767 
32767 32767 78 32767 32767 71 32767 32767 32767 32 32767 66 
24 32767 47 97 4 53 32767 32767 32767 77 63 70 
8 24 80 38 71 80 96 32 77 32767 32767 64 
32767 27 86 92 32767 32767 68 32767 63 32767 32767 32767 
70 39 32767 64 28 32767 32767 66 70 64 32767 32767 
EOF