DIMENSION: 9
EDGE_WEIGHT_TYPE: EXPLICIT
EDGE_WEIGHT_FORMAT: FULL_MATRIX
EDGE_WEIGHT_SECTION:
32767 43 37 32767 65 16 32767 40 67 
43 32767 82 21 5 35 77 77 57 
37 82 32767 34 64 90 47 69 89 
32767 21 34 32767 17 32767 36 22 89 
65 5 64 17 32767 73 85 28 2 
16 35 90 32767 73 32767 67 69 1 
32767 77 47 36 85 67 32767 52 95 
40 77 69 22 28 69 52 32767 20 
67 57 89 89 2 1 95 20 32767 
EOF