DIMENSION: 9
EDGE_WEIGHT_TYPE: EXPLICIT
EDGE_WEIGHT_FORMAT: FULL_MATRIX
EDGE_WEIGHT_SECTION:
32767 34 59 41 14 40 92 9 42 
34 32767 90 25 31 42 60 79 53 
59 90 32767 32767 38 65 3 17 45 
41 25 32767 32767 91 7 74 99 90 
14 31 38 91 32767 65 11 81 32767 
40 42 65 7 65 32767 32767 61 34 
92 60 3 74 11 32767 32767 78 54 
9 79 17 99 81 61 78 32767 3 
42 53 45 90 32767 34 54 3 32767 
EOF