DIMENSION: 9
EDGE_WEIGHT_TYPE: EXPLICIT
EDGE_WEIGHT_FORMAT: FULL_MATRIX
EDGE_WEIGHT_SECTION:
32767 14 32767 10 93 32767 37 89 13 
14 32767 18 5 34 34 23 29 32767 
32767 18 32767 46 92 31 87 62 32767 
10 5 46 32767 67 72 44 7 32767 
93 34 92 67 32767 11 35 13 32767 
32767 34 31 72 11 32767 32767 97 2 
37 23 87 44 35 32767 32767 32767 45 
89 29 62 7 13 97 32767 32767 22 
13 32767 32767 32767 32767 2 45 22 32767 
EOF