DIMENSION: 9
EDGE_WEIGHT_TYPE: EXPLICIT
EDGE_WEIGHT_FORMAT: FULL_MATRIX
EDGE_WEIGHT_SECTION:
32767 41 70 35 85 36 22 53 80 
41 32767 74 32767 29 64 26 16 80 
70 74 32767 85 54 68 8 50 98 
35 32767 85 32767 22 58 88 9 54 
85 29 54 22 32767 82 35 35 100 
36 64 68 58 82 32767 15 12 32767 
22 26 8 88 35 15 32767 80 16 
53 16 50 9 35 12 80 32767 35 
80 80 98 54 100 32767 16 35 32767 
EOF