DIMENSION: 9
EDGE_WEIGHT_TYPE: EXPLICIT
EDGE_WEIGHT_FORMAT: FULL_MATRIX
EDGE_WEIGHT_SECTION:
32767 70 54 46 47 79 72 28 33 
70 32767 32 64 21 30 74 2 100 
54 32 32767 65 31 20 66 5 28 
46 64 65 32767 61 26 14 10 97 
47 21 31 61 32767 79 33 12 52 
79 30 20 26 79 32767 49 32767 31 
72 74 66 14 33 49 32767 51 51 
28 2 5 10 12 32767 51 32767 15 
33 100 28 97 52 31 51 15 32767 
EOF