DIMENSION: 9
EDGE_WEIGHT_TYPE: EXPLICIT
EDGE_WEIGHT_FORMAT: FULL_MATRIX
EDGE_WEIGHT_SECTION:
32767 46 43 63 38 33 60 93 96 
46 32767 67 17 32767 32767 100 26 47 
43 67 32767 12 80 94 34 32767 23 
63 17 12 32767 40 94 32767 84 51 
38 32767 80 40 32767 40 32 32 98 
33 32767 94 94 40 32767 32767 32767 32767 
60 100 34 32767 32 32767 32767 1 66 
93 26 32767 84 32 32767 1 32767 55 
96 47 23 51 98 32767 66 55 32767 
EOF