DIMENSION: 16
EDGE_WEIGHT_TYPE: EXPLICIT
EDGE_WEIGHT_FORMAT: FULL_MATRIX
EDGE_WEIGHT_SECTION:
32767 32767 32767 55 32767 66 32767 32767 89 32767 32767 27 32767 61 69 32767 
32767 32767 32767 29 99 73 28 41 32767 48 32767 65 26 63 32767 99 
32767 32767 32767 32767 32767 62 32767 90 32767 70 32767 32767 32767 32767 32767 32767 
55 29 32767 32767 32767 32767 32767 21 72 93 32767 32767 21 32767 22 32767 
32767 99 32767 32767 32767 32767 73 32767 32767 91 80 32767 32767 32767 32767 32767 
66 73 62 32767 32767 32767 32767 78 32767 32767 32767 86 56 32767 76 32767 
32767 28 32767 32767 73 32767 32767 32767 32767 32767 85 32767 61 96 32767 24 
32767 41 90 21 32767 78 32767 32767 40 2 66 60 27 57 22 67 
89 32767 32767 72 32767 32767 32767 40 32767 32767 70 42 32767 32767 32767 32767 
32767 48 70 93 91 32767 32767 2 32767 32767 47 32767 32767 32767 65 76 
32767 32767 32767 32767 80 32767 85 66 70 47 32767 16 49 12 40 32767 
27 65 32767 32767 32767 86 32767 60 42 32767 16 32767 13 12 32767 34 
32767 26 32767 21 32767 56 61 27 32767 32767 49 13 32767 53 32767 32767 
61 63 32767 32767 32767 32767 96 57 32767 32767 12 12 53 32767 32767 32767 
69 32767 32767 22 32767 76 32767 22 32767 65 40 32767 32767 32767 32767 75 
32767 99 32767 32767 32767 32767 24 67 32767 76 32767 34 32767 32767 75 32767 
EOF