DIMENSION: 16
EDGE_WEIGHT_TYPE: EXPLICIT
EDGE_WEIGHT_FORMAT: FULL_MATRIX
EDGE_WEIGHT_SECTION:
32767 28 20 28 80 44 62 32767 32767 32767 32767 44 58 31 70 32767 
28 32767 32767 32767 32767 32767 90 32767 14 54 32767 32767 32767 95 15 32767 
20 32767 32767 44 32767 87 32767 32767 32767 32767 42 26 79 53 32767 87 
28 32767 44 32767 41 32767 32767 76 32767 86 17 32767 5 74 32767 46 
80 32767 32767 41 32767 41 32767 32767 84 32767 36 49 32767 32767 66 32 
44 32767 87 32767 41 32767 51 32767 32767 34 32767 90 32767 32767 32767 54 
62 90 32767 32767 32767 51 32767 62 12 32767 51 10 32767 32767 4 1 
32767 32767 32767 76 32767 32767 62 32767 32767 32767 74 32767 32767 32767 32767 3 
32767 14 32767 32767 84 32767 12 32767 32767 79 32767 100 72 32767 35 32767 
32767 54 32767 86 32767 34 32767 32767 79 32767 32767 32767 32767 46 32767 32767 
32767 32767 42 17 36 32767 51 74 32767 32767 32767 32767 32767 32767 70 32767 
44 32767 26 32767 49 90 10 32767 100 32767 32767 32767 92 18 32767 32767 
58 32767 79 5 32767 32767 32767 32767 72 32767 32767 92 32767 32767 10 32767 
31 95 53 74 32767 32767 32767 32767 32767 46 32767 18 32767 32767 61 36 
70 15 32767 32767 66 32767 4 32767 35 32767 70 32767 10 61 32767 98 
32767 32767 87 46 32 54 1 3 32767 32767 32767 32767 32767 36 98 32767 
EOF