DIMENSION: 16
EDGE_WEIGHT_TYPE: EXPLICIT
EDGE_WEIGHT_FORMAT: FULL_MATRIX
EDGE_WEIGHT_SECTION:
32767 32767 32767 32767 18 24 32767 74 40 32767 19 32767 32767 32767 66 32767 
32767 32767 32767 32767 32767 32767 48 20 32767 32767 65 95 67 13 32767 69 
32767 32767 32767 32767 87 32767 32767 32767 32767 32767 15 22 32767 39 32767 59 
32767 32767 32767 32767 92 70 27 67 15 32767 35 32767 21 73 32767 32767 
18 32767 87 92 32767 32767 32767 32767 32767 65 67 32767 32767 4 32767 73 
24 32767 32767 70 32767 32767 36 32767 35 32767 32767 76 32767 32767 32767 17 
32767 48 32767 27 32767 36 32767 100 60 32767 39 32767 5 99 53 42 
74 20 32767 67 32767 32767 100 32767 62 4 63 32767 40 32767 84 32767 
40 32767 32767 15 32767 35 60 62 32767 53 32767 32767 32767 32767 32767 32767 
32767 32767 32767 32767 65 32767 32767 4 53 32767 65 33 32767 32767 18 7 
19 65 15 35 67 32767 39 63 32767 65 32767 32767 32767 49 49 76 
32767 95 22 32767 32767 76 32767 32767 32767 33 32767 32767 32767 32767 76 32767 
32767 67 32767 21 32767 32767 5 40 32767 32767 32767 32767 32767 28 28 1 
32767 13 39 73 4 32767 99 32767 32767 32767 49 32767 28 32767 88 7 
66 32767 32767 32767 32767 32767 53 84 32767 18 49 76 28 88 32767 32767 
32767 69 59 32767 73 17 42 32767 32767 7 76 32767 1 7 32767 32767 
EOF