DIMENSION: 16
EDGE_WEIGHT_TYPE: EXPLICIT
EDGE_WEIGHT_FORMAT: FULL_MATRIX
EDGE_WEIGHT_SECTION:
32767 42 38 32 32767 32767 61 32767 99 51 32767 32767 32767 27 99 32767 
42 32767 24 50 32767 32767 87 32767 32767 32767 89 16 32767 32767 31 32767 
38 24 32767 32767 15 32767 44 32767 5 66 32767 32767 89 32767 32767 87 
32 50 32767 32767 32767 50 92 32767 32767 43 32767 7 5 32767 32767 65 
32767 32767 15 32767 32767 32767 22 2 79 32767 79 32767 32767 81 32767 32767 
32767 32767 32767 50 32767 32767 32767 61 79 32767 32767 61 2 32767 33 32767 
61 87 44 92 22 32767 32767 32767 20 32767 32767 32767 32767 80 32767 32767 
32767 32767 32767 32767 2 61 32767 32767 32767 32767 30 32767 32767 26 53 32767 
99 32767 5 32767 79 79 20 32767 32767 2 31 32767 32767 87 32767 55 
51 32767 66 43 32767 32767 32767 32767 2 32767 32767 32767 74 32767 54 43 
32767 89 32767 32767 79 32767 32767 30 31 32767 32767 68 62 32767 32767 32767 
32767 16 32767 7 32767 61 32767 32767 32767 32767 68 32767 37 32767 32767 41 
32767 32767 89 5 32767 2 32767 32767 32767 74 62 37 32767 3 52 32767 
27 32767 32767 32767 81 32767 80 26 87 32767 32767 32767 3 32767 32767 32767 
99 31 32767 32767 32767 33 32767 53 32767 54 32767 32767 52 32767 32767 32767 
32767 32767 87 65 32767 32767 32767 32767 55 43 32767 41 32767 32767 32767 32767 
EOF