DIMENSION: 16
EDGE_WEIGHT_TYPE: EXPLICIT
EDGE_WEIGHT_FORMAT: FULL_MATRIX
EDGE_WEIGHT_SECTION:
32767 32767 32767 32767 50 50 57 32767 37 32767 82 98 32767 32767 32767 70 
32767 32767 32767 32767 32767 13 46 32767 90 1 17 49 32767 32767 14 56 
32767 32767 32767 90 49 32767 32767 32767 30 78 4 30 86 32767 32767 78 
32767 32767 90 32767 21 32767 32767 9 32767 64 32767 32767 87 32767 95 54 
50 32767 49 21 32767 68 62 32767 32767 32767 32767 32767 32767 32767 32767 32767 
50 13 32767 32767 68 32767 32767 32767 32767 4 93 61 69 32767 2 32767 
57 46 32767 32767 62 32767 32767 52 2 32767 32767 32767 7 32767 19 81 
32767 32767 32767 9 32767 32767 52 32767 70 74 32767 32767 32767 32767 68 23 
37 90 30 32767 32767 32767 2 70 32767 30 89 32767 93 32767 32767 58 
32767 1 78 64 32767 4 32767 74 30 32767 32767 32767 54 32767 32767 4 
82 17 4 32767 32767 93 32767 32767 89 32767 32767 1 32767 7 32767 11 
98 49 30 32767 32767 61 32767 32767 32767 32767 1 32767 94 32767 32767 56 
32767 32767 86 87 32767 69 7 32767 93 54 32767 94 32767 70 19 7 
32767 32767 32767 32767 32767 32767 32767 32767 32767 32767 7 32767 70 32767 77 32767 
32767 14 32767 95 32767 2 19 68 32767 32767 32767 32767 19 77 32767 32767 
70 56 78 54 32767 32767 81 23 58 4 11 56 7 32767 32767 32767 
EOF