DIMENSION: 30
EDGE_WEIGHT_TYPE: EXPLICIT
EDGE_WEIGHT_FORMAT: FULL_MATRIX
EDGE_WEIGHT_SECTION:
32767 5 32767 89 32767 24 46 33 32767 32767 34 18 32767 32767 93 32767 32767 32767 59 32767 70 18 32767 32767 15 32767 32767 75 90 49 
5 32767 61 11 32767 32767 32767 32767 98 32767 20 65 32767 74 32767 32767 21 14 32767 32767 32767 32767 95 32767 32767 32767 47 31 32767 24 
32767 61 32767 32767 32767 9 58 38 32767 60 32767 32767 32767 26 4 38 19 32767 32767 21 78 32767 1 32767 95 32767 32767 64 87 53 
89 11 32767 32767 23 2 23 32767 60 32767 34 87 32767 32767 32767 2 14 63 32767 66 63 20 32767 94 42 32767 99 1 32767 32767 
32767 32767 32767 23 32767 68 40 32767 58 32767 32767 44 45 53 28 32767 32767 49 61 32767 32767 32767 32767 50 9 32767 32767 27 58 67 
24 32767 9 2 68 32767 58 69 27 87 81 32767 32767 35 32767 32767 32767 58 32767 50 32767 61 75 32767 32767 13 32767 26 21 26 
46 32767 58 23 40 58 32767 6 97 34 65 32767 32767 8 32767 32767 80 32767 32767 32767 32767 75 32767 59 32767 11 10 11 41 32767 
33 32767 38 32767 32767 69 6 32767 32767 32767 36 97 36 32767 32767 69 14 83 67 65 82 32767 86 23 32767 32767 54 32767 32767 32767 
32767 98 32767 60 58 27 97 32767 32767 17 32767 52 32767 96 92 32767 32767 32767 32767 73 37 32767 23 67 32767 32767 12 32767 32767 32767 
32767 32767 60 32767 32767 87 34 32767 17 32767 32767 68 69 60 32767 32767 75 4 32767 32767 25 52 17 21 32767 58 86 32767 32767 36 
34 20 32767 34 32767 81 65 36 32767 32767 32767 8 32767 32767 76 96 32767 75 32767 32767 7 31 80 32767 32767 32767 10 32767 47 79 
18 65 32767 87 44 32767 32767 97 52 68 8 32767 93 94 32767 71 32 32767 6 32767 32767 32767 75 32767 32767 32767 20 11 32767 19 
32767 32767 32767 32767 45 32767 32767 36 32767 69 32767 93 32767 79 32767 65 32767 32767 80 80 5 32767 32767 90 93 32767 25 67 71 98 
32767 74 26 32767 53 35 8 32767 96 60 32767 94 79 32767 32767 16 32767 43 16 32767 77 32767 57 43 49 32767 32767 48 92 32767 
93 32767 4 32767 28 32767 32767 32767 92 32767 76 32767 32767 32767 32767 10 48 56 32767 32767 32767 73 7 32767 32767 17 32767 32767 32767 55 
32767 32767 38 2 32767 32767 32767 69 32767 32767 96 71 65 16 10 32767 82 29 10 32767 34 32767 32767 31 100 62 84 32767 42 15 
32767 21 19 14 32767 32767 80 14 32767 75 32767 32 32767 32767 48 82 32767 32767 87 22 32767 32767 49 32 4 71 22 28 32767 27 
32767 14 32767 63 49 58 32767 83 32767 4 75 32767 32767 43 56 29 32767 32767 32767 32767 32767 53 32767 32767 3 32767 42 32767 61 32767 
59 32767 32767 32767 61 32767 32767 67 32767 32767 32767 6 80 16 32767 10 87 32767 32767 32767 52 50 71 32767 92 32767 95 49 32767 49 
32767 32767 21 66 32767 50 32767 65 73 32767 32767 32767 80 32767 32767 32767 22 32767 32767 32767 56 32767 37 32767 32767 85 32767 45 63 32767 
70 32767 78 63 32767 32767 32767 82 37 25 7 32767 5 77 32767 34 32767 32767 52 56 32767 32767 32767 32767 66 32767 9 28 32767 32767 
18 32767 32767 20 32767 61 75 32767 32767 52 31 32767 32767 32767 73 32767 32767 53 50 32767 32767 32767 54 32767 95 65 44 88 92 32767 
32767 95 1 32767 32767 75 32767 86 23 17 80 75 32767 57 7 32767 49 32767 71 37 32767 54 32767 32767 32767 81 97 32767 61 32767 
32767 32767 32767 94 50 32767 59 23 67 21 32767 32767 90 43 32767 31 32 32767 32767 32767 32767 32767 32767 32767 32767 53 93 32767 32767 13 
15 32767 95 42 9 32767 32767 32767 32767 32767 32767 32767 93 49 32767 100 4 3 92 32767 66 95 32767 32767 32767 100 83 32767 78 11 
32767 32767 32767 32767 32767 13 11 32767 32767 58 32767 32767 32767 32767 17 62 71 32767 32767 85 32767 65 81 53 100 32767 14 5 32767 37 
32767 47 32767 99 32767 32767 10 54 12 86 10 20 25 32767 32767 84 22 42 95 32767 9 44 97 93 83 14 32767 32767 65 91 
75 31 64 1 27 26 11 32767 32767 32767 32767 11 67 48 32767 32767 28 32767 49 45 28 88 32767 32767 32767 5 32767 32767 62 32767 
90 32767 87 32767 58 21 41 32767 32767 32767 47 32767 71 92 32767 42 32767 61 32767 63 32767 92 61 32767 78 32767 65 62 32767 44 
49 24 53 32767 67 26 32767 32767 32767 36 79 19 98 32767 55 15 27 32767 49 32767 32767 32767 32767 13 11 37 91 32767 44 32767 
EOF