DIMENSION: 24
EDGE_WEIGHT_TYPE: EXPLICIT
EDGE_WEIGHT_FORMAT: FULL_MATRIX
EDGE_WEIGHT_SECTION:
32767 32767 32767 32767 89 40 31 88 32767 32767 32767 32767 32767 32767 80 32767 1 32767 97 32767 32767 32767 32767 60 
32767 32767 43 92 59 19 32767 32767 32767 32767 8 68 32767 32767 32767 72 32767 22 32767 32767 32767 54 3 32767 
32767 43 32767 24 67 67 32767 32767 43 32767 2 32767 74 32767 32767 87 32767 60 32767 73 91 36 99 32767 
32767 92 24 32767 65 32767 32767 18 43 54 32 32767 32767 32767 47 80 44 32767 68 32767 32767 90 32767 32767 
89 59 67 65 32767 32767 96 32767 32767 14 32767 35 86 32767 32767 64 53 1 43 32767 32767 32767 32767 91 
40 19 67 32767 32767 32767 32767 32767 66 17 53 32767 79 66 40 32767 46 32767 32767 46 32767 32767 33 32767 
31 32767 32767 32767 96 32767 32767 32767 32767 32767 32767 32767 32767 40 83 32767 47 32767 32767 32767 32767 40 32767 32767 
88 32767 32767 18 32767 32767 32767 32767 78 32767 24 80 37 32767 32767 32767 32767 32767 32767 32767 32767 26 64 32767 
32767 32767 43 43 32767 66 32767 78 32767 32767 45 32767 33 32767 32767 83 8 81 32767 32767 100 32767 32767 32767 
32767 32767 32767 54 14 17 32767 32767 32767 32767 21 32767 32767 32767 32767 55 70 32767 32767 15 32767 13 64 32767 
32767 8 2 32 32767 53 32767 24 45 21 32767 71 32767 34 32767 32767 32767 8 32767 28 77 32767 32767 29 
32767 68 32767 32767 35 32767 32767 80 32767 32767 71 32767 32767 32767 6 4 32767 32767 32767 30 32767 32767 30 32767 
32767 32767 74 32767 86 79 32767 37 33 32767 32767 32767 32767 32767 32767 71 32767 32767 20 50 32767 32767 32767 64 
32767 32767 32767 32767 32767 66 40 32767 32767 32767 34 32767 32767 32767 32767 32767 32767 32767 8 32767 32767 32767 32767 32767 
80 32767 32767 47 32767 40 83 32767 32767 32767 32767 6 32767 32767 32767 32767 85 97 32767 32767 93 100 32767 8 
32767 72 87 80 64 32767 32767 32767 83 55 32767 4 71 32767 32767 32767 50 32767 75 32767 32767 10 89 42 
1 32767 32767 44 53 46 47 32767 8 70 32767 32767 32767 32767 85 50 32767 40 32767 29 32767 48 32767 32767 
32767 22 60 32767 1 32767 32767 32767 81 32767 8 32767 32767 32767 97 32767 40 32767 26 32767 32767 32767 32767 32767 
97 32767 32767 68 43 32767 32767 32767 32767 32767 32767 32767 20 8 32767 75 32767 26 32767 32767 32767 79 32767 32767 
32767 32767 73 32767 32767 46 32767 32767 32767 15 28 30 50 32767 32767 32767 29 32767 32767 32767 32767 78 32767 32767 
32767 32767 91 32767 32767 32767 32767 32767 100 32767 77 32767 32767 32767 93 32767 32767 32767 32767 32767 32767 32767 32767 32767 
32767 54 36 90 32767 32767 40 26 32767 13 32767 32767 32767 32767 100 10 48 32767 79 78 32767 32767 32767 32767 
32767 3 99 32767 32767 33 32767 64 32767 64 32767 30 32767 32767 32767 89 32767 32767 32767 32767 32767 32767 32767 88 
60 32767 32767 32767 91 32767 32767 32767 32767 32767 29 32767 64 32767 8 42 32767 32767 32767 32767 32767 32767 88 32767 
EOF