DIMENSION: 28
EDGE_WEIGHT_TYPE: EXPLICIT
EDGE_WEIGHT_FORMAT: FULL_MATRIX
EDGE_WEIGHT_SECTION:
32767 98 32767 32767 32767 74 66 2 32767 81 71 58 32767 45 42 32767 55 40 32767 88 76 32 32767 57 11 57 58 68 
98 32767 32767 25 55 5 32767 32767 32767 18 32767 45 70 81 57 32767 11 37 98 56 32767 32767 32767 62 63 32767 47 31 
32767 32767 32767 1 32767 32767 32767 28 24 84 32767 24 13 67 39 32767 32767 32767 25 18 32767 32767 36 34 63 32767 42 32767 
32767 25 1 32767 32767 32767 32767 32767 32767 32767 32767 99 6 32767 50 32767 27 67 32767 32767 32767 8 32767 32767 32767 65 64 45 
32767 55 32767 32767 32767 66 95 32767 32767 32767 62 7 100 89 70 32767 32767 85 32767 40 1 67 32767 11 32767 29 76 20 
74 5 32767 32767 66 32767 46 43 32767 99 64 16 40 57 32767 56 95 32767 99 97 32767 24 32767 43 45 26 97 52 
66 32767 32767 32767 95 46 32767 32767 19 83 32767 30 55 32767 32767 41 11 26 13 32767 32767 3 53 21 32767 24 32767 32767 
2 32767 28 32767 32767 43 32767 32767 32767 28 32767 57 32767 32767 32767 32767 32767 32767 95 32767 32767 32767 45 36 32767 40 29 77 
32767 32767 24 32767 32767 32767 19 32767 32767 51 99 49 3 92 94 32767 70 36 3 16 32767 32767 45 32767 32767 32767 32767 100 
81 18 84 32767 32767 99 83 28 51 32767 85 39 70 32767 78 32767 32767 27 41 32767 32767 7 47 33 32767 88 32767 72 
71 32767 32767 32767 62 64 32767 32767 99 85 32767 32767 64 44 52 32767 32767 32767 32767 44 80 57 32767 32767 95 81 85 32767 
58 45 24 99 7 16 30 57 49 39 32767 32767 73 32767 96 98 32767 32767 13 9 18 32767 32767 32767 54 32767 42 32767 
32767 70 13 6 100 40 55 32767 3 70 64 73 32767 32767 32767 32767 32767 32767 23 27 65 32767 32767 34 7 55 68 32767 
45 81 67 32767 89 57 32767 32767 92 32767 44 32767 32767 32767 43 32767 96 32767 89 66 22 32767 77 3 81 32767 32767 32 
42 57 39 50 70 32767 32767 32767 94 78 52 96 32767 43 32767 73 60 32767 27 32767 69 60 32767 16 24 33 87 74 
32767 32767 32767 32767 32767 56 41 32767 32767 32767 32767 98 32767 32767 73 32767 48 32767 32767 32767 32767 97 32767 39 41 8 32767 32767 
55 11 32767 27 32767 95 11 32767 70 32767 32767 32767 32767 96 60 48 32767 29 44 32767 53 30 32767 69 98 81 32767 46 
40 37 32767 67 85 32767 26 32767 36 27 32767 32767 32767 32767 32767 32767 29 32767 24 32767 85 32767 25 39 32767 66 78 32767 
32767 98 25 32767 32767 99 13 95 3 41 32767 13 23 89 27 32767 44 24 32767 32767 14 57 47 31 12 32767 98 32767 
88 56 18 32767 40 97 32767 32767 16 32767 44 9 27 66 32767 32767 32767 32767 32767 32767 32767 32767 57 37 34 30 32767 96 
76 32767 32767 32767 1 32767 32767 32767 32767 32767 80 18 65 22 69 32767 53 85 14 32767 32767 32767 9 18 19 23 2 62 
32 32767 32767 8 67 24 3 32767 32767 7 57 32767 32767 32767 60 97 30 32767 57 32767 32767 32767 32767 83 32767 89 78 39 
32767 32767 36 32767 32767 32767 53 45 45 47 32767 32767 32767 77 32767 32767 32767 25 47 57 9 32767 32767 32767 32767 80 32767 32767 
57 62 34 32767 11 43 21 36 32767 33 32767 32767 34 3 16 39 69 39 31 37 18 83 32767 32767 32767 21 21 2 
11 63 63 32767 32767 45 32767 32767 32767 32767 95 54 7 81 24 41 98 32767 12 34 19 32767 32767 32767 32767 36 68 32767 
57 32767 32767 65 29 26 24 40 32767 88 81 32767 55 32767 33 8 81 66 32767 30 23 89 80 21 36 32767 32767 66 
58 47 42 64 76 97 32767 29 32767 32767 85 42 68 32767 87 32767 32767 78 98 32767 2 78 32767 21 68 32767 32767 32767 
68 31 32767 45 20 52 32767 77 100 72 32767 32767 32767 32 74 32767 46 32767 32767 96 62 39 32767 2 32767 66 32767 32767 
EOF