DIMENSION: 28
EDGE_WEIGHT_TYPE: EXPLICIT
EDGE_WEIGHT_FORMAT: FULL_MATRIX
EDGE_WEIGHT_SECTION:
32767 32767 32767 30 26 64 32767 32767 72 14 32767 32767 32767 31 32767 21 32767 87 32767 32767 7 2 89 32767 52 83 32767 88 
32767 32767 32767 32767 92 57 32767 87 32767 59 73 1 68 32767 32767 32767 98 4 16 32767 32767 73 32767 32767 86 24 32767 63 
32767 32767 32767 38 32767 32767 32767 48 89 60 46 16 32767 32767 32767 78 32767 23 32767 8 54 48 34 36 32767 58 32767 46 
30 32767 38 32767 32767 7 68 31 9 32767 86 29 32767 32767 75 32767 32767 25 59 32767 5 81 67 63 32767 30 26 32767 
26 92 32767 32767 32767 94 97 96 82 34 32767 8 32767 32767 32 74 32767 78 32767 40 32767 32767 50 30 3 56 32767 32767 
64 57 32767 7 94 32767 56 96 32767 55 33 1 46 32767 32767 32767 32767 62 10 23 63 32767 8 47 100 32767 47 32767 
32767 32767 32767 68 97 56 32767 32767 32767 50 22 32767 32767 67 100 57 59 48 32767 30 11 32767 10 49 32767 32767 32767 32767 
32767 87 48 31 96 96 32767 32767 22 32767 95 63 88 20 62 32767 51 23 26 65 32767 32767 32767 14 32767 32767 32767 98 
72 32767 89 9 82 32767 32767 22 32767 32767 39 32767 32767 32767 32767 59 32767 32767 32767 32767 23 22 41 32767 32767 32767 19 32767 
14 59 60 32767 34 55 50 32767 32767 32767 78 32767 36 32767 93 68 16 40 97 32767 69 32767 84 49 32767 94 32767 65 
32767 73 46 86 32767 33 22 95 39 78 32767 32767 42 86 54 32767 68 32767 32767 32767 32767 9 32767 54 80 32767 32767 75 
32767 1 16 29 8 1 32767 63 32767 32767 32767 32767 32767 20 81 32767 76 84 32767 32767 79 57 25 22 99 32767 5 26 
32767 68 32767 32767 32767 46 32767 88 32767 36 42 32767 32767 32767 23 32767 32767 24 15 90 88 32767 46 80 69 32767 12 32767 
31 32767 32767 32767 32767 32767 67 20 32767 32767 86 20 32767 32767 10 32767 32767 93 44 32767 99 32767 32767 32767 11 26 32767 50 
32767 32767 32767 75 32 32767 100 62 32767 93 54 81 23 10 32767 65 33 32767 28 32767 45 4 32767 17 32767 32767 36 11 
21 32767 78 32767 74 32767 57 32767 59 68 32767 32767 32767 32767 65 32767 65 21 16 32767 88 80 32767 12 32767 91 86 44 
32767 98 32767 32767 32767 32767 59 51 32767 16 68 76 32767 32767 33 65 32767 24 32767 5 21 37 32767 32767 32767 32767 77 32767 
87 4 23 25 78 62 48 23 32767 40 32767 84 24 93 32767 21 24 32767 55 92 72 32767 67 88 30 48 32767 12 
32767 16 32767 59 32767 10 32767 26 32767 97 32767 32767 15 44 28 16 32767 55 32767 32767 32 94 32767 32767 22 32767 32767 79 
32767 32767 8 32767 40 23 30 65 32767 32767 32767 32767 90 32767 32767 32767 5 92 32767 32767 32767 99 32767 32767 57 32767 1 45 
7 32767 54 5 32767 63 11 32767 23 69 32767 79 88 99 45 88 21 72 32 32767 32767 95 3 32767 80 32767 82 7 
2 73 48 81 32767 32767 32767 32767 22 32767 9 57 32767 32767 4 80 37 32767 94 99 95 32767 32767 32767 58 29 92 86 
89 32767 34 67 50 8 10 32767 41 84 32767 25 46 32767 32767 32767 32767 67 32767 32767 3 32767 32767 22 4 32767 32767 32 
32767 32767 36 63 30 47 49 14 32767 49 54 22 80 32767 17 12 32767 88 32767 32767 32767 32767 22 32767 37 40 32767 47 
52 86 32767 32767 3 100 32767 32767 32767 32767 80 99 69 11 32767 32767 32767 30 22 57 80 58 4 37 32767 32767 86 32767 
83 24 58 30 56 32767 32767 32767 32767 94 32767 32767 32767 26 32767 91 32767 48 32767 32767 32767 29 32767 40 32767 32767 44 32767 
32767 32767 32767 26 32767 47 32767 32767 19 32767 32767 5 12 32767 36 86 77 32767 32767 1 82 92 32767 32767 86 44 32767 24 
88 63 46 32767 32767 32767 32767 98 32767 65 75 26 32767 50 11 44 32767 12 79 45 7 86 32 47 32767 32767 24 32767 
EOF