DIMENSION: 28
EDGE_WEIGHT_TYPE: EXPLICIT
EDGE_WEIGHT_FORMAT: FULL_MATRIX
EDGE_WEIGHT_SECTION:
32767 2 32767 88 12 55 32767 6 100 49 86 29 36 32767 71 32767 73 32767 2 59 3 93 11 32767 73 66 32767 32767 
2 32767 93 61 21 44 19 32767 91 32767 32767 80 38 72 32767 32767 29 32767 85 82 73 56 47 34 91 77 32767 50 
32767 93 32767 38 86 32767 58 66 32767 59 32767 17 32767 42 32767 27 31 45 32767 73 57 32767 32767 4 21 75 35 14 
88 61 38 32767 19 32767 32767 83 58 81 20 5 54 60 52 5 8 32767 32767 54 32767 32767 32767 32767 53 32767 87 79 
12 21 86 19 32767 6 32767 49 86 72 13 32767 32767 81 93 80 71 32767 29 68 76 26 81 32767 32767 32 32767 86 
55 44 32767 32767 6 32767 8 32767 47 32767 93 32767 24 32767 58 32767 13 28 49 46 32767 41 72 32767 57 75 29 32767 
32767 19 58 32767 32767 8 32767 97 86 32767 94 98 32767 62 74 32767 31 44 39 41 65 32767 32767 32767 41 31 32767 17 
6 32767 66 83 49 32767 97 32767 32767 62 32767 82 32767 44 32767 7 32767 32767 32767 32767 32767 94 16 2 32767 42 33 32767 
100 91 32767 58 86 47 86 32767 32767 1 18 32767 85 3 38 32767 32767 32767 75 32767 95 34 32767 32767 85 32767 32767 32767 
49 32767 59 81 72 32767 32767 62 1 32767 66 93 53 31 32767 25 62 85 32767 24 11 32 49 32767 29 94 32767 88 
86 32767 32767 20 13 93 94 32767 18 66 32767 32767 32 45 80 43 32767 57 40 32767 63 42 32767 52 48 55 32767 69 
29 80 17 5 32767 32767 98 82 32767 93 32767 32767 32767 100 40 13 32767 36 85 36 30 32767 32767 4 69 32767 94 32767 
36 38 32767 54 32767 24 32767 32767 85 53 32 32767 32767 32767 83 68 83 80 32767 45 32767 32767 90 32767 77 51 32767 32767 
32767 72 42 60 81 32767 62 44 3 31 45 100 32767 32767 32767 3 19 32767 32767 32767 32767 32767 13 32767 32767 93 32767 32767 
71 32767 32767 52 93 58 74 32767 38 32767 80 40 83 32767 32767 32767 32767 32767 32767 21 28 25 32767 48 32767 50 32767 34 
32767 32767 27 5 80 32767 32767 7 32767 25 43 13 68 3 32767 32767 85 32767 21 70 34 32767 55 32767 86 33 73 3 
73 29 31 8 71 13 31 32767 32767 62 32767 32767 83 19 32767 85 32767 89 32767 59 50 71 32767 55 75 98 32767 32767 
32767 32767 45 32767 32767 28 44 32767 32767 85 57 36 80 32767 32767 32767 89 32767 32767 98 83 22 32767 80 67 32767 32767 32767 
2 85 32767 32767 29 49 39 32767 75 32767 40 85 32767 32767 32767 21 32767 32767 32767 32767 65 32767 6 21 80 63 32767 32767 
59 82 73 54 68 46 41 32767 32767 24 32767 36 45 32767 21 70 59 98 32767 32767 5 14 47 32767 20 37 2 33 
3 73 57 32767 76 32767 65 32767 95 11 63 30 32767 32767 28 34 50 83 65 5 32767 32767 95 27 32767 84 32767 72 
93 56 32767 32767 26 41 32767 94 34 32 42 32767 32767 32767 25 32767 71 22 32767 14 32767 32767 20 64 43 32767 32767 21 
11 47 32767 32767 81 72 32767 16 32767 49 32767 32767 90 13 32767 55 32767 32767 6 47 95 20 32767 32767 32767 78 39 72 
32767 34 4 32767 32767 32767 32767 2 32767 32767 52 4 32767 32767 48 32767 55 80 21 32767 27 64 32767 32767 9 7 32767 33 
73 91 21 53 32767 57 41 32767 85 29 48 69 77 32767 32767 86 75 67 80 20 32767 43 32767 9 32767 63 83 32767 
66 77 75 32767 32 75 31 42 32767 94 55 32767 51 93 50 33 98 32767 63 37 84 32767 78 7 63 32767 89 78 
32767 32767 35 87 32767 29 32767 33 32767 32767 32767 94 32767 32767 32767 73 32767 32767 32767 2 32767 32767 39 32767 83 89 32767 23 
32767 50 14 79 86 32767 17 32767 32767 88 69 32767 32767 32767 34 3 32767 32767 32767 33 72 21 72 33 32767 78 23 32767 
EOF