DIMENSION: 28
EDGE_WEIGHT_TYPE: EXPLICIT
EDGE_WEIGHT_FORMAT: FULL_MATRIX
EDGE_WEIGHT_SECTION:
32767 42 51 2 34 32767 88 72 32767 32767 81 99 10 32767 10 30 69 31 75 32767 25 32767 75 32767 11 3 32767 32767 
42 32767 36 20 32767 32767 32767 32767 91 17 49 32767 32767 59 32767 36 89 94 21 60 32767 34 39 32767 37 44 24 32767 
51 36 32767 32767 32767 32767 32767 32767 35 37 32767 32767 31 34 49 9 32767 50 83 32767 32767 72 32767 32767 56 32767 31 53 
2 20 32767 32767 17 32767 98 32767 32767 52 73 32767 39 33 32767 9 23 53 28 17 42 47 32767 88 21 16 32767 32767 
34 32767 32767 17 32767 69 22 32767 54 32767 32767 32767 10 32767 22 1 32767 32767 93 5 32767 32767 37 20 32767 32767 1 32767 
32767 32767 32767 32767 69 32767 60 36 86 32767 95 44 25 32767 32767 32767 32767 64 32767 20 2 17 32767 32767 87 32767 46 96 
88 32767 32767 98 22 60 32767 2 61 32767 32767 32767 32767 4 32767 46 36 86 90 34 32767 32767 84 97 58 32767 68 87 
72 32767 32767 32767 32767 36 2 32767 32767 35 76 39 32767 36 32767 32767 32767 24 45 32767 32767 88 32767 85 90 37 14 32767 
32767 91 35 32767 54 86 61 32767 32767 32767 32767 71 32767 32767 53 96 23 77 43 2 42 25 25 64 13 90 56 32767 
32767 17 37 52 32767 32767 32767 35 32767 32767 32767 21 32767 25 86 32767 60 39 97 23 32767 99 9 80 39 32767 32767 32767 
81 49 32767 73 32767 95 32767 76 32767 32767 32767 90 85 90 32767 32767 32767 33 32767 32767 32767 73 32767 32767 48 46 27 43 
99 32767 32767 32767 32767 44 32767 39 71 21 90 32767 32767 95 34 74 38 32767 12 32767 32767 32767 65 13 32767 70 13 13 
10 32767 31 39 10 25 32767 32767 32767 32767 85 32767 32767 32 32767 27 32767 73 75 32767 32 94 32767 32767 42 74 90 18 
32767 59 34 33 32767 32767 4 36 32767 25 90 95 32 32767 8 32767 32767 32767 29 68 86 32767 10 32767 32767 32767 8 3 
10 32767 49 32767 22 32767 32767 32767 53 86 32767 34 32767 8 32767 32767 32767 83 45 69 58 32767 22 32767 32767 32767 28 32767 
30 36 9 9 1 32767 46 32767 96 32767 32767 74 27 32767 32767 32767 65 32767 74 32767 32767 32767 71 49 87 94 64 34 
69 89 32767 23 32767 32767 36 32767 23 60 32767 38 32767 32767 32767 65 32767 32767 32767 38 60 32767 87 81 97 32767 70 32767 
31 94 50 53 32767 64 86 24 77 39 33 32767 73 32767 83 32767 32767 32767 29 32767 32767 95 32767 14 92 86 27 38 
75 21 83 28 93 32767 90 45 43 97 32767 12 75 29 45 74 32767 29 32767 94 70 36 39 99 24 32767 99 100 
32767 60 32767 17 5 20 34 32767 2 23 32767 32767 32767 68 69 32767 38 32767 94 32767 37 4 32767 32767 6 91 32767 22 
25 32767 32767 42 32767 2 32767 32767 42 32767 32767 32767 32 86 58 32767 60 32767 70 37 32767 32767 15 32767 32767 8 32767 32767 
32767 34 72 47 32767 17 32767 88 25 99 73 32767 94 32767 32767 32767 32767 95 36 4 32767 32767 32767 18 18 93 71 32767 
75 39 32767 32767 37 32767 84 32767 25 9 32767 65 32767 10 22 71 87 32767 39 32767 15 32767 32767 32767 32767 32767 32767 32767 
32767 32767 32767 88 20 32767 97 85 64 80 32767 13 32767 32767 32767 49 81 14 99 32767 32767 18 32767 32767 73 32767 7 12 
11 37 56 21 32767 87 58 90 13 39 48 32767 42 32767 32767 87 97 92 24 6 32767 18 32767 73 32767 55 50 2 
3 44 32767 16 32767 32767 32767 37 90 32767 46 70 74 32767 32767 94 32767 86 32767 91 8 93 32767 32767 55 32767 32767 16 
32767 24 31 32767 1 46 68 14 56 32767 27 13 90 8 28 64 70 27 99 32767 32767 71 32767 7 50 32767 32767 52 
32767 32767 53 32767 32767 96 87 32767 32767 32767 43 13 18 3 32767 34 32767 38 100 22 32767 32767 32767 12 2 16 52 32767 
EOF