DIMENSION: 28
EDGE_WEIGHT_TYPE: EXPLICIT
EDGE_WEIGHT_FORMAT: FULL_MATRIX
EDGE_WEIGHT_SECTION:
32767 32767 90 32767 32767 32767 32767 30 32767 32767 67 32767 32767 57 91 46 15 32767 32767 32767 32767 31 11 32767 32767 83 98 32767 
32767 32767 32767 32767 32767 90 51 32767 32767 32767 32767 32767 13 57 61 32767 3 32767 32767 32767 32767 17 32767 32767 32767 43 83 32767 
90 32767 32767 32767 42 50 32767 38 32767 85 32767 32767 32767 21 32767 22 20 32767 62 1 30 75 34 66 32767 18 66 47 
32767 32767 32767 32767 61 46 23 62 32767 32767 50 94 47 18 12 81 7 18 33 32767 31 100 32767 2 26 51 96 32767 
32767 32767 42 61 32767 90 32767 32767 32767 32767 86 9 9 45 78 72 63 32767 32767 25 32767 88 57 32767 32767 72 23 32767 
32767 90 50 46 90 32767 51 32767 59 2 58 85 9 32767 31 89 32767 9 76 29 55 59 32767 2 36 90 32767 32767 
32767 51 32767 23 32767 51 32767 58 32767 94 32767 43 10 34 32767 28 57 32767 63 32767 92 3 32767 32767 12 32767 8 86 
30 32767 38 62 32767 32767 58 32767 32767 30 32767 9 76 32767 68 81 29 38 21 32767 23 32767 24 32767 73 46 11 32767 
32767 32767 32767 32767 32767 59 32767 32767 32767 25 48 16 17 63 10 20 29 29 32767 32 90 61 70 19 6 32767 46 60 
32767 32767 85 32767 32767 2 94 30 25 32767 32767 76 32767 32767 57 32767 32767 82 36 52 28 66 2 97 18 28 47 32767 
67 32767 32767 50 86 58 32767 32767 48 32767 32767 60 13 91 32767 43 71 32767 6 67 32767 7 50 29 31 100 76 46 
32767 32767 32767 94 9 85 43 9 16 76 60 32767 32767 77 63 32767 32767 62 48 9 20 30 34 31 32767 32767 32767 50 
32767 13 32767 47 9 9 10 76 17 32767 13 32767 32767 32767 77 31 86 16 26 77 32767 32767 32767 33 95 10 32767 33 
57 57 21 18 45 32767 34 32767 63 32767 91 77 32767 32767 90 39 38 51 32767 34 84 32767 83 52 57 32767 32 67 
91 61 32767 12 78 31 32767 68 10 57 32767 63 77 90 32767 32767 28 11 13 32767 32767 18 73 2 53 54 32767 32767 
46 32767 22 81 72 89 28 81 20 32767 43 32767 31 39 32767 32767 32767 80 71 38 62 27 84 43 32767 32767 94 32767 
15 3 20 7 63 32767 57 29 29 32767 71 32767 86 38 28 32767 32767 32767 19 84 88 94 32767 34 2 32767 57 69 
32767 32767 32767 18 32767 9 32767 38 29 82 32767 62 16 51 11 80 32767 32767 29 50 80 32767 76 32767 32767 49 45 32767 
32767 32767 62 33 32767 76 63 21 32767 36 6 48 26 32767 13 71 19 29 32767 85 32767 32767 2 64 32767 99 90 87 
32767 32767 1 32767 25 29 32767 32767 32 52 67 9 77 34 32767 38 84 50 85 32767 52 12 17 32767 92 32767 66 68 
32767 32767 30 31 32767 55 92 23 90 28 32767 20 32767 84 32767 62 88 80 32767 52 32767 71 46 32767 76 80 32767 13 
31 17 75 100 88 59 3 32767 61 66 7 30 32767 32767 18 27 94 32767 32767 12 71 32767 62 32767 32767 17 32767 28 
11 32767 34 32767 57 32767 32767 24 70 2 50 34 32767 83 73 84 32767 76 2 17 46 62 32767 32767 83 94 32767 11 
32767 32767 66 2 32767 2 32767 32767 19 97 29 31 33 52 2 43 34 32767 64 32767 32767 32767 32767 32767 59 36 69 32767 
32767 32767 32767 26 32767 36 12 73 6 18 31 32767 95 57 53 32767 2 32767 32767 92 76 32767 83 59 32767 97 77 63 
83 43 18 51 72 90 32767 46 32767 28 100 32767 10 32767 54 32767 32767 49 99 32767 80 17 94 36 97 32767 32767 32767 
98 83 66 96 23 32767 8 11 46 47 76 32767 32767 32 32767 94 57 45 90 66 32767 32767 32767 69 77 32767 32767 32767 
32767 32767 47 32767 32767 32767 86 32767 60 32767 46 50 33 67 32767 32767 69 32767 87 68 13 28 11 32767 63 32767 32767 32767 
EOF