DIMENSION: 28
EDGE_WEIGHT_TYPE: EXPLICIT
EDGE_WEIGHT_FORMAT: FULL_MATRIX
EDGE_WEIGHT_SECTION:
32767 31 32767 38 32767 32767 32767 32767 32767 89 32767 54 46 42 32767 32767 69 32767 32767 45 12 32767 21 10 59 8 32767 32767 
31 32767 32767 84 32767 32767 77 30 96 97 32767 32767 39 32767 51 32767 71 32767 32767 12 80 32767 32767 47 32767 32767 32767 86 
32767 32767 32767 32767 56 32767 52 32767 52 32767 84 32767 57 32767 91 32767 80 89 32767 35 32767 32767 32767 32767 32767 86 63 3 
38 84 32767 32767 32767 54 32767 89 32767 32767 41 32767 32767 79 32767 19 21 72 32767 32767 32767 32767 52 98 27 53 32767 70 
32767 32767 56 32767 32767 87 32767 79 32767 32767 32767 74 44 32767 96 24 50 84 32767 33 98 86 32767 55 32767 69 32767 32767 
32767 32767 32767 54 87 32767 21 93 87 32767 83 36 83 6 37 50 32767 43 32767 92 7 79 32767 46 58 32767 96 46 
32767 77 52 32767 32767 21 32767 59 32767 41 46 54 32767 32767 4 80 93 21 20 32767 65 23 32 78 1 32767 89 32767 
32767 30 32767 89 79 93 59 32767 86 32 91 16 87 32767 32767 97 95 25 84 64 69 96 80 32767 7 95 70 33 
32767 96 52 32767 32767 87 32767 86 32767 21 63 63 32767 22 90 32767 25 32767 32767 32767 1 32767 80 42 33 76 32767 9 
89 97 32767 32767 32767 32767 41 32 21 32767 66 93 99 64 66 17 32767 32767 32767 73 32767 63 48 32767 86 32767 61 32767 
32767 32767 84 41 32767 83 46 91 63 66 32767 32767 32767 32767 9 32767 59 80 21 32767 32 32767 99 37 53 67 32767 4 
54 32767 32767 32767 74 36 54 16 63 93 32767 32767 42 56 37 76 5 55 32767 32767 32767 58 62 93 66 31 29 35 
46 39 57 32767 44 83 32767 87 32767 99 32767 42 32767 32767 32767 32767 68 1 84 32767 32767 18 50 41 32767 32767 94 17 
42 32767 32767 79 32767 6 32767 32767 22 64 32767 56 32767 32767 32767 32767 89 26 97 32767 32767 82 41 15 9 32767 32767 32767 
32767 51 91 32767 96 37 4 32767 90 66 9 37 32767 32767 32767 32767 32767 67 32767 43 46 95 56 100 32767 32767 93 37 
32767 32767 32767 19 24 50 80 97 32767 17 32767 76 32767 32767 32767 32767 75 32767 41 16 66 32767 30 54 32767 96 32767 32767 
69 71 80 21 50 32767 93 95 25 32767 59 5 68 89 32767 75 32767 9 32767 95 47 15 32767 32767 64 32 3 32767 
32767 32767 89 72 84 43 21 25 32767 32767 80 55 1 26 67 32767 9 32767 32767 32767 84 30 32767 54 32767 68 32767 28 
32767 32767 32767 32767 32767 32767 20 84 32767 32767 21 32767 84 97 32767 41 32767 32767 32767 14 32767 32767 32767 32767 50 32767 32767 91 
45 12 35 32767 33 92 32767 64 32767 73 32767 32767 32767 32767 43 16 95 32767 14 32767 88 34 57 32767 55 11 69 32767 
12 80 32767 32767 98 7 65 69 1 32767 32 32767 32767 32767 46 66 47 84 32767 88 32767 32767 60 63 70 93 79 30 
32767 32767 32767 32767 86 79 23 96 32767 63 32767 58 18 82 95 32767 15 30 32767 34 32767 32767 32767 32767 32767 32767 32767 41 
21 32767 32767 52 32767 32767 32 80 80 48 99 62 50 41 56 30 32767 32767 32767 57 60 32767 32767 63 1 52 38 83 
10 47 32767 98 55 46 78 32767 42 32767 37 93 41 15 100 54 32767 54 32767 32767 63 32767 63 32767 32767 18 71 87 
59 32767 32767 27 32767 58 1 7 33 86 53 66 32767 9 32767 32767 64 32767 50 55 70 32767 1 32767 32767 32767 79 32767 
8 32767 86 53 69 32767 32767 95 76 32767 67 31 32767 32767 32767 96 32 68 32767 11 93 32767 52 18 32767 32767 32767 32767 
32767 32767 63 32767 32767 96 89 70 32767 61 32767 29 94 32767 93 32767 3 32767 32767 69 79 32767 38 71 79 32767 32767 32767 
32767 86 3 70 32767 46 32767 33 9 32767 4 35 17 32767 37 32767 32767 28 91 32767 30 41 83 87 32767 32767 32767 32767 
EOF