DIMENSION: 30
EDGE_WEIGHT_TYPE: EXPLICIT
EDGE_WEIGHT_FORMAT: FULL_MATRIX
EDGE_WEIGHT_SECTION:
32767 95 34 62 52 79 32767 65 53 18 14 16 49 18 30 79 41 60 62 52 92 39 63 22 32767 32767 32 36 7 43 
95 32767 22 17 36 80 48 87 53 82 51 46 63 62 85 96 32767 38 57 32767 8 97 95 31 32767 83 28 64 23 90 
34 22 32767 100 92 83 83 54 32767 41 29 84 84 32767 30 70 25 84 20 53 60 19 78 15 44 24 76 25 96 32767 
62 17 100 32767 25 79 66 16 83 16 100 32767 94 76 72 32767 95 81 87 53 93 18 61 34 98 68 21 24 12 22 
52 36 92 25 32767 36 76 3 39 91 17 20 58 20 60 59 82 97 25 69 30 90 37 66 81 19 95 35 74 42 
79 80 83 79 36 32767 32767 52 4 13 59 29 54 98 73 28 70 18 81 4 33 74 80 33 59 42 17 77 58 84 
32767 48 83 66 76 32767 32767 63 81 97 54 60 32767 92 86 97 94 73 25 6 69 55 10 57 68 21 97 29 10 71 
65 87 54 16 3 52 63 32767 33 62 2 67 26 24 32767 30 61 95 37 4 32767 53 88 9 14 82 70 8 9 61 
53 53 32767 83 39 4 81 33 32767 30 65 23 63 71 10 32767 32767 32767 23 21 42 32767 16 100 23 59 43 32767 8 16 
18 82 41 16 91 13 97 62 30 32767 69 11 84 4 50 26 14 88 34 30 97 70 32 24 15 32 13 32767 96 7 
14 51 29 100 17 59 54 2 65 69 32767 33 70 49 94 32767 68 32767 32767 98 94 61 72 9 11 32767 14 27 13 8 
16 46 84 32767 20 29 60 67 23 11 33 32767 66 22 35 79 78 40 87 43 92 12 28 41 5 66 31 51 81 7 
49 63 84 94 58 54 32767 26 63 84 70 66 32767 67 10 78 78 70 20 32767 84 18 98 24 28 47 43 85 1 85 
18 62 32767 76 20 98 92 24 71 4 49 22 67 32767 61 67 58 31 3 67 100 57 46 66 23 32767 17 13 11 32767 
30 85 30 72 60 73 86 32767 10 50 94 35 10 61 32767 48 99 38 97 85 63 88 35 32767 32 29 2 37 51 53 
79 96 70 32767 59 28 97 30 32767 26 32767 79 78 67 48 32767 16 61 69 80 75 60 14 65 97 42 87 88 14 58 
41 32767 25 95 82 70 94 61 32767 14 68 78 78 58 99 16 32767 76 28 32 86 66 28 16 18 98 60 42 73 74 
60 38 84 81 97 18 73 95 32767 88 32767 40 70 31 38 61 76 32767 68 36 54 38 58 21 22 60 78 36 60 32767 
62 57 20 87 25 81 25 37 23 34 32767 87 20 3 97 69 28 68 32767 71 70 3 48 32767 86 46 65 23 5 17 
52 32767 53 53 69 4 6 4 21 30 98 43 32767 67 85 80 32 36 71 32767 33 74 7 32767 66 32767 32767 24 58 4 
92 8 60 93 30 33 69 32767 42 97 94 92 84 100 63 75 86 54 70 33 32767 40 42 22 58 32767 80 1 86 32767 
39 97 19 18 90 74 55 53 32767 70 61 12 18 57 88 60 66 38 3 74 40 32767 32767 94 32767 50 66 34 40 32767 
63 95 78 61 37 80 10 88 16 32 72 28 98 46 35 14 28 58 48 7 42 32767 32767 95 57 88 40 7 76 57 
22 31 15 34 66 33 57 9 100 24 9 41 24 66 32767 65 16 21 32767 32767 22 94 95 32767 32767 95 32767 32767 6 78 
32767 32767 44 98 81 59 68 14 23 15 11 5 28 23 32 97 18 22 86 66 58 32767 57 32767 32767 43 93 36 70 26 
32767 83 24 68 19 42 21 82 59 32 32767 66 47 32767 29 42 98 60 46 32767 32767 50 88 95 43 32767 62 55 35 69 
32 28 76 21 95 17 97 70 43 13 14 31 43 17 2 87 60 78 65 32767 80 66 40 32767 93 62 32767 53 92 94 
36 64 25 24 35 77 29 8 32767 32767 27 51 85 13 37 88 42 36 23 24 1 34 7 32767 36 55 53 32767 92 43 
7 23 96 12 74 58 10 9 8 96 13 81 1 11 51 14 73 60 5 58 86 40 76 6 70 35 92 92 32767 54 
43 90 32767 22 42 84 71 61 16 7 8 7 85 32767 53 58 74 32767 17 4 32767 32767 57 78 26 69 94 43 54 32767 
EOF