DIMENSION: 30
EDGE_WEIGHT_TYPE: EXPLICIT
EDGE_WEIGHT_FORMAT: FULL_MATRIX
EDGE_WEIGHT_SECTION:
32767 32767 15 32767 48 91 32767 70 32767 75 35 17 87 60 32 78 72 64 84 33 12 49 59 76 47 84 50 50 54 18 
32767 32767 63 25 32767 89 78 85 98 51 76 79 73 80 29 55 85 86 30 98 79 67 20 32767 69 60 47 50 32767 30 
15 63 32767 64 54 78 34 14 99 29 96 36 99 36 57 17 61 54 32767 17 87 80 20 32767 86 52 24 62 18 9 
32767 25 64 32767 81 64 60 8 65 33 28 47 91 1 88 43 3 22 15 25 47 44 63 22 92 46 77 31 87 96 
48 32767 54 81 32767 34 37 41 9 92 1 25 95 47 32767 90 15 2 43 96 16 7 32767 95 19 32767 10 3 63 45 
91 89 78 64 34 32767 97 23 89 32767 32767 98 62 32767 29 72 27 29 32767 79 10 32767 25 2 27 52 58 15 37 12 
32767 78 34 60 37 97 32767 72 99 32767 25 52 35 81 62 21 91 71 53 17 1 28 78 83 58 44 93 32767 80 36 
70 85 14 8 41 23 72 32767 42 96 16 8 32767 95 92 10 32767 40 41 32767 70 22 2 93 13 71 32767 56 63 31 
32767 98 99 65 9 89 99 42 32767 9 54 87 65 32767 57 93 45 92 90 27 4 43 4 85 28 79 53 92 3 81 
75 51 29 33 92 32767 32767 96 9 32767 58 89 86 100 15 81 23 92 73 96 74 57 64 54 16 29 32767 17 96 26 
35 76 96 28 1 32767 25 16 54 58 32767 14 56 26 27 54 51 27 14 92 10 80 90 53 32 5 23 60 1 12 
17 79 36 47 25 98 52 8 87 89 14 32767 88 32 74 66 15 51 18 18 35 64 23 32767 97 34 38 90 58 32767 
87 73 99 91 95 62 35 32767 65 86 56 88 32767 47 58 70 72 47 3 100 87 7 32767 33 32767 18 62 24 97 29 
60 80 36 1 47 32767 81 95 32767 100 26 32 47 32767 13 58 10 6 75 21 49 41 19 39 51 10 96 41 14 87 
32 29 57 88 32767 29 62 92 57 15 27 74 58 13 32767 8 12 77 25 32767 97 29 69 25 77 47 61 79 3 59 
78 55 17 43 90 72 21 10 93 81 54 66 70 58 8 32767 61 83 32767 51 20 87 76 80 84 59 42 29 22 56 
72 85 61 3 15 27 91 32767 45 23 51 15 72 10 12 61 32767 93 77 90 2 15 33 31 32767 32767 32767 16 21 99 
64 86 54 22 2 29 71 40 92 92 27 51 47 6 77 83 93 32767 32767 61 98 22 48 82 85 40 20 90 91 75 
84 30 32767 15 43 32767 53 41 90 73 14 18 3 75 25 32767 77 32767 32767 30 42 32767 22 84 81 92 41 62 30 43 
33 98 17 25 96 79 17 32767 27 96 92 18 100 21 32767 51 90 61 30 32767 76 32767 81 32767 23 2 75 42 94 16 
12 79 87 47 16 10 1 70 4 74 10 35 87 49 97 20 2 98 42 76 32767 61 97 62 1 95 32767 38 87 9 
49 67 80 44 7 32767 28 22 43 57 80 64 7 41 29 87 15 22 32767 32767 61 32767 39 94 89 57 88 47 20 15 
59 20 20 63 32767 25 78 2 4 64 90 23 32767 19 69 76 33 48 22 81 97 39 32767 24 29 71 59 13 38 17 
76 32767 32767 22 95 2 83 93 85 54 53 32767 33 39 25 80 31 82 84 32767 62 94 24 32767 22 32767 15 21 98 99 
47 69 86 92 19 27 58 13 28 16 32 97 32767 51 77 84 32767 85 81 23 1 89 29 22 32767 73 22 67 76 21 
84 60 52 46 32767 52 44 71 79 29 5 34 18 10 47 59 32767 40 92 2 95 57 71 32767 73 32767 59 98 87 47 
50 47 24 77 10 58 93 32767 53 32767 23 38 62 96 61 42 32767 20 41 75 32767 88 59 15 22 59 32767 62 11 77 
50 50 62 31 3 15 32767 56 92 17 60 90 24 41 79 29 16 90 62 42 38 47 13 21 67 98 62 32767 32767 32767 
54 32767 18 87 63 37 80 63 3 96 1 58 97 14 3 22 21 91 30 94 87 20 38 98 76 87 11 32767 32767 36 
18 30 9 96 45 12 36 31 81 26 12 32767 29 87 59 56 99 75 43 16 9 15 17 99 21 47 77 32767 36 32767 
EOF