DIMENSION: 30
EDGE_WEIGHT_TYPE: EXPLICIT
EDGE_WEIGHT_FORMAT: FULL_MATRIX
EDGE_WEIGHT_SECTION:
32767 32 91 40 32767 39 96 44 32767 49 65 67 45 40 32767 35 98 88 80 88 27 63 12 96 19 55 18 48 95 26 
32 32767 7 63 12 32767 91 40 64 32767 32 99 40 80 46 44 35 36 32767 94 31 36 50 20 58 32767 99 50 94 13 
91 7 32767 35 74 54 72 72 87 22 84 37 25 19 94 25 65 31 95 38 32767 43 19 32767 11 50 56 89 32767 13 
40 63 35 32767 16 32767 32767 48 48 92 63 13 8 65 90 88 32767 72 1 62 32767 35 46 97 10 62 72 61 10 91 
32767 12 74 16 32767 98 44 42 60 15 72 94 26 59 84 18 32767 90 82 82 16 98 54 41 46 83 26 10 20 42 
39 32767 54 32767 98 32767 37 11 82 5 77 68 96 91 32767 83 49 99 10 32767 93 31 56 99 99 69 47 41 32767 89 
96 91 72 32767 44 37 32767 31 85 57 50 1 51 4 8 22 39 25 8 68 72 44 15 1 40 83 64 100 12 28 
44 40 72 48 42 11 31 32767 95 49 87 55 4 50 55 87 19 67 44 51 35 72 5 21 99 84 94 35 59 25 
32767 64 87 48 60 82 85 95 32767 81 33 2 61 3 3 12 87 32767 59 75 2 74 99 1 99 66 50 32767 1 10 
49 32767 22 92 15 5 57 49 81 32767 91 92 90 70 88 92 41 93 6 31 32767 32767 9 98 43 57 52 16 48 72 
65 32 84 63 72 77 50 87 33 91 32767 70 8 79 68 32767 32767 32767 61 32767 60 33 52 6 32767 58 94 5 76 67 
67 99 37 13 94 68 1 55 2 92 70 32767 81 17 32767 39 71 70 31 65 38 32767 32767 75 5 9 37 83 76 42 
45 40 25 8 26 96 51 4 61 90 8 81 32767 37 32767 75 23 32767 12 34 46 44 19 2 2 82 19 51 37 99 
40 80 19 65 59 91 4 50 3 70 79 17 37 32767 32767 3 1 53 88 39 32 60 32 19 35 40 50 75 44 46 
32767 46 94 90 84 32767 8 55 3 88 68 32767 32767 32767 32767 89 21 76 94 59 31 46 32767 30 31 57 78 64 32767 10 
35 44 25 88 18 83 22 87 12 92 32767 39 75 3 89 32767 78 1 6 7 45 96 36 46 67 63 87 45 31 12 
98 35 65 32767 32767 49 39 19 87 41 32767 71 23 1 21 78 32767 85 47 28 32767 32767 32767 38 65 61 77 17 52 72 
88 36 31 72 90 99 25 67 32767 93 32767 70 32767 53 76 1 85 32767 32767 24 60 13 32767 97 19 22 42 38 72 71 
80 32767 95 1 82 10 8 44 59 6 61 31 12 88 94 6 47 32767 32767 21 69 8 61 11 55 31 63 28 32767 99 
88 94 38 62 82 32767 68 51 75 31 32767 65 34 39 59 7 28 24 21 32767 69 14 53 32767 6 81 65 66 20 55 
27 31 32767 32767 16 93 72 35 2 32767 60 38 46 32 31 45 32767 60 69 69 32767 50 32 69 85 4 46 53 90 14 
63 36 43 35 98 31 44 72 74 32767 33 32767 44 60 46 96 32767 13 8 14 50 32767 29 32767 9 68 15 81 99 42 
12 50 19 46 54 56 15 5 99 9 52 32767 19 32 32767 36 32767 32767 61 53 32 29 32767 98 27 59 94 20 46 12 
96 20 32767 97 41 99 1 21 1 98 6 75 2 19 30 46 38 97 11 32767 69 32767 98 32767 47 32767 18 32767 66 26 
19 58 11 10 46 99 40 99 99 43 32767 5 2 35 31 67 65 19 55 6 85 9 27 47 32767 63 72 73 71 39 
55 32767 50 62 83 69 83 84 66 57 58 9 82 40 57 63 61 22 31 81 4 68 59 32767 63 32767 12 72 91 79 
18 99 56 72 26 47 64 94 50 52 94 37 19 50 78 87 77 42 63 65 46 15 94 18 72 12 32767 32767 90 70 
48 50 89 61 10 41 100 35 32767 16 5 83 51 75 64 45 17 38 28 66 53 81 20 32767 73 72 32767 32767 16 89 
95 94 32767 10 20 32767 12 59 1 48 76 76 37 44 32767 31 52 72 32767 20 90 99 46 66 71 91 90 16 32767 52 
26 13 13 91 42 89 28 25 10 72 67 42 99 46 10 12 72 71 99 55 14 42 12 26 39 79 70 89 52 32767 
EOF