DIMENSION: 30
EDGE_WEIGHT_TYPE: EXPLICIT
EDGE_WEIGHT_FORMAT: FULL_MATRIX
EDGE_WEIGHT_SECTION:
32767 21 13 47 46 67 90 41 78 74 72 32767 32767 61 54 46 88 32767 32767 79 13 28 19 13 29 63 63 32767 35 32767 
21 32767 47 87 99 82 29 45 78 31 70 32767 32767 9 88 41 59 36 93 9 33 15 96 11 32767 88 84 70 46 45 
13 47 32767 91 32767 92 53 56 9 79 32767 46 71 70 93 14 32767 32767 32767 50 56 28 96 2 46 32767 7 74 100 32767 
47 87 91 32767 22 27 3 48 40 93 19 69 23 17 63 33 72 35 8 29 16 16 42 99 45 25 90 13 56 88 
46 99 32767 22 32767 94 79 81 36 19 73 23 3 2 1 32767 32767 13 18 48 5 43 11 63 86 35 18 37 94 8 
67 82 92 27 94 32767 43 93 84 21 81 26 59 82 92 64 99 81 4 56 60 32767 55 88 5 63 24 83 93 41 
90 29 53 3 79 43 32767 45 78 87 7 31 10 87 74 45 84 56 58 80 32767 73 31 42 15 6 73 76 69 39 
41 45 56 48 81 93 45 32767 32 36 14 32767 12 30 37 67 50 23 71 25 62 39 52 51 28 30 47 22 63 32767 
78 78 9 40 36 84 78 32 32767 99 19 72 54 46 16 4 100 3 67 32767 32767 27 98 32767 8 22 8 30 32767 5 
74 31 79 93 19 21 87 36 99 32767 5 35 58 71 6 4 69 23 75 42 79 14 32767 57 46 24 27 25 82 21 
72 70 32767 19 73 81 7 14 19 5 32767 71 46 13 68 2 53 32767 32767 59 32767 67 59 50 67 72 32767 38 97 81 
32767 32767 46 69 23 26 31 32767 72 35 71 32767 2 22 57 8 32767 26 78 77 59 84 35 33 67 95 36 32767 30 29 
32767 32767 71 23 3 59 10 12 54 58 46 2 32767 32767 37 36 92 61 45 64 24 14 96 32767 14 32767 32767 32767 64 52 
61 9 70 17 2 82 87 30 46 71 13 22 32767 32767 32 98 78 64 45 89 13 32767 88 60 98 11 41 32767 63 82 
54 88 93 63 1 92 74 37 16 6 68 57 37 32 32767 57 68 32767 98 96 36 59 35 23 12 18 39 71 100 93 
46 41 14 33 32767 64 45 67 4 4 2 8 36 98 57 32767 83 43 32767 49 76 74 75 55 83 24 80 74 96 10 
88 59 32767 72 32767 99 84 50 100 69 53 32767 92 78 68 83 32767 32767 11 40 81 41 83 86 45 100 37 75 77 32 
32767 36 32767 35 13 81 56 23 3 23 32767 26 61 64 32767 43 32767 32767 5 81 80 11 79 36 36 17 98 43 36 34 
32767 93 32767 8 18 4 58 71 67 75 32767 78 45 45 98 32767 11 5 32767 94 76 43 7 29 57 44 50 21 33 64 
79 9 50 29 48 56 80 25 32767 42 59 77 64 89 96 49 40 81 94 32767 77 55 55 32767 41 57 88 95 85 74 
13 33 56 16 5 60 32767 62 32767 79 32767 59 24 13 36 76 81 80 76 77 32767 2 67 32767 41 72 32767 87 27 81 
28 15 28 16 43 32767 73 39 27 14 67 84 14 32767 59 74 41 11 43 55 2 32767 7 8 35 51 95 20 90 54 
19 96 96 42 11 55 31 52 98 32767 59 35 96 88 35 75 83 79 7 55 67 7 32767 32767 73 32767 65 36 57 16 
13 11 2 99 63 88 42 51 32767 57 50 33 32767 60 23 55 86 36 29 32767 32767 8 32767 32767 26 80 71 82 32767 32 
29 32767 46 45 86 5 15 28 8 46 67 67 14 98 12 83 45 36 57 41 41 35 73 26 32767 49 3 70 85 78 
63 88 32767 25 35 63 6 30 22 24 72 95 32767 11 18 24 100 17 44 57 72 51 32767 80 49 32767 27 22 78 92 
63 84 7 90 18 24 73 47 8 27 32767 36 32767 41 39 80 37 98 50 88 32767 95 65 71 3 27 32767 79 29 6 
32767 70 74 13 37 83 76 22 30 25 38 32767 32767 32767 71 74 75 43 21 95 87 20 36 82 70 22 79 32767 97 94 
35 46 100 56 94 93 69 63 32767 82 97 30 64 63 100 96 77 36 33 85 27 90 57 32767 85 78 29 97 32767 32767 
32767 45 32767 88 8 41 39 32767 5 21 81 29 52 82 93 10 32 34 64 74 81 54 16 32 78 92 6 94 32767 32767 
EOF