DIMENSION: 30
EDGE_WEIGHT_TYPE: EXPLICIT
EDGE_WEIGHT_FORMAT: FULL_MATRIX
EDGE_WEIGHT_SECTION:
32767 61 57 21 59 32767 30 11 35 27 11 40 30 37 39 47 65 6 62 13 32767 47 7 82 42 86 40 33 17 95 
61 32767 32 3 95 83 69 3 78 34 9 95 95 43 32767 75 33 90 100 43 32767 32767 11 23 59 93 70 68 22 35 
57 32 32767 63 70 63 9 46 75 88 42 1 14 1 19 32767 38 6 44 73 81 78 23 31 8 32767 52 20 28 63 
21 3 63 32767 32767 33 32767 70 31 7 53 74 100 88 93 92 91 78 47 94 36 93 60 49 94 84 77 12 68 8 
59 95 70 32767 32767 32767 51 10 32767 71 59 53 50 84 12 32767 5 34 66 66 9 100 88 46 96 20 11 45 37 40 
32767 83 63 33 32767 32767 5 47 13 63 74 19 48 54 72 83 100 59 41 32767 77 58 100 24 45 75 28 32767 62 14 
30 69 9 32767 51 5 32767 88 14 4 76 27 32767 97 17 68 38 32767 34 3 25 99 62 1 49 74 83 18 68 57 
11 3 46 70 10 47 88 32767 55 31 52 98 32767 52 47 43 73 36 2 98 32767 99 96 13 29 17 89 83 57 89 
35 78 75 31 32767 13 14 55 32767 32767 100 86 96 48 75 6 95 57 45 93 28 52 37 4 81 43 45 3 2 92 
27 34 88 7 71 63 4 31 32767 32767 98 37 30 9 56 41 3 82 32767 37 64 32767 95 6 32767 7 70 48 22 100 
11 9 42 53 59 74 76 52 100 98 32767 52 21 18 6 37 97 79 65 55 10 30 53 54 22 95 93 50 1 32767 
40 95 1 74 53 19 27 98 86 37 52 32767 58 57 77 84 46 96 32767 51 18 81 7 98 74 3 8 95 61 36 
30 95 14 100 50 48 32767 32767 96 30 21 58 32767 3 1 15 39 32767 89 7 25 32767 26 6 69 27 62 55 47 32767 
37 43 1 88 84 54 97 52 48 9 18 57 3 32767 1 92 78 82 21 85 69 55 87 78 32767 37 76 88 24 72 
39 32767 19 93 12 72 17 47 75 56 6 77 1 1 32767 35 6 59 64 57 32767 35 32767 32767 26 22 25 40 32767 38 
47 75 32767 92 32767 83 68 43 6 41 37 84 15 92 35 32767 27 32767 98 51 32 90 44 76 80 85 3 62 12 45 
65 33 38 91 5 100 38 73 95 3 97 46 39 78 6 27 32767 30 40 21 73 79 1 4 82 35 78 71 93 71 
6 90 6 78 34 59 32767 36 57 82 79 96 32767 82 59 32767 30 32767 48 44 85 38 33 29 32 80 21 26 33 64 
62 100 44 47 66 41 34 2 45 32767 65 32767 89 21 64 98 40 48 32767 77 24 59 27 81 50 94 93 49 82 32 
13 43 73 94 66 32767 3 98 93 37 55 51 7 85 57 51 21 44 77 32767 16 48 6 5 32767 33 70 13 80 48 
32767 32767 81 36 9 77 25 32767 28 64 10 18 25 69 32767 32 73 85 24 16 32767 72 46 9 11 4 17 10 65 78 
47 32767 78 93 100 58 99 99 52 32767 30 81 32767 55 35 90 79 38 59 48 72 32767 58 43 52 96 80 86 79 95 
7 11 23 60 88 100 62 96 37 95 53 7 26 87 32767 44 1 33 27 6 46 58 32767 19 46 89 23 18 32767 82 
82 23 31 49 46 24 1 13 4 6 54 98 6 78 32767 76 4 29 81 5 9 43 19 32767 53 95 24 54 84 66 
42 59 8 94 96 45 49 29 81 32767 22 74 69 32767 26 80 82 32 50 32767 11 52 46 53 32767 59 40 91 85 60 
86 93 32767 84 20 75 74 17 43 7 95 3 27 37 22 85 35 80 94 33 4 96 89 95 59 32767 38 40 78 70 
40 70 52 77 11 28 83 89 45 70 93 8 62 76 25 3 78 21 93 70 17 80 23 24 40 38 32767 8 92 24 
33 68 20 12 45 32767 18 83 3 48 50 95 55 88 40 62 71 26 49 13 10 86 18 54 91 40 8 32767 43 53 
17 22 28 68 37 62 68 57 2 22 1 61 47 24 32767 12 93 33 82 80 65 79 32767 84 85 78 92 43 32767 3 
95 35 63 8 40 14 57 89 92 100 32767 36 32767 72 38 45 71 64 32 48 78 95 82 66 60 70 24 53 3 32767 
EOF