DIMENSION: 30
EDGE_WEIGHT_TYPE: EXPLICIT
EDGE_WEIGHT_FORMAT: FULL_MATRIX
EDGE_WEIGHT_SECTION:
32767 76 24 62 83 90 13 22 19 32767 30 69 32767 32767 57 97 32767 32767 21 87 82 85 89 19 73 83 96 83 55 90 
76 32767 58 14 94 65 32767 3 95 32767 24 34 10 67 36 32767 19 93 28 79 81 71 100 99 25 62 16 87 73 28 
24 58 32767 32767 42 98 94 7 49 41 1 83 25 13 97 85 100 84 22 74 32767 23 97 100 93 32767 76 75 71 93 
62 14 32767 32767 69 96 5 99 89 38 86 85 86 32767 95 59 98 18 63 52 37 40 49 87 27 32767 89 66 73 54 
83 94 42 69 32767 98 61 25 9 16 34 13 52 32767 89 65 50 55 7 17 32767 18 60 51 83 67 88 61 32767 64 
90 65 98 96 98 32767 7 45 19 13 89 5 33 27 97 93 90 32767 39 98 94 15 33 43 90 20 28 19 75 15 
13 32767 94 5 61 7 32767 55 62 12 84 59 53 59 2 90 99 35 93 13 51 70 3 86 62 80 99 78 94 22 
22 3 7 99 25 45 55 32767 80 43 42 100 91 49 50 9 46 68 32767 100 41 82 34 17 1 23 22 82 90 8 
19 95 49 89 9 19 62 80 32767 95 43 27 66 79 89 32767 22 91 35 43 45 40 9 85 58 100 32767 32767 65 15 
32767 32767 41 38 16 13 12 43 95 32767 79 90 41 20 53 6 24 22 93 61 36 32767 87 10 74 2 88 12 32767 74 
30 24 1 86 34 89 84 42 43 79 32767 60 17 24 14 3 79 39 86 52 47 67 89 43 52 2 94 2 25 50 
69 34 83 85 13 5 59 100 27 90 60 32767 26 100 20 70 32767 73 73 17 100 32767 24 56 33 37 59 63 3 16 
32767 10 25 86 52 33 53 91 66 41 17 26 32767 44 32767 65 67 41 48 19 65 71 48 6 84 6 6 50 33 32767 
32767 67 13 32767 32767 27 59 49 79 20 24 100 44 32767 32767 95 62 32767 54 37 22 27 5 60 56 87 13 32767 30 98 
57 36 97 95 89 97 2 50 89 53 14 20 32767 32767 32767 87 34 38 32767 78 97 32767 18 40 5 94 46 46 65 49 
97 32767 85 59 65 93 90 9 32767 6 3 70 65 95 87 32767 63 61 35 29 40 1 18 54 67 21 83 31 14 73 
32767 19 100 98 50 90 99 46 22 24 79 32767 67 62 34 63 32767 55 24 70 65 29 79 67 12 97 23 10 38 8 
32767 93 84 18 55 32767 35 68 91 22 39 73 41 32767 38 61 55 32767 32767 73 96 2 78 89 87 94 22 32767 53 86 
21 28 22 63 7 39 93 32767 35 93 86 73 48 54 32767 35 24 32767 32767 94 64 32767 53 15 74 66 41 89 89 32 
87 79 74 52 17 98 13 100 43 61 52 17 19 37 78 29 70 73 94 32767 21 58 32767 59 20 95 57 72 62 77 
82 81 32767 37 32767 94 51 41 45 36 47 100 65 22 97 40 65 96 64 21 32767 47 51 56 57 9 9 6 44 28 
85 71 23 40 18 15 70 82 40 32767 67 32767 71 27 32767 1 29 2 32767 58 47 32767 46 99 63 2 21 59 100 65 
89 100 97 49 60 33 3 34 9 87 89 24 48 5 18 18 79 78 53 32767 51 46 32767 73 23 50 32767 58 72 13 
19 99 100 87 51 43 86 17 85 10 43 56 6 60 40 54 67 89 15 59 56 99 73 32767 70 69 17 35 62 96 
73 25 93 27 83 90 62 1 58 74 52 33 84 56 5 67 12 87 74 20 57 63 23 70 32767 31 29 61 12 52 
83 62 32767 32767 67 20 80 23 100 2 2 37 6 87 94 21 97 94 66 95 9 2 50 69 31 32767 33 6 4 85 
96 16 76 89 88 28 99 22 32767 88 94 59 6 13 46 83 23 22 41 57 9 21 32767 17 29 33 32767 100 35 26 
83 87 75 66 61 19 78 82 32767 12 2 63 50 32767 46 31 10 32767 89 72 6 59 58 35 61 6 100 32767 28 26 
55 73 71 73 32767 75 94 90 65 32767 25 3 33 30 65 14 38 53 89 62 44 100 72 62 12 4 35 28 32767 32 
90 28 93 54 64 15 22 8 15 74 50 16 32767 98 49 73 8 86 32 77 28 65 13 96 52 85 26 26 32 32767 
EOF