DIMENSION: 30
EDGE_WEIGHT_TYPE: EXPLICIT
EDGE_WEIGHT_FORMAT: FULL_MATRIX
EDGE_WEIGHT_SECTION:
32767 81 24 47 39 39 75 44 55 4 24 29 62 4 32767 24 10 50 32767 57 57 63 51 54 95 75 15 53 48 32767 
81 32767 51 32767 32767 25 98 6 82 6 51 26 6 34 98 32 88 94 43 61 22 25 10 69 18 18 26 60 19 1 
24 51 32767 80 15 11 72 4 9 32767 34 32767 15 19 42 5 82 32767 32767 61 20 39 11 41 5 65 74 99 12 38 
47 32767 80 32767 49 69 98 69 54 55 32767 93 32767 94 69 95 15 69 41 30 14 60 83 37 32767 42 15 56 24 5 
39 32767 15 49 32767 11 68 69 65 79 14 10 68 26 32 32767 74 52 17 63 32767 37 20 32767 40 33 73 90 43 32767 
39 25 11 69 11 32767 86 76 89 43 67 19 96 95 51 88 6 4 32767 84 86 56 64 12 6 75 42 79 3 32767 
75 98 72 98 68 86 32767 32767 10 74 37 83 12 41 44 34 14 87 21 79 68 36 68 9 83 8 32767 91 3 81 
44 6 4 69 69 76 32767 32767 52 34 42 97 51 43 29 52 18 11 38 5 83 53 32767 85 59 32767 17 52 71 26 
55 82 9 54 65 89 10 52 32767 70 67 57 32767 68 65 32767 32767 46 81 39 71 83 65 96 12 55 19 43 69 70 
4 6 32767 55 79 43 74 34 70 32767 11 51 15 79 30 12 65 96 35 10 41 73 28 53 45 84 59 2 81 20 
24 51 34 32767 14 67 37 42 67 11 32767 1 32767 17 32767 46 52 60 22 6 51 96 31 49 64 14 33 9 15 2 
29 26 32767 93 10 19 83 97 57 51 1 32767 86 57 53 32767 26 37 32767 46 96 100 68 97 63 65 14 96 32767 81 
62 6 15 32767 68 96 12 51 32767 15 32767 86 32767 31 17 100 49 19 33 97 90 80 88 32767 69 89 8 100 65 11 
4 34 19 94 26 95 41 43 68 79 17 57 31 32767 32 85 9 43 9 7 32767 51 27 32767 32767 58 81 94 42 32767 
32767 98 42 69 32 51 44 29 65 30 32767 53 17 32 32767 5 67 49 60 79 32767 88 78 57 7 18 27 4 18 76 
24 32 5 95 32767 88 34 52 32767 12 46 32767 100 85 5 32767 32767 9 12 51 29 32767 8 32767 95 70 58 32767 40 24 
10 88 82 15 74 6 14 18 32767 65 52 26 49 9 67 32767 32767 93 77 28 72 12 13 90 32767 52 25 85 32767 54 
50 94 32767 69 52 4 87 11 46 96 60 37 19 43 49 9 93 32767 26 31 68 35 32767 63 12 48 29 26 28 32 
32767 43 32767 41 17 32767 21 38 81 35 22 32767 33 9 60 12 77 26 32767 32767 8 79 65 50 85 8 39 67 57 39 
57 61 61 30 63 84 79 5 39 10 6 46 97 7 79 51 28 31 32767 32767 91 3 29 56 51 77 34 37 90 41 
57 22 20 14 32767 86 68 83 71 41 51 96 90 32767 32767 29 72 68 8 91 32767 70 78 93 87 39 32767 81 77 8 
63 25 39 60 37 56 36 53 83 73 96 100 80 51 88 32767 12 35 79 3 70 32767 16 47 66 86 93 13 76 52 
51 10 11 83 20 64 68 32767 65 28 31 68 88 27 78 8 13 32767 65 29 78 16 32767 16 32767 63 20 25 81 70 
54 69 41 37 32767 12 9 85 96 53 49 97 32767 32767 57 32767 90 63 50 56 93 47 16 32767 64 8 32767 60 32767 98 
95 18 5 32767 40 6 83 59 12 45 64 63 69 32767 7 95 32767 12 85 51 87 66 32767 64 32767 8 59 13 40 64 
75 18 65 42 33 75 8 32767 55 84 14 65 89 58 18 70 52 48 8 77 39 86 63 8 8 32767 58 51 27 23 
15 26 74 15 73 42 32767 17 19 59 33 14 8 81 27 58 25 29 39 34 32767 93 20 32767 59 58 32767 31 52 10 
53 60 99 56 90 79 91 52 43 2 9 96 100 94 4 32767 85 26 67 37 81 13 25 60 13 51 31 32767 99 71 
48 19 12 24 43 3 3 71 69 81 15 32767 65 42 18 40 32767 28 57 90 77 76 81 32767 40 27 52 99 32767 40 
32767 1 38 5 32767 32767 81 26 70 20 2 81 11 32767 76 24 54 32 39 41 8 52 70 98 64 23 10 71 40 32767 
EOF