DIMENSION: 30
EDGE_WEIGHT_TYPE: EXPLICIT
EDGE_WEIGHT_FORMAT: FULL_MATRIX
EDGE_WEIGHT_SECTION:
32767 53 80 37 32767 32767 62 32767 32767 32767 38 24 21 74 32767 86 19 28 24 82 32767 61 43 61 48 32767 61 76 57 42 
53 32767 34 46 32767 16 55 97 31 8 60 30 75 15 89 41 5 100 34 72 17 32767 23 72 19 32767 61 84 80 32767 
80 34 32767 94 59 63 98 20 48 95 24 26 20 22 97 3 32767 44 49 81 25 85 32767 99 46 71 48 76 45 32767 
37 46 94 32767 66 23 39 11 13 48 81 18 68 15 37 53 59 3 43 9 85 80 61 9 1 69 83 50 77 32 
32767 32767 59 66 32767 80 40 83 74 42 37 65 5 32767 32767 32767 63 69 54 49 32767 17 32767 32767 70 87 78 80 93 1 
32767 16 63 23 80 32767 88 85 70 11 32767 10 58 2 75 36 56 57 49 39 61 72 93 54 99 4 43 90 72 43 
62 55 98 39 40 88 32767 30 69 50 44 32767 34 57 45 32767 73 29 20 14 97 13 46 18 85 12 66 83 40 32767 
32767 97 20 11 83 85 30 32767 82 95 72 45 95 60 25 32767 45 79 87 51 48 4 32767 43 95 32767 89 8 38 59 
32767 31 48 13 74 70 69 82 32767 62 90 39 32767 69 32767 32 72 17 13 70 32767 46 29 94 28 32767 93 21 36 32767 
32767 8 95 48 42 11 50 95 62 32767 23 32767 49 67 41 48 76 55 32767 41 5 39 80 24 32767 57 73 49 94 32767 
38 60 24 81 37 32767 44 72 90 23 32767 60 6 69 21 66 3 82 91 90 13 9 32767 83 49 54 33 53 32767 98 
24 30 26 18 65 10 32767 45 39 32767 60 32767 87 10 5 61 71 57 20 77 100 63 51 7 78 49 100 4 64 93 
21 75 20 68 5 58 34 95 32767 49 6 87 32767 26 5 55 8 32767 37 85 69 36 44 96 80 20 82 88 2 72 
74 15 22 15 32767 2 57 60 69 67 69 10 26 32767 63 61 32767 87 15 32767 1 87 27 67 2 32767 73 82 32767 77 
32767 89 97 37 32767 75 45 25 32767 41 21 5 5 63 32767 21 32767 83 100 98 23 78 64 10 17 70 32767 68 18 73 
86 41 3 53 32767 36 32767 32767 32 48 66 61 55 61 21 32767 3 37 100 6 28 68 32767 79 12 33 98 65 92 86 
19 5 32767 59 63 56 73 45 72 76 3 71 8 32767 32767 3 32767 80 7 32767 7 32767 58 9 22 95 64 82 20 1 
28 100 44 3 69 57 29 79 17 55 82 57 32767 87 83 37 80 32767 15 35 27 41 47 87 5 28 51 32767 73 84 
24 34 49 43 54 49 20 87 13 32767 91 20 37 15 100 100 7 15 32767 79 92 80 6 72 83 100 32767 57 68 77 
82 72 81 9 49 39 14 51 70 41 90 77 85 32767 98 6 32767 35 79 32767 100 86 32767 27 6 85 23 41 32767 98 
32767 17 25 85 32767 61 97 48 32767 5 13 100 69 1 23 28 7 27 92 100 32767 57 84 71 60 90 74 3 73 76 
61 32767 85 80 17 72 13 4 46 39 9 63 36 87 78 68 32767 41 80 86 57 32767 66 25 38 2 52 99 32767 8 
43 23 32767 61 32767 93 46 32767 29 80 32767 51 44 27 64 32767 58 47 6 32767 84 66 32767 91 93 57 18 45 91 60 
61 72 99 9 32767 54 18 43 94 24 83 7 96 67 10 79 9 87 72 27 71 25 91 32767 45 48 55 36 32767 32767 
48 19 46 1 70 99 85 95 28 32767 49 78 80 2 17 12 22 5 83 6 60 38 93 45 32767 17 32767 17 7 28 
32767 32767 71 69 87 4 12 32767 32767 57 54 49 20 32767 70 33 95 28 100 85 90 2 57 48 17 32767 80 60 77 47 
61 61 48 83 78 43 66 89 93 73 33 100 82 73 32767 98 64 51 32767 23 74 52 18 55 32767 80 32767 38 74 61 
76 84 76 50 80 90 83 8 21 49 53 4 88 82 68 65 82 32767 57 41 3 99 45 36 17 60 38 32767 14 6 
57 80 45 77 93 72 40 38 36 94 32767 64 2 32767 18 92 20 73 68 32767 73 32767 91 32767 7 77 74 14 32767 46 
42 32767 32767 32 1 43 32767 59 32767 32767 98 93 72 77 73 86 1 84 77 98 76 8 60 32767 28 47 61 6 46 32767 
EOF