DIMENSION: 6
EDGE_WEIGHT_TYPE: EXPLICIT
EDGE_WEIGHT_FORMAT: FULL_MATRIX
EDGE_WEIGHT_SECTION:
32767 39 32767 32767 66 32767 
39 32767 83 32767 22 2 
32767 83 32767 75 45 69 
32767 32767 75 32767 94 82 
66 22 45 94 32767 4 
32767 2 69 82 4 32767 
EOF