DIMENSION: 10
EDGE_WEIGHT_TYPE: EXPLICIT
EDGE_WEIGHT_FORMAT: FULL_MATRIX
EDGE_WEIGHT_SECTION:
32767 32767 95 21 82 32767 28 43 7 77 
32767 32767 13 32767 32767 97 32767 3 8 32767 
95 13 32767 32767 78 64 32767 36 9 11 
21 32767 32767 32767 69 32767 32767 74 87 32767 
82 32767 78 69 32767 79 32767 32767 17 1 
32767 97 64 32767 79 32767 47 39 1 32767 
28 32767 32767 32767 32767 47 32767 75 70 1 
43 3 36 74 32767 39 75 32767 19 32767 
7 8 9 87 17 1 70 19 32767 90 
77 32767 11 32767 1 32767 1 32767 90 32767 
EOF