DIMENSION: 10
EDGE_WEIGHT_TYPE: EXPLICIT
EDGE_WEIGHT_FORMAT: FULL_MATRIX
EDGE_WEIGHT_SECTION:
32767 44 100 46 22 25 32767 38 86 93 
44 32767 87 76 38 32767 32767 56 32767 32767 
100 87 32767 32767 32767 32767 32767 32767 32767 46 
46 76 32767 32767 87 93 32767 32767 4 42 
22 38 32767 87 32767 46 32767 32767 32767 32767 
25 32767 32767 93 46 32767 58 32767 32767 34 
32767 32767 32767 32767 32767 58 32767 32767 96 32767 
38 56 32767 32767 32767 32767 32767 32767 32767 32767 
86 32767 32767 4 32767 32767 96 32767 32767 94 
93 32767 46 42 32767 34 32767 32767 94 32767 
EOF