DIMENSION: 30
EDGE_WEIGHT_TYPE: EXPLICIT
EDGE_WEIGHT_FORMAT: FULL_MATRIX
EDGE_WEIGHT_SECTION:
32767 72 98 32767 22 83 32767 32767 78 82 74 45 63 32767 32767 87 83 63 37 57 72 78 32767 60 14 34 32767 62 35 32767 
72 32767 97 32767 25 12 70 92 32767 48 71 32767 15 32767 32767 32767 32767 52 13 58 23 47 32767 32767 73 78 32767 21 99 32767 
98 97 32767 32767 99 35 48 27 9 32767 74 98 32767 32767 50 15 32767 32767 32767 32767 13 33 30 31 39 32767 32767 15 5 32767 
32767 32767 32767 32767 30 10 80 32767 32767 32767 99 32767 32767 10 32767 94 63 42 88 17 32767 81 32767 93 43 32767 22 32767 62 32767 
22 25 99 30 32767 32767 89 46 32767 39 38 68 76 32767 11 79 53 32767 95 18 82 82 32767 19 32767 16 79 32767 16 32767 
83 12 35 10 32767 32767 32767 32767 58 79 74 32767 32767 32767 47 22 32767 32767 32767 61 32767 32767 85 32767 32767 88 30 32767 27 87 
32767 70 48 80 89 32767 32767 32767 32767 48 32767 32767 16 63 32767 16 97 34 32767 32767 96 32767 35 32767 67 92 49 32767 87 32767 
32767 92 27 32767 46 32767 32767 32767 24 32767 32767 70 32767 32767 32767 52 32767 66 32767 13 58 51 32767 14 32767 32767 84 100 46 3 
78 32767 9 32767 32767 58 32767 24 32767 81 42 61 92 70 32767 32767 22 53 97 32767 32767 32767 32767 75 53 28 1 26 32767 19 
82 48 32767 32767 39 79 48 32767 81 32767 66 32767 91 21 100 32767 32767 13 83 32767 32767 19 60 74 73 32767 50 32767 69 32767 
74 71 74 99 38 74 32767 32767 42 66 32767 32767 32767 32 12 32767 32767 66 17 97 51 36 32767 32767 24 31 42 9 32767 37 
45 32767 98 32767 68 32767 32767 70 61 32767 32767 32767 8 38 91 25 32767 32767 32767 34 29 32767 32767 32767 32767 74 22 60 89 32 
63 15 32767 32767 76 32767 16 32767 92 91 32767 8 32767 32767 38 32767 27 77 32767 32767 22 32767 7 66 32767 81 78 87 11 66 
32767 32767 32767 10 32767 32767 63 32767 70 21 32 38 32767 32767 65 43 87 32767 32767 32767 84 32767 32767 3 32767 10 32767 32767 23 29 
32767 32767 50 32767 11 47 32767 32767 32767 100 12 91 38 65 32767 32767 32767 32767 57 32767 32767 32767 16 32767 54 32767 19 32767 100 3 
87 32767 15 94 79 22 16 52 32767 32767 32767 25 32767 43 32767 32767 20 32767 32767 5 36 32767 36 61 32767 76 32767 32767 32767 32767 
83 32767 32767 63 53 32767 97 32767 22 32767 32767 32767 27 87 32767 20 32767 59 46 32767 41 32767 32767 17 55 12 32767 32767 3 32767 
63 52 32767 42 32767 32767 34 66 53 13 66 32767 77 32767 32767 32767 59 32767 90 86 32767 61 12 32767 17 92 47 32767 13 89 
37 13 32767 88 95 32767 32767 32767 97 83 17 32767 32767 32767 57 32767 46 90 32767 38 32767 32767 62 79 29 32767 86 32767 32767 49 
57 58 32767 17 18 61 32767 13 32767 32767 97 34 32767 32767 32767 5 32767 86 38 32767 4 37 47 32767 45 32767 57 76 32767 32767 
72 23 13 32767 82 32767 96 58 32767 32767 51 29 22 84 32767 36 41 32767 32767 4 32767 82 84 27 25 32767 32767 66 32767 66 
78 47 33 81 82 32767 32767 51 32767 19 36 32767 32767 32767 32767 32767 32767 61 32767 37 82 32767 58 9 32767 32767 32767 32767 32767 97 
32767 32767 30 32767 32767 85 35 32767 32767 60 32767 32767 7 32767 16 36 32767 12 62 47 84 58 32767 64 22 32767 3 30 32767 30 
60 32767 31 93 19 32767 32767 14 75 74 32767 32767 66 3 32767 61 17 32767 79 32767 27 9 64 32767 61 37 36 44 48 67 
14 73 39 43 32767 32767 67 32767 53 73 24 32767 32767 32767 54 32767 55 17 29 45 25 32767 22 61 32767 9 32767 85 86 79 
34 78 32767 32767 16 88 92 32767 28 32767 31 74 81 10 32767 76 12 92 32767 32767 32767 32767 32767 37 9 32767 32767 32767 56 94 
32767 32767 32767 22 79 30 49 84 1 50 42 22 78 32767 19 32767 32767 47 86 57 32767 32767 3 36 32767 32767 32767 32767 26 70 
62 21 15 32767 32767 32767 32767 100 26 32767 9 60 87 32767 32767 32767 32767 32767 32767 76 66 32767 30 44 85 32767 32767 32767 57 16 
35 99 5 62 16 27 87 46 32767 69 32767 89 11 23 100 32767 3 13 32767 32767 32767 32767 32767 48 86 56 26 57 32767 97 
32767 32767 32767 32767 32767 87 32767 3 19 32767 37 32 66 29 3 32767 32767 89 49 32767 66 97 30 67 79 94 70 16 97 32767 
EOF