DIMENSION: 24
EDGE_WEIGHT_TYPE: EXPLICIT
EDGE_WEIGHT_FORMAT: FULL_MATRIX
EDGE_WEIGHT_SECTION:
32767 39 30 16 4 54 53 75 87 55 51 73 70 27 46 32767 65 32767 32767 64 57 48 77 25 
39 32767 100 62 59 71 32 73 44 100 42 42 6 8 29 34 32 29 13 51 49 26 90 86 
30 100 32767 59 92 100 15 41 71 34 74 13 32767 32767 43 48 23 26 74 97 99 36 76 7 
16 62 59 32767 76 32767 9 58 96 32767 21 22 100 44 8 88 52 32767 87 22 95 68 73 7 
4 59 92 76 32767 54 44 32767 49 45 43 32767 2 11 60 55 36 38 32767 6 37 32767 18 16 
54 71 100 32767 54 32767 16 10 86 8 84 85 32767 44 23 82 83 62 24 25 67 5 30 89 
53 32 15 9 44 16 32767 84 3 33 45 32 25 86 56 73 8 32767 32 85 42 76 53 74 
75 73 41 58 32767 10 84 32767 74 85 31 72 87 8 34 69 32767 17 18 56 32767 19 33 14 
87 44 71 96 49 86 3 74 32767 76 92 27 27 96 28 9 77 32767 63 37 98 95 15 24 
55 100 34 32767 45 8 33 85 76 32767 50 16 24 66 54 92 95 79 23 24 53 16 56 41 
51 42 74 21 43 84 45 31 92 50 32767 46 59 49 35 1 69 68 76 58 20 61 16 3 
73 42 13 22 32767 85 32 72 27 16 46 32767 66 92 80 74 36 32767 23 16 66 42 97 34 
70 6 32767 100 2 32767 25 87 27 24 59 66 32767 74 14 80 71 43 53 60 27 77 13 32767 
27 8 32767 44 11 44 86 8 96 66 49 92 74 32767 28 62 18 97 24 32767 89 65 40 82 
46 29 43 8 60 23 56 34 28 54 35 80 14 28 32767 67 87 75 75 65 54 67 75 48 
32767 34 48 88 55 82 73 69 9 92 1 74 80 62 67 32767 16 88 68 28 48 18 5 14 
65 32 23 52 36 83 8 32767 77 95 69 36 71 18 87 16 32767 62 56 96 27 85 79 11 
32767 29 26 32767 38 62 32767 17 32767 79 68 32767 43 97 75 88 62 32767 23 98 43 90 1 40 
32767 13 74 87 32767 24 32 18 63 23 76 23 53 24 75 68 56 23 32767 21 2 40 26 32767 
64 51 97 22 6 25 85 56 37 24 58 16 60 32767 65 28 96 98 21 32767 73 28 55 52 
57 49 99 95 37 67 42 32767 98 53 20 66 27 89 54 48 27 43 2 73 32767 35 87 79 
48 26 36 68 32767 5 76 19 95 16 61 42 77 65 67 18 85 90 40 28 35 32767 6 89 
77 90 76 73 18 30 53 33 15 56 16 97 13 40 75 5 79 1 26 55 87 6 32767 96 
25 86 7 7 16 89 74 14 24 41 3 34 32767 82 48 14 11 40 32767 52 79 89 96 32767 
EOF