DIMENSION: 24
EDGE_WEIGHT_TYPE: EXPLICIT
EDGE_WEIGHT_FORMAT: FULL_MATRIX
EDGE_WEIGHT_SECTION:
32767 86 26 4 32767 27 50 5 32767 48 65 40 28 22 66 89 60 30 18 88 20 99 58 13 
86 32767 10 12 32767 3 79 17 46 40 55 23 10 91 1 80 9 22 31 32767 57 49 32767 28 
26 10 32767 67 16 66 50 26 22 92 19 83 45 11 42 36 57 93 11 61 32767 26 66 78 
4 12 67 32767 32767 97 65 95 43 55 19 13 27 44 56 30 32767 46 33 63 91 58 22 32767 
32767 32767 16 32767 32767 20 48 23 75 71 7 71 21 82 97 37 90 2 7 32767 32 87 20 73 
27 3 66 97 20 32767 32767 59 91 26 32 65 98 92 73 83 27 42 73 32 85 94 87 32767 
50 79 50 65 48 32767 32767 78 63 53 7 58 60 44 78 70 63 91 47 64 6 29 75 31 
5 17 26 95 23 59 78 32767 100 97 4 78 2 55 95 98 39 84 52 27 32767 7 10 2 
32767 46 22 43 75 91 63 100 32767 64 47 91 4 58 8 71 86 21 62 29 83 48 56 32767 
48 40 92 55 71 26 53 97 64 32767 9 21 6 87 50 68 99 48 93 54 39 97 45 97 
65 55 19 19 7 32 7 4 47 9 32767 42 91 64 46 58 31 24 84 5 56 60 17 71 
40 23 83 13 71 65 58 78 91 21 42 32767 32767 32767 99 5 5 42 11 89 23 26 68 73 
28 10 45 27 21 98 60 2 4 6 91 32767 32767 43 72 40 3 5 30 52 95 33 76 79 
22 91 11 44 82 92 44 55 58 87 64 32767 43 32767 62 32767 32767 51 51 76 2 98 86 56 
66 1 42 56 97 73 78 95 8 50 46 99 72 62 32767 5 46 22 64 32 49 54 62 53 
89 80 36 30 37 83 70 98 71 68 58 5 40 32767 5 32767 87 87 100 60 34 1 39 77 
60 9 57 32767 90 27 63 39 86 99 31 5 3 32767 46 87 32767 65 28 56 18 68 19 57 
30 22 93 46 2 42 91 84 21 48 24 42 5 51 22 87 65 32767 93 26 8 20 75 15 
18 31 11 33 7 73 47 52 62 93 84 11 30 51 64 100 28 93 32767 45 84 32767 32767 22 
88 32767 61 63 32767 32 64 27 29 54 5 89 52 76 32 60 56 26 45 32767 27 74 86 66 
20 57 32767 91 32 85 6 32767 83 39 56 23 95 2 49 34 18 8 84 27 32767 22 78 68 
99 49 26 58 87 94 29 7 48 97 60 26 33 98 54 1 68 20 32767 74 22 32767 45 33 
58 32767 66 22 20 87 75 10 56 45 17 68 76 86 62 39 19 75 32767 86 78 45 32767 32767 
13 28 78 32767 73 32767 31 2 32767 97 71 73 79 56 53 77 57 15 22 66 68 33 32767 32767 
EOF