DIMENSION: 24
EDGE_WEIGHT_TYPE: EXPLICIT
EDGE_WEIGHT_FORMAT: FULL_MATRIX
EDGE_WEIGHT_SECTION:
32767 76 32767 69 7 52 76 23 25 15 42 62 41 8 55 12 32767 95 41 86 35 33 5 36 
76 32767 16 46 18 89 26 16 68 32767 58 34 6 32767 87 90 61 11 25 32767 70 94 43 31 
32767 16 32767 17 74 32767 84 83 74 71 44 31 6 52 72 32767 25 9 23 26 98 90 86 30 
69 46 17 32767 79 67 72 73 36 79 37 72 26 84 32767 61 16 28 97 43 64 11 43 79 
7 18 74 79 32767 24 100 33 65 32767 44 82 42 32767 53 43 32767 32767 45 8 54 32767 84 71 
52 89 32767 67 24 32767 72 11 79 62 89 36 32767 32767 34 59 50 83 55 3 84 28 32767 32767 
76 26 84 72 100 72 32767 68 79 86 21 87 7 72 32767 82 69 12 83 20 35 70 72 60 
23 16 83 73 33 11 68 32767 32767 58 94 61 85 34 59 90 72 99 52 60 85 64 40 36 
25 68 74 36 65 79 79 32767 32767 38 24 22 63 4 14 52 50 73 64 98 70 91 63 20 
15 32767 71 79 32767 62 86 58 38 32767 18 94 92 78 72 54 94 93 79 43 41 17 78 95 
42 58 44 37 44 89 21 94 24 18 32767 88 89 27 50 48 76 11 57 85 99 17 57 32767 
62 34 31 72 82 36 87 61 22 94 88 32767 25 10 18 22 90 11 80 71 55 21 50 19 
41 6 6 26 42 32767 7 85 63 92 89 25 32767 75 67 90 48 47 48 10 100 46 75 32767 
8 32767 52 84 32767 32767 72 34 4 78 27 10 75 32767 97 100 7 92 5 57 60 79 71 33 
55 87 72 32767 53 34 32767 59 14 72 50 18 67 97 32767 91 41 99 56 70 5 19 9 37 
12 90 32767 61 43 59 82 90 52 54 48 22 90 100 91 32767 7 93 32767 52 60 32767 3 40 
32767 61 25 16 32767 50 69 72 50 94 76 90 48 7 41 7 32767 22 3 28 32 43 64 91 
95 11 9 28 32767 83 12 99 73 93 11 11 47 92 99 93 22 32767 37 23 72 57 19 65 
41 25 23 97 45 55 83 52 64 79 57 80 48 5 56 32767 3 37 32767 4 82 64 79 27 
86 32767 26 43 8 3 20 60 98 43 85 71 10 57 70 52 28 23 4 32767 28 4 97 82 
35 70 98 64 54 84 35 85 70 41 99 55 100 60 5 60 32 72 82 28 32767 94 17 32767 
33 94 90 11 32767 28 70 64 91 17 17 21 46 79 19 32767 43 57 64 4 94 32767 40 69 
5 43 86 43 84 32767 72 40 63 78 57 50 75 71 9 3 64 19 79 97 17 40 32767 54 
36 31 30 79 71 32767 60 36 20 95 32767 19 32767 33 37 40 91 65 27 82 32767 69 54 32767 
EOF