DIMENSION: 24
EDGE_WEIGHT_TYPE: EXPLICIT
EDGE_WEIGHT_FORMAT: FULL_MATRIX
EDGE_WEIGHT_SECTION:
32767 58 70 32767 74 49 37 25 54 30 28 11 90 36 40 12 95 21 3 43 32767 43 16 90 
58 32767 3 8 36 32767 15 21 30 67 75 26 66 3 56 3 49 10 58 34 5 95 12 21 
70 3 32767 27 85 99 48 90 28 84 17 85 10 95 64 21 22 25 77 80 3 75 99 52 
32767 8 27 32767 60 8 32767 92 28 53 1 94 25 35 6 98 39 92 26 40 67 11 32767 54 
74 36 85 60 32767 22 4 92 89 32767 18 2 76 93 79 55 95 59 71 59 75 39 14 57 
49 32767 99 8 22 32767 74 55 50 66 55 92 46 40 91 32767 32767 19 32767 32767 71 10 52 56 
37 15 48 32767 4 74 32767 29 69 66 7 44 8 95 32 97 1 96 12 96 50 40 73 18 
25 21 90 92 92 55 29 32767 32767 35 8 21 65 4 32767 40 78 32767 32767 22 91 64 64 48 
54 30 28 28 89 50 69 32767 32767 26 80 52 85 78 74 45 34 48 28 36 17 18 69 32767 
30 67 84 53 32767 66 66 35 26 32767 68 11 52 36 21 87 69 10 32767 97 25 32767 13 47 
28 75 17 1 18 55 7 8 80 68 32767 42 59 63 32767 73 98 97 32767 93 45 32767 6 32767 
11 26 85 94 2 92 44 21 52 11 42 32767 3 32767 79 71 50 97 70 41 21 61 24 76 
90 66 10 25 76 46 8 65 85 52 59 3 32767 2 52 44 83 60 88 59 92 21 38 14 
36 3 95 35 93 40 95 4 78 36 63 32767 2 32767 42 94 56 11 25 55 78 33 79 16 
40 56 64 6 79 91 32 32767 74 21 32767 79 52 42 32767 81 79 86 16 46 53 67 40 63 
12 3 21 98 55 32767 97 40 45 87 73 71 44 94 81 32767 5 32767 11 91 47 91 18 32767 
95 49 22 39 95 32767 1 78 34 69 98 50 83 56 79 5 32767 43 47 90 3 32767 55 62 
21 10 25 92 59 19 96 32767 48 10 97 97 60 11 86 32767 43 32767 12 15 40 32767 50 70 
3 58 77 26 71 32767 12 32767 28 32767 32767 70 88 25 16 11 47 12 32767 66 51 32767 11 88 
43 34 80 40 59 32767 96 22 36 97 93 41 59 55 46 91 90 15 66 32767 77 90 69 86 
32767 5 3 67 75 71 50 91 17 25 45 21 92 78 53 47 3 40 51 77 32767 100 27 34 
43 95 75 11 39 10 40 64 18 32767 32767 61 21 33 67 91 32767 32767 32767 90 100 32767 77 97 
16 12 99 32767 14 52 73 64 69 13 6 24 38 79 40 18 55 50 11 69 27 77 32767 74 
90 21 52 54 57 56 18 48 32767 47 32767 76 14 16 63 32767 62 70 88 86 34 97 74 32767 
EOF