DIMENSION: 24
EDGE_WEIGHT_TYPE: EXPLICIT
EDGE_WEIGHT_FORMAT: FULL_MATRIX
EDGE_WEIGHT_SECTION:
32767 32767 66 32767 4 38 2 66 99 11 19 16 21 96 39 79 29 40 70 5 17 79 30 78 
32767 32767 28 32767 99 62 67 20 41 28 19 17 32767 33 79 83 18 5 44 35 32767 29 6 5 
66 28 32767 96 15 75 59 65 27 94 35 44 11 42 25 28 37 51 9 90 74 55 59 100 
32767 32767 96 32767 71 64 47 32767 9 97 74 82 67 81 32767 79 96 69 35 20 32767 42 79 77 
4 99 15 71 32767 2 86 40 32767 32767 88 86 10 98 58 32 36 30 25 51 22 40 32767 77 
38 62 75 64 2 32767 4 56 26 13 68 43 80 61 79 19 47 2 62 93 45 61 55 75 
2 67 59 47 86 4 32767 74 77 13 70 32767 83 93 32767 43 91 56 24 41 68 19 20 6 
66 20 65 32767 40 56 74 32767 83 85 1 32767 15 70 45 50 15 55 21 59 74 11 30 52 
99 41 27 9 32767 26 77 83 32767 90 32767 36 65 53 95 49 60 33 54 25 9 32 26 52 
11 28 94 97 32767 13 13 85 90 32767 82 22 37 5 82 6 15 47 5 31 81 69 70 11 
19 19 35 74 88 68 70 1 32767 82 32767 32767 62 16 49 76 86 39 85 9 32767 35 47 9 
16 17 44 82 86 43 32767 32767 36 22 32767 32767 71 67 80 39 42 29 18 60 48 65 24 53 
21 32767 11 67 10 80 83 15 65 37 62 71 32767 99 13 55 23 49 69 21 93 77 47 32767 
96 33 42 81 98 61 93 70 53 5 16 67 99 32767 6 82 36 32767 18 82 32767 46 32767 18 
39 79 25 32767 58 79 32767 45 95 82 49 80 13 6 32767 48 30 98 27 64 63 100 15 78 
79 83 28 79 32 19 43 50 49 6 76 39 55 82 48 32767 55 76 32767 9 98 60 32767 49 
29 18 37 96 36 47 91 15 60 15 86 42 23 36 30 55 32767 90 36 32767 62 91 90 67 
40 5 51 69 30 2 56 55 33 47 39 29 49 32767 98 76 90 32767 67 63 45 53 98 64 
70 44 9 35 25 62 24 21 54 5 85 18 69 18 27 32767 36 67 32767 67 67 32767 35 32767 
5 35 90 20 51 93 41 59 25 31 9 60 21 82 64 9 32767 63 67 32767 22 33 32767 24 
17 32767 74 32767 22 45 68 74 9 81 32767 48 93 32767 63 98 62 45 67 22 32767 39 68 41 
79 29 55 42 40 61 19 11 32 69 35 65 77 46 100 60 91 53 32767 33 39 32767 39 50 
30 6 59 79 32767 55 20 30 26 70 47 24 47 32767 15 32767 90 98 35 32767 68 39 32767 70 
78 5 100 77 77 75 6 52 52 11 9 53 32767 18 78 49 67 64 32767 24 41 50 70 32767 
EOF