DIMENSION: 24
EDGE_WEIGHT_TYPE: EXPLICIT
EDGE_WEIGHT_FORMAT: FULL_MATRIX
EDGE_WEIGHT_SECTION:
32767 66 82 38 70 44 8 40 85 93 32767 90 3 5 35 54 32767 46 24 33 32767 55 48 20 
66 32767 63 38 86 66 80 32767 36 22 32767 32767 16 43 34 4 30 37 35 67 32767 73 12 93 
82 63 32767 57 30 5 67 39 20 7 33 28 33 82 51 3 78 12 9 53 28 13 86 19 
38 38 57 32767 32767 26 12 32 54 92 65 31 30 50 32767 69 98 64 94 61 7 38 51 93 
70 86 30 32767 32767 12 52 24 22 84 64 25 94 81 32 58 86 31 32767 33 70 32767 32767 96 
44 66 5 26 12 32767 5 58 86 34 51 17 32767 25 24 47 32767 29 75 68 5 77 100 1 
8 80 67 12 52 5 32767 51 87 61 54 13 6 27 14 89 22 54 64 53 32767 4 62 27 
40 32767 39 32 24 58 51 32767 50 12 32767 92 72 71 88 88 78 44 51 93 50 59 66 1 
85 36 20 54 22 86 87 50 32767 32767 63 14 23 54 86 59 43 32767 52 85 92 56 82 15 
93 22 7 92 84 34 61 12 32767 32767 88 15 82 76 69 70 81 50 66 4 22 22 17 7 
32767 32767 33 65 64 51 54 32767 63 88 32767 95 48 40 96 12 36 66 23 29 99 13 67 93 
90 32767 28 31 25 17 13 92 14 15 95 32767 51 69 62 30 1 32767 97 35 32767 67 81 81 
3 16 33 30 94 32767 6 72 23 82 48 51 32767 65 58 36 15 32767 65 36 3 3 4 87 
5 43 82 50 81 25 27 71 54 76 40 69 65 32767 63 70 91 22 38 96 92 56 39 34 
35 34 51 32767 32 24 14 88 86 69 96 62 58 63 32767 29 76 24 46 100 78 8 4 5 
54 4 3 69 58 47 89 88 59 70 12 30 36 70 29 32767 82 11 66 53 72 9 32767 37 
32767 30 78 98 86 32767 22 78 43 81 36 1 15 91 76 82 32767 73 2 64 54 6 32767 5 
46 37 12 64 31 29 54 44 32767 50 66 32767 32767 22 24 11 73 32767 32767 61 38 61 72 71 
24 35 9 94 32767 75 64 51 52 66 23 97 65 38 46 66 2 32767 32767 38 54 58 73 61 
33 67 53 61 33 68 53 93 85 4 29 35 36 96 100 53 64 61 38 32767 85 32767 38 60 
32767 32767 28 7 70 5 32767 50 92 22 99 32767 3 92 78 72 54 38 54 85 32767 33 31 77 
55 73 13 38 32767 77 4 59 56 22 13 67 3 56 8 9 6 61 58 32767 33 32767 32767 35 
48 12 86 51 32767 100 62 66 82 17 67 81 4 39 4 32767 32767 72 73 38 31 32767 32767 95 
20 93 19 93 96 1 27 1 15 7 93 81 87 34 5 37 5 71 61 60 77 35 95 32767 
EOF