DIMENSION: 24
EDGE_WEIGHT_TYPE: EXPLICIT
EDGE_WEIGHT_FORMAT: FULL_MATRIX
EDGE_WEIGHT_SECTION:
32767 53 38 33 82 82 32767 32767 32767 35 21 16 32 8 85 19 32767 55 75 30 18 19 32767 52 
53 32767 93 84 32 79 3 53 58 60 96 83 14 84 59 95 50 56 4 73 42 81 13 9 
38 93 32767 75 99 7 76 22 96 11 42 41 7 35 31 82 75 48 17 50 48 32767 23 21 
33 84 75 32767 75 96 46 9 66 29 34 30 31 44 92 67 32767 75 91 29 75 24 78 51 
82 32 99 75 32767 32767 55 45 57 84 50 56 49 3 97 7 39 24 58 100 69 36 72 62 
82 79 7 96 32767 32767 54 18 77 95 96 41 32767 32767 40 81 67 33 78 90 23 45 32767 50 
32767 3 76 46 55 54 32767 57 57 50 29 25 32767 24 54 26 94 90 10 87 91 20 84 39 
32767 53 22 9 45 18 57 32767 9 89 49 66 95 83 96 72 32767 13 80 2 34 82 20 32767 
32767 58 96 66 57 77 57 9 32767 58 25 82 84 97 39 78 32767 49 32767 14 88 91 42 32767 
35 60 11 29 84 95 50 89 58 32767 57 65 55 87 39 36 59 80 95 28 93 9 23 24 
21 96 42 34 50 96 29 49 25 57 32767 6 56 98 76 29 7 32767 94 87 88 6 4 97 
16 83 41 30 56 41 25 66 82 65 6 32767 9 14 53 82 45 3 24 96 64 65 22 68 
32 14 7 31 49 32767 32767 95 84 55 56 9 32767 27 32767 30 14 33 34 96 32767 32767 67 55 
8 84 35 44 3 32767 24 83 97 87 98 14 27 32767 9 29 79 62 63 8 44 40 57 45 
85 59 31 92 97 40 54 96 39 39 76 53 32767 9 32767 47 50 100 46 25 99 15 31 69 
19 95 82 67 7 81 26 72 78 36 29 82 30 29 47 32767 85 61 58 76 28 53 24 50 
32767 50 75 32767 39 67 94 32767 32767 59 7 45 14 79 50 85 32767 45 12 67 42 22 96 5 
55 56 48 75 24 33 90 13 49 80 32767 3 33 62 100 61 45 32767 99 99 33 62 56 91 
75 4 17 91 58 78 10 80 32767 95 94 24 34 63 46 58 12 99 32767 14 58 91 16 44 
30 73 50 29 100 90 87 2 14 28 87 96 96 8 25 76 67 99 14 32767 43 52 44 19 
18 42 48 75 69 23 91 34 88 93 88 64 32767 44 99 28 42 33 58 43 32767 15 90 32767 
19 81 32767 24 36 45 20 82 91 9 6 65 32767 40 15 53 22 62 91 52 15 32767 22 41 
32767 13 23 78 72 32767 84 20 42 23 4 22 67 57 31 24 96 56 16 44 90 22 32767 79 
52 9 21 51 62 50 39 32767 32767 24 97 68 55 45 69 50 5 91 44 19 32767 41 79 32767 
EOF