DIMENSION: 24
EDGE_WEIGHT_TYPE: EXPLICIT
EDGE_WEIGHT_FORMAT: FULL_MATRIX
EDGE_WEIGHT_SECTION:
32767 11 16 46 73 77 1 96 99 40 72 32767 32767 22 32767 87 32767 7 32767 70 5 25 31 40 
11 32767 51 62 31 13 91 100 51 32767 89 32767 47 87 33 32767 57 4 95 9 31 61 47 40 
16 51 32767 32767 63 93 18 31 88 32767 20 32767 77 57 13 32767 32767 9 4 76 32767 32767 95 81 
46 62 32767 32767 41 21 15 40 79 99 19 42 86 26 14 52 4 92 11 89 32767 9 41 13 
73 31 63 41 32767 32767 64 53 92 69 82 70 74 36 73 30 55 37 79 21 73 32767 89 1 
77 13 93 21 32767 32767 82 42 28 79 12 10 76 22 32767 40 75 6 68 2 19 17 25 34 
1 91 18 15 64 82 32767 42 32767 16 67 75 69 55 87 89 32767 36 88 44 80 32767 56 82 
96 100 31 40 53 42 42 32767 67 5 37 63 69 59 45 32767 86 36 81 10 32 35 32767 60 
99 51 88 79 92 28 32767 67 32767 37 19 12 68 69 57 10 24 39 75 60 20 32767 61 64 
40 32767 32767 99 69 79 16 5 37 32767 80 45 99 21 57 73 56 5 27 51 19 14 33 3 
72 89 20 19 82 12 67 37 19 80 32767 69 53 46 57 38 100 28 41 76 95 90 55 6 
32767 32767 32767 42 70 10 75 63 12 45 69 32767 79 20 34 51 87 32767 32767 92 77 32767 4 62 
32767 47 77 86 74 76 69 69 68 99 53 79 32767 91 85 100 98 87 90 89 9 73 66 31 
22 87 57 26 36 22 55 59 69 21 46 20 91 32767 32767 54 8 93 88 17 67 45 9 34 
32767 33 13 14 73 32767 87 45 57 57 57 34 85 32767 32767 44 18 32767 45 14 63 23 50 86 
87 32767 32767 52 30 40 89 32767 10 73 38 51 100 54 44 32767 8 63 76 8 4 32767 59 73 
32767 57 32767 4 55 75 32767 86 24 56 100 87 98 8 18 8 32767 2 20 87 84 76 24 29 
7 4 9 92 37 6 36 36 39 5 28 32767 87 93 32767 63 2 32767 40 94 67 79 94 30 
32767 95 4 11 79 68 88 81 75 27 41 32767 90 88 45 76 20 40 32767 9 32767 33 43 13 
70 9 76 89 21 2 44 10 60 51 76 92 89 17 14 8 87 94 9 32767 62 32767 10 32767 
5 31 32767 32767 73 19 80 32 20 19 95 77 9 67 63 4 84 67 32767 62 32767 33 55 95 
25 61 32767 9 32767 17 32767 35 32767 14 90 32767 73 45 23 32767 76 79 33 32767 33 32767 16 32767 
31 47 95 41 89 25 56 32767 61 33 55 4 66 9 50 59 24 94 43 10 55 16 32767 50 
40 40 81 13 1 34 82 60 64 3 6 62 31 34 86 73 29 30 13 32767 95 32767 50 32767 
EOF