DIMENSION: 18
EDGE_WEIGHT_TYPE: EXPLICIT
EDGE_WEIGHT_FORMAT: FULL_MATRIX
EDGE_WEIGHT_SECTION:
32767 50 69 61 93 32767 24 58 71 57 95 11 32767 41 2 52 12 73 
50 32767 12 29 28 67 45 35 32767 38 62 98 76 64 32767 16 10 23 
69 12 32767 91 26 58 43 83 32767 18 99 32767 60 42 65 99 15 98 
61 29 91 32767 44 58 58 56 41 44 37 92 70 47 87 17 68 59 
93 28 26 44 32767 33 59 79 62 3 56 19 18 22 58 7 24 44 
32767 67 58 58 33 32767 32767 64 54 91 56 40 31 78 35 18 41 58 
24 45 43 58 59 32767 32767 34 8 24 33 48 73 41 14 33 71 84 
58 35 83 56 79 64 34 32767 14 71 54 8 61 32767 32767 31 71 52 
71 32767 32767 41 62 54 8 14 32767 59 23 91 99 92 89 68 44 86 
57 38 18 44 3 91 24 71 59 32767 1 59 38 32 57 83 72 35 
95 62 99 37 56 56 33 54 23 1 32767 95 33 51 13 2 94 22 
11 98 32767 92 19 40 48 8 91 59 95 32767 45 75 32767 13 18 31 
32767 76 60 70 18 31 73 61 99 38 33 45 32767 66 44 76 53 32767 
41 64 42 47 22 78 41 32767 92 32 51 75 66 32767 97 1 46 45 
2 32767 65 87 58 35 14 32767 89 57 13 32767 44 97 32767 99 69 40 
52 16 99 17 7 18 33 31 68 83 2 13 76 1 99 32767 50 8 
12 10 15 68 24 41 71 71 44 72 94 18 53 46 69 50 32767 95 
73 23 98 59 44 58 84 52 86 35 22 31 32767 45 40 8 95 32767 
EOF