DIMENSION: 18
EDGE_WEIGHT_TYPE: EXPLICIT
EDGE_WEIGHT_FORMAT: FULL_MATRIX
EDGE_WEIGHT_SECTION:
32767 74 92 25 32767 32767 64 38 81 57 46 87 79 33 44 5 78 32767 
74 32767 51 74 43 11 5 22 32767 11 22 21 35 32 94 64 13 3 
92 51 32767 43 32767 7 9 100 46 88 84 28 39 78 72 35 64 11 
25 74 43 32767 86 99 25 25 32767 77 23 32767 29 54 28 48 82 58 
32767 43 32767 86 32767 16 51 77 83 45 32767 22 61 91 99 15 31 15 
32767 11 7 99 16 32767 69 56 81 55 73 31 66 57 92 66 27 38 
64 5 9 25 51 69 32767 33 63 26 38 100 85 68 86 32767 16 40 
38 22 100 25 77 56 33 32767 60 16 81 15 9 21 6 90 21 86 
81 32767 46 32767 83 81 63 60 32767 71 86 55 32767 71 78 89 10 24 
57 11 88 77 45 55 26 16 71 32767 96 90 32 32767 67 29 29 57 
46 22 84 23 32767 73 38 81 86 96 32767 83 12 19 7 75 87 15 
87 21 28 32767 22 31 100 15 55 90 83 32767 32767 95 53 100 89 2 
79 35 39 29 61 66 85 9 32767 32 12 32767 32767 75 60 97 70 22 
33 32 78 54 91 57 68 21 71 32767 19 95 75 32767 8 65 98 93 
44 94 72 28 99 92 86 6 78 67 7 53 60 8 32767 83 58 22 
5 64 35 48 15 66 32767 90 89 29 75 100 97 65 83 32767 65 98 
78 13 64 82 31 27 16 21 10 29 87 89 70 98 58 65 32767 19 
32767 3 11 58 15 38 40 86 24 57 15 2 22 93 22 98 19 32767 
EOF