DIMENSION: 18
EDGE_WEIGHT_TYPE: EXPLICIT
EDGE_WEIGHT_FORMAT: FULL_MATRIX
EDGE_WEIGHT_SECTION:
32767 56 85 94 36 32 47 47 2 94 57 94 48 26 67 3 14 74 
56 32767 39 98 32767 82 18 16 99 37 86 50 5 98 84 49 92 4 
85 39 32767 97 32767 22 68 63 59 15 43 73 68 4 42 20 32767 50 
94 98 97 32767 32767 53 53 38 72 18 21 91 32767 32767 5 32767 24 36 
36 32767 32767 32767 32767 78 32 80 12 33 41 100 82 84 28 10 32767 94 
32 82 22 53 78 32767 66 46 61 80 37 77 40 2 54 54 46 56 
47 18 68 53 32 66 32767 41 26 45 32767 62 73 8 43 67 30 10 
47 16 63 38 80 46 41 32767 89 47 32767 19 83 19 44 81 14 1 
2 99 59 72 12 61 26 89 32767 33 69 6 81 32767 68 32767 8 95 
94 37 15 18 33 80 45 47 33 32767 74 15 90 31 76 24 23 2 
57 86 43 21 41 37 32767 32767 69 74 32767 40 18 44 73 17 45 66 
94 50 73 91 100 77 62 19 6 15 40 32767 32767 40 50 96 77 9 
48 5 68 32767 82 40 73 83 81 90 18 32767 32767 3 62 55 18 86 
26 98 4 32767 84 2 8 19 32767 31 44 40 3 32767 72 32767 69 47 
67 84 42 5 28 54 43 44 68 76 73 50 62 72 32767 32767 65 32767 
3 49 20 32767 10 54 67 81 32767 24 17 96 55 32767 32767 32767 4 16 
14 92 32767 24 32767 46 30 14 8 23 45 77 18 69 65 4 32767 32767 
74 4 50 36 94 56 10 1 95 2 66 9 86 47 32767 16 32767 32767 
EOF