DIMENSION: 18
EDGE_WEIGHT_TYPE: EXPLICIT
EDGE_WEIGHT_FORMAT: FULL_MATRIX
EDGE_WEIGHT_SECTION:
32767 55 89 44 32767 86 42 73 73 35 75 94 92 47 46 68 90 58 
55 32767 7 99 30 32767 71 29 73 78 32767 32767 95 36 79 85 32767 88 
89 7 32767 90 38 66 94 72 65 30 96 89 27 92 69 32767 72 81 
44 99 90 32767 53 80 51 67 73 10 77 32767 88 19 25 9 3 32767 
32767 30 38 53 32767 42 59 91 36 64 1 24 42 50 66 58 23 70 
86 32767 66 80 42 32767 94 21 81 21 32767 63 23 17 32767 99 14 69 
42 71 94 51 59 94 32767 62 19 32 57 59 37 23 32767 95 29 13 
73 29 72 67 91 21 62 32767 32767 29 82 47 71 14 32767 32 37 63 
73 73 65 73 36 81 19 32767 32767 82 77 38 6 4 42 90 32767 53 
35 78 30 10 64 21 32 29 82 32767 23 67 66 32767 71 83 38 95 
75 32767 96 77 1 32767 57 82 77 23 32767 61 84 68 32767 71 72 32767 
94 32767 89 32767 24 63 59 47 38 67 61 32767 58 68 57 95 84 78 
92 95 27 88 42 23 37 71 6 66 84 58 32767 40 32767 77 8 18 
47 36 92 19 50 17 23 14 4 32767 68 68 40 32767 83 32767 23 20 
46 79 69 25 66 32767 32767 32767 42 71 32767 57 32767 83 32767 21 65 92 
68 85 32767 9 58 99 95 32 90 83 71 95 77 32767 21 32767 32767 100 
90 32767 72 3 23 14 29 37 32767 38 72 84 8 23 65 32767 32767 53 
58 88 81 32767 70 69 13 63 53 95 32767 78 18 20 92 100 53 32767 
EOF