DIMENSION: 18
EDGE_WEIGHT_TYPE: EXPLICIT
EDGE_WEIGHT_FORMAT: FULL_MATRIX
EDGE_WEIGHT_SECTION:
32767 29 23 71 17 55 93 60 3 47 64 16 72 1 53 12 17 81 
29 32767 32767 52 15 32767 11 2 54 81 37 32767 52 71 16 37 74 42 
23 32767 32767 73 64 99 44 40 25 62 42 69 13 52 56 32767 92 74 
71 52 73 32767 33 7 3 67 78 24 14 95 30 14 73 70 40 7 
17 15 64 33 32767 31 65 19 32 5 58 87 67 22 45 22 69 46 
55 32767 99 7 31 32767 4 25 67 32767 84 32767 7 85 50 97 78 88 
93 11 44 3 65 4 32767 28 50 46 94 8 76 32767 95 32767 30 62 
60 2 40 67 19 25 28 32767 64 2 43 53 65 71 77 93 89 32767 
3 54 25 78 32 67 50 64 32767 96 41 96 70 32767 81 3 8 8 
47 81 62 24 5 32767 46 2 96 32767 6 22 53 13 63 2 43 47 
64 37 42 14 58 84 94 43 41 6 32767 55 32767 41 22 27 62 40 
16 32767 69 95 87 32767 8 53 96 22 55 32767 77 22 14 41 32767 32767 
72 52 13 30 67 7 76 65 70 53 32767 77 32767 19 71 54 68 32767 
1 71 52 14 22 85 32767 71 32767 13 41 22 19 32767 45 83 31 17 
53 16 56 73 45 50 95 77 81 63 22 14 71 45 32767 3 53 14 
12 37 32767 70 22 97 32767 93 3 2 27 41 54 83 3 32767 93 59 
17 74 92 40 69 78 30 89 8 43 62 32767 68 31 53 93 32767 43 
81 42 74 7 46 88 62 32767 8 47 40 32767 32767 17 14 59 43 32767 
EOF