DIMENSION: 18
EDGE_WEIGHT_TYPE: EXPLICIT
EDGE_WEIGHT_FORMAT: FULL_MATRIX
EDGE_WEIGHT_SECTION:
32767 84 32767 38 22 16 44 67 57 74 22 66 62 26 40 39 84 56 
84 32767 5 87 37 75 27 32 13 29 95 16 41 70 48 52 13 25 
32767 5 32767 4 46 17 20 32767 3 30 6 32767 100 12 76 23 93 53 
38 87 4 32767 84 25 93 32767 61 98 11 32 10 59 88 26 17 53 
22 37 46 84 32767 2 44 14 34 32767 8 25 29 67 64 38 16 40 
16 75 17 25 2 32767 28 25 23 91 6 32767 30 65 93 71 24 64 
44 27 20 93 44 28 32767 65 92 89 56 74 21 47 54 93 11 87 
67 32 32767 32767 14 25 65 32767 16 75 29 40 52 17 20 90 6 100 
57 13 3 61 34 23 92 16 32767 78 14 44 84 80 34 53 85 57 
74 29 30 98 32767 91 89 75 78 32767 29 80 32767 99 44 12 77 88 
22 95 6 11 8 6 56 29 14 29 32767 3 18 53 40 57 79 71 
66 16 32767 32 25 32767 74 40 44 80 3 32767 24 39 26 38 32767 33 
62 41 100 10 29 30 21 52 84 32767 18 24 32767 52 77 82 95 68 
26 70 12 59 67 65 47 17 80 99 53 39 52 32767 3 46 99 55 
40 48 76 88 64 93 54 20 34 44 40 26 77 3 32767 54 89 56 
39 52 23 26 38 71 93 90 53 12 57 38 82 46 54 32767 32767 43 
84 13 93 17 16 24 11 6 85 77 79 32767 95 99 89 32767 32767 53 
56 25 53 53 40 64 87 100 57 88 71 33 68 55 56 43 53 32767 
EOF