DIMENSION: 18
EDGE_WEIGHT_TYPE: EXPLICIT
EDGE_WEIGHT_FORMAT: FULL_MATRIX
EDGE_WEIGHT_SECTION:
32767 40 63 29 71 1 55 93 13 11 82 48 48 55 83 66 82 84 
40 32767 92 32767 62 62 14 15 64 79 96 49 32767 58 95 5 24 70 
63 92 32767 33 70 74 32767 43 7 12 71 32767 19 25 62 32767 8 1 
29 32767 33 32767 50 89 70 30 26 70 32767 29 12 100 26 31 24 84 
71 62 70 50 32767 52 32767 23 9 70 16 44 57 62 94 21 32767 26 
1 62 74 89 52 32767 10 75 52 4 70 77 35 49 60 8 55 14 
55 14 32767 70 32767 10 32767 18 83 44 89 16 90 72 21 32767 32767 73 
93 15 43 30 23 75 18 32767 93 70 71 4 53 32767 22 22 66 26 
13 64 7 26 9 52 83 93 32767 96 12 64 32767 57 32767 32767 32767 79 
11 79 12 70 70 4 44 70 96 32767 54 75 85 86 90 32767 63 93 
82 96 71 32767 16 70 89 71 12 54 32767 21 39 32767 4 85 33 76 
48 49 32767 29 44 77 16 4 64 75 21 32767 48 32767 1 41 23 32767 
48 32767 19 12 57 35 90 53 32767 85 39 48 32767 75 29 94 93 96 
55 58 25 100 62 49 72 32767 57 86 32767 32767 75 32767 27 36 85 71 
83 95 62 26 94 60 21 22 32767 90 4 1 29 27 32767 84 30 51 
66 5 32767 31 21 8 32767 22 32767 32767 85 41 94 36 84 32767 83 40 
82 24 8 24 32767 55 32767 66 32767 63 33 23 93 85 30 83 32767 59 
84 70 1 84 26 14 73 26 79 93 76 32767 96 71 51 40 59 32767 
EOF