DIMENSION: 18
EDGE_WEIGHT_TYPE: EXPLICIT
EDGE_WEIGHT_FORMAT: FULL_MATRIX
EDGE_WEIGHT_SECTION:
32767 97 100 10 91 93 76 35 99 92 76 75 5 32767 79 47 46 69 
97 32767 85 58 59 89 32767 94 65 82 11 70 48 94 32767 49 24 32767 
100 85 32767 93 11 100 20 95 2 27 81 74 17 27 69 59 21 48 
10 58 93 32767 73 9 53 89 25 27 32767 5 3 69 33 72 32767 92 
91 59 11 73 32767 8 57 79 51 15 51 26 37 32767 60 46 25 59 
93 89 100 9 8 32767 29 57 73 32767 84 31 2 5 84 70 81 32767 
76 32767 20 53 57 29 32767 84 74 79 95 7 18 87 29 26 41 56 
35 94 95 89 79 57 84 32767 95 10 93 81 36 68 45 59 87 61 
99 65 2 25 51 73 74 95 32767 80 94 32767 19 32767 9 32767 56 85 
92 82 27 27 15 32767 79 10 80 32767 31 37 42 52 96 13 88 47 
76 11 81 32767 51 84 95 93 94 31 32767 61 32767 32767 7 82 67 87 
75 70 74 5 26 31 7 81 32767 37 61 32767 36 77 29 51 69 24 
5 48 17 3 37 2 18 36 19 42 32767 36 32767 56 2 69 37 45 
32767 94 27 69 32767 5 87 68 32767 52 32767 77 56 32767 49 30 62 79 
79 32767 69 33 60 84 29 45 9 96 7 29 2 49 32767 69 71 33 
47 49 59 72 46 70 26 59 32767 13 82 51 69 30 69 32767 14 73 
46 24 21 32767 25 81 41 87 56 88 67 69 37 62 71 14 32767 89 
69 32767 48 92 59 32767 56 61 85 47 87 24 45 79 33 73 89 32767 
EOF