DIMENSION: 9
EDGE_WEIGHT_TYPE: EXPLICIT
EDGE_WEIGHT_FORMAT: FULL_MATRIX
EDGE_WEIGHT_SECTION:
32767 32767 85 44 38 32767 86 27 32767 
32767 32767 32767 32767 32767 85 88 53 10 
85 32767 32767 18 82 44 6 23 86 
44 32767 18 32767 37 6 32767 84 32767 
38 32767 82 37 32767 16 63 10 32767 
32767 85 44 6 16 32767 63 86 10 
86 88 6 32767 63 63 32767 58 14 
27 53 23 84 10 86 58 32767 15 
32767 10 86 32767 32767 10 14 15 32767 
EOF