DIMENSION: 9
EDGE_WEIGHT_TYPE: EXPLICIT
EDGE_WEIGHT_FORMAT: FULL_MATRIX
EDGE_WEIGHT_SECTION:
32767 52 32767 45 12 32767 14 32767 35 
52 32767 36 51 18 99 81 39 96 
32767 36 32767 6 59 20 24 48 32767 
45 51 6 32767 28 86 36 29 88 
12 18 59 28 32767 4 32767 24 32767 
32767 99 20 86 4 32767 63 3 32767 
14 81 24 36 32767 63 32767 32767 41 
32767 39 48 29 24 3 32767 32767 32767 
35 96 32767 88 32767 32767 41 32767 32767 
EOF