DIMENSION: 9
EDGE_WEIGHT_TYPE: EXPLICIT
EDGE_WEIGHT_FORMAT: FULL_MATRIX
EDGE_WEIGHT_SECTION:
32767 53 46 99 76 32767 24 60 65 
53 32767 32767 37 32767 45 91 43 74 
46 32767 32767 4 28 32767 30 41 80 
99 37 4 32767 61 92 35 32767 62 
76 32767 28 61 32767 22 91 98 32767 
32767 45 32767 92 22 32767 92 32767 32767 
24 91 30 35 91 92 32767 35 68 
60 43 41 32767 98 32767 35 32767 32767 
65 74 80 62 32767 32767 68 32767 32767 
EOF