DIMENSION: 22
EDGE_WEIGHT_TYPE: EXPLICIT
EDGE_WEIGHT_FORMAT: FULL_MATRIX
EDGE_WEIGHT_SECTION:
32767 58 39 32767 30 32767 15 18 93 22 32767 32767 54 15 32767 10 91 85 32767 27 63 32767 
58 32767 56 32767 32767 9 73 71 32767 33 86 36 32767 27 60 32767 44 80 32767 32767 32767 56 
39 56 32767 32767 96 32767 32767 32767 65 28 29 32767 66 47 41 32767 32767 23 32 32767 32767 95 
32767 32767 32767 32767 68 75 99 42 33 32767 90 80 32767 42 63 32767 53 15 26 32767 38 82 
30 32767 96 68 32767 57 32767 32767 32767 32767 86 32767 91 73 32767 32767 16 71 5 32767 19 32767 
32767 9 32767 75 57 32767 32767 49 32767 32767 32767 32767 37 32767 60 52 32767 42 32767 32767 93 32767 
15 73 32767 99 32767 32767 32767 32767 13 62 32767 80 93 32767 32767 32767 32767 32767 32767 15 32767 26 
18 71 32767 42 32767 49 32767 32767 32767 92 32767 5 32767 32767 32767 29 32767 59 32767 32 32767 77 
93 32767 65 33 32767 32767 13 32767 32767 32767 26 17 32767 32 88 12 32767 32767 32767 32767 32767 55 
22 33 28 32767 32767 32767 62 92 32767 32767 36 32767 32767 93 32767 77 34 89 32767 71 32767 32767 
32767 86 29 90 86 32767 32767 32767 26 36 32767 72 60 89 28 32767 32 99 98 32767 32767 32767 
32767 36 32767 80 32767 32767 80 5 17 32767 72 32767 73 32767 47 32767 88 35 32767 58 56 32767 
54 32767 66 32767 91 37 93 32767 32767 32767 60 73 32767 32767 71 64 32767 32767 58 32767 32767 32767 
15 27 47 42 73 32767 32767 32767 32 93 89 32767 32767 32767 80 32767 52 32767 50 45 32767 32767 
32767 60 41 63 32767 60 32767 32767 88 32767 28 47 71 80 32767 32767 32767 88 32767 32767 32767 32767 
10 32767 32767 32767 32767 52 32767 29 12 77 32767 32767 64 32767 32767 32767 32767 32767 92 32767 32767 32767 
91 44 32767 53 16 32767 32767 32767 32767 34 32 88 32767 52 32767 32767 32767 32767 23 14 32767 52 
85 80 23 15 71 42 32767 59 32767 89 99 35 32767 32767 88 32767 32767 32767 32767 32767 32767 43 
32767 32767 32 26 5 32767 32767 32767 32767 32767 98 32767 58 50 32767 92 23 32767 32767 47 18 32767 
27 32767 32767 32767 32767 32767 15 32 32767 71 32767 58 32767 45 32767 32767 14 32767 47 32767 57 23 
63 32767 32767 38 19 93 32767 32767 32767 32767 32767 56 32767 32767 32767 32767 32767 32767 18 57 32767 1 
32767 56 95 82 32767 32767 26 77 55 32767 32767 32767 32767 32767 32767 32767 52 43 32767 23 1 32767 
EOF