DIMENSION: 22
EDGE_WEIGHT_TYPE: EXPLICIT
EDGE_WEIGHT_FORMAT: FULL_MATRIX
EDGE_WEIGHT_SECTION:
32767 32767 35 32767 12 66 32767 32767 32767 2 32767 32767 78 17 32767 78 86 32767 24 32767 32767 32767 
32767 32767 32767 72 29 32767 32767 32767 22 17 32767 79 32767 32767 8 37 32767 32767 63 49 32767 76 
35 32767 32767 32767 32767 32767 32767 27 100 32767 74 32767 32767 32767 57 83 32767 75 32767 97 40 32767 
32767 72 32767 32767 29 32767 32767 19 32767 32767 32767 32767 65 3 32767 80 32767 36 31 97 5 54 
12 29 32767 29 32767 66 32767 32767 32767 21 32767 32767 32767 32767 32767 32767 32767 70 87 43 32767 32767 
66 32767 32767 32767 66 32767 85 82 32767 32767 7 32767 32767 34 65 32767 32767 32767 63 32767 32767 32 
32767 32767 32767 32767 32767 85 32767 54 32767 66 32767 78 32767 72 32767 32767 32767 35 40 7 23 80 
32767 32767 27 19 32767 82 54 32767 92 32767 32767 32767 32767 59 77 49 32767 32767 32767 85 83 32767 
32767 22 100 32767 32767 32767 32767 92 32767 32767 32767 32767 32767 32767 32767 32767 27 32767 4 32767 32767 64 
2 17 32767 32767 21 32767 66 32767 32767 32767 32767 74 10 32767 32767 42 32767 26 32767 32767 7 38 
32767 32767 74 32767 32767 7 32767 32767 32767 32767 32767 67 32767 100 48 24 32767 27 45 21 32767 32767 
32767 79 32767 32767 32767 32767 78 32767 32767 74 67 32767 32767 32767 32767 5 42 97 99 73 32767 14 
78 32767 32767 65 32767 32767 32767 32767 32767 10 32767 32767 32767 76 32767 36 36 32767 36 100 50 32767 
17 32767 32767 3 32767 34 72 59 32767 32767 100 32767 76 32767 68 46 32767 32767 65 32767 32767 82 
32767 8 57 32767 32767 65 32767 77 32767 32767 48 32767 32767 68 32767 32767 57 32767 32 32767 32767 54 
78 37 83 80 32767 32767 32767 49 32767 42 24 5 36 46 32767 32767 20 98 93 32767 32767 32767 
86 32767 32767 32767 32767 32767 32767 32767 27 32767 32767 42 36 32767 57 20 32767 33 80 32767 32767 21 
32767 32767 75 36 70 32767 35 32767 32767 26 27 97 32767 32767 32767 98 33 32767 32767 32767 32767 36 
24 63 32767 31 87 63 40 32767 4 32767 45 99 36 65 32 93 80 32767 32767 78 75 90 
32767 49 97 97 43 32767 7 85 32767 32767 21 73 100 32767 32767 32767 32767 32767 78 32767 80 32767 
32767 32767 40 5 32767 32767 23 83 32767 7 32767 32767 50 32767 32767 32767 32767 32767 75 80 32767 32767 
32767 76 32767 54 32767 32 80 32767 64 38 32767 14 32767 82 54 32767 21 36 90 32767 32767 32767 
EOF