DIMENSION: 16
EDGE_WEIGHT_TYPE: EXPLICIT
EDGE_WEIGHT_FORMAT: FULL_MATRIX
EDGE_WEIGHT_SECTION:
32767 27 32767 67 48 32767 34 13 78 32767 38 85 32767 96 32767 66 
27 32767 7 43 32767 40 32767 87 70 71 19 32767 32767 9 24 54 
32767 7 32767 32767 19 80 21 62 32767 69 84 32767 32767 8 3 32767 
67 43 32767 32767 32767 32767 20 69 32767 14 46 32767 32767 93 73 32767 
48 32767 19 32767 32767 75 10 32767 64 32767 71 93 41 32767 61 28 
32767 40 80 32767 75 32767 19 20 6 69 32767 93 32767 32767 32767 32767 
34 32767 21 20 10 19 32767 26 32767 32767 32767 64 32767 15 95 82 
13 87 62 69 32767 20 26 32767 2 32767 43 32767 32767 32767 80 32767 
78 70 32767 32767 64 6 32767 2 32767 73 58 32767 87 32767 28 3 
32767 71 69 14 32767 69 32767 32767 73 32767 32767 31 32767 77 32767 32767 
38 19 84 46 71 32767 32767 43 58 32767 32767 32767 32767 32767 32767 32767 
85 32767 32767 32767 93 93 64 32767 32767 31 32767 32767 7 6 32767 95 
32767 32767 32767 32767 41 32767 32767 32767 87 32767 32767 7 32767 32767 5 81 
96 9 8 93 32767 32767 15 32767 32767 77 32767 6 32767 32767 73 70 
32767 24 3 73 61 32767 95 80 28 32767 32767 32767 5 73 32767 49 
66 54 32767 32767 28 32767 82 32767 3 32767 32767 95 81 70 49 32767 
EOF