DIMENSION: 16
EDGE_WEIGHT_TYPE: EXPLICIT
EDGE_WEIGHT_FORMAT: FULL_MATRIX
EDGE_WEIGHT_SECTION:
32767 32767 35 38 50 32767 32767 90 45 95 69 85 55 16 32767 2 
32767 32767 34 23 28 71 32767 30 29 32767 32767 95 61 64 68 32767 
35 34 32767 74 16 79 76 32767 50 69 71 32767 32767 40 99 53 
38 23 74 32767 8 32767 32767 94 32767 94 32767 9 32767 32767 72 32767 
50 28 16 8 32767 32767 94 32767 16 8 52 17 32767 32767 32767 60 
32767 71 79 32767 32767 32767 32767 32767 93 99 54 32767 32767 37 81 32767 
32767 32767 76 32767 94 32767 32767 32767 88 32767 32767 70 32767 12 8 32767 
90 30 32767 94 32767 32767 32767 32767 32767 70 53 32767 32767 25 32767 32767 
45 29 50 32767 16 93 88 32767 32767 55 20 29 32767 55 12 64 
95 32767 69 94 8 99 32767 70 55 32767 32767 19 32767 79 32767 50 
69 32767 71 32767 52 54 32767 53 20 32767 32767 8 32767 82 32767 74 
85 95 32767 9 17 32767 70 32767 29 19 8 32767 32767 32767 73 72 
55 61 32767 32767 32767 32767 32767 32767 32767 32767 32767 32767 32767 32767 21 17 
16 64 40 32767 32767 37 12 25 55 79 82 32767 32767 32767 55 17 
32767 68 99 72 32767 81 8 32767 12 32767 32767 73 21 55 32767 32767 
2 32767 53 32767 60 32767 32767 32767 64 50 74 72 17 17 32767 32767 
EOF