DIMENSION: 16
EDGE_WEIGHT_TYPE: EXPLICIT
EDGE_WEIGHT_FORMAT: FULL_MATRIX
EDGE_WEIGHT_SECTION:
32767 7 32767 80 13 32767 32767 23 83 32767 68 70 32767 59 32767 3 
7 32767 10 32767 8 95 32767 71 56 69 4 32767 32767 87 32767 54 
32767 10 32767 27 45 32767 95 32767 32767 34 63 40 80 13 39 32767 
80 32767 27 32767 32767 85 32767 72 32767 32767 96 32767 32767 41 86 100 
13 8 45 32767 32767 32767 97 32767 32767 60 51 86 5 32767 32767 21 
32767 95 32767 85 32767 32767 61 81 32767 85 92 61 32767 32767 18 8 
32767 32767 95 32767 97 61 32767 32767 96 32767 32767 4 87 13 32767 33 
23 71 32767 72 32767 81 32767 32767 10 5 39 71 32767 83 75 80 
83 56 32767 32767 32767 32767 96 10 32767 1 38 32 94 4 32767 68 
32767 69 34 32767 60 85 32767 5 1 32767 44 24 91 32767 81 32767 
68 4 63 96 51 92 32767 39 38 44 32767 15 55 32767 48 7 
70 32767 40 32767 86 61 4 71 32 24 15 32767 32767 96 32767 24 
32767 32767 80 32767 5 32767 87 32767 94 91 55 32767 32767 32767 79 73 
59 87 13 41 32767 32767 13 83 4 32767 32767 96 32767 32767 32767 16 
32767 32767 39 86 32767 18 32767 75 32767 81 48 32767 79 32767 32767 32767 
3 54 32767 100 21 8 33 80 68 32767 7 24 73 16 32767 32767 
EOF