DIMENSION: 16
EDGE_WEIGHT_TYPE: EXPLICIT
EDGE_WEIGHT_FORMAT: FULL_MATRIX
EDGE_WEIGHT_SECTION:
32767 36 32767 32767 78 32767 32767 51 94 53 32767 8 91 96 50 75 
36 32767 28 32767 62 32767 32767 32767 32767 32767 32767 29 32767 32767 32767 32 
32767 28 32767 85 45 32767 32767 20 32 32767 6 32767 47 73 41 27 
32767 32767 85 32767 54 32767 32767 39 32767 23 32767 49 61 32767 32767 37 
78 62 45 54 32767 53 63 32 71 32767 64 74 83 57 13 32767 
32767 32767 32767 32767 53 32767 32767 65 32767 4 6 13 87 32767 32767 62 
32767 32767 32767 32767 63 32767 32767 32767 85 58 33 32767 32767 32767 32767 32767 
51 32767 20 39 32 65 32767 32767 69 32767 32767 62 32767 65 32767 95 
94 32767 32 32767 71 32767 85 69 32767 32767 32767 78 32767 91 96 32767 
53 32767 32767 23 32767 4 58 32767 32767 32767 32767 32767 92 43 32767 15 
32767 32767 6 32767 64 6 33 32767 32767 32767 32767 32767 32767 32767 32767 25 
8 29 32767 49 74 13 32767 62 78 32767 32767 32767 6 69 88 32767 
91 32767 47 61 83 87 32767 32767 32767 92 32767 6 32767 20 54 49 
96 32767 73 32767 57 32767 32767 65 91 43 32767 69 20 32767 49 16 
50 32767 41 32767 13 32767 32767 32767 96 32767 32767 88 54 49 32767 32767 
75 32 27 37 32767 62 32767 95 32767 15 25 32767 49 16 32767 32767 
EOF