DIMENSION: 16
EDGE_WEIGHT_TYPE: EXPLICIT
EDGE_WEIGHT_FORMAT: FULL_MATRIX
EDGE_WEIGHT_SECTION:
32767 32767 75 32767 55 42 32767 32767 93 32767 32767 8 20 33 51 52 
32767 32767 32767 96 90 32767 74 74 98 32767 92 97 27 9 30 51 
75 32767 32767 32767 32767 32767 32767 89 97 38 35 32767 32767 32767 65 43 
32767 96 32767 32767 32767 32767 80 32767 3 85 32767 35 32767 72 32767 12 
55 90 32767 32767 32767 52 90 34 32767 31 15 35 15 32767 4 80 
42 32767 32767 32767 52 32767 100 2 51 32767 92 73 97 37 32767 15 
32767 74 32767 80 90 100 32767 32767 7 15 32767 81 32767 84 32767 32767 
32767 74 89 32767 34 2 32767 32767 71 38 32767 81 63 89 23 32767 
93 98 97 3 32767 51 7 71 32767 59 60 6 32767 32767 32767 32767 
32767 32767 38 85 31 32767 15 38 59 32767 53 73 32767 79 55 32767 
32767 92 35 32767 15 92 32767 32767 60 53 32767 63 32767 79 15 39 
8 97 32767 35 35 73 81 81 6 73 63 32767 32767 33 97 32767 
20 27 32767 32767 15 97 32767 63 32767 32767 32767 32767 32767 32767 10 32767 
33 9 32767 72 32767 37 84 89 32767 79 79 33 32767 32767 32767 91 
51 30 65 32767 4 32767 32767 23 32767 55 15 97 10 32767 32767 32767 
52 51 43 12 80 15 32767 32767 32767 32767 39 32767 32767 91 32767 32767 
EOF