DIMENSION: 7
EDGE_WEIGHT_TYPE: EXPLICIT
EDGE_WEIGHT_FORMAT: FULL_MATRIX
EDGE_WEIGHT_SECTION:
32767 32767 32767 96 61 24 12 
32767 32767 75 100 32767 32767 32767 
32767 75 32767 77 32767 32767 32767 
96 100 77 32767 76 32767 80 
61 32767 32767 76 32767 33 16 
24 32767 32767 32767 33 32767 84 
12 32767 32767 80 16 84 32767 
EOF