DIMENSION: 7
EDGE_WEIGHT_TYPE: EXPLICIT
EDGE_WEIGHT_FORMAT: FULL_MATRIX
EDGE_WEIGHT_SECTION:
32767 78 93 32767 42 32767 24 
78 32767 53 33 1 32767 82 
93 53 32767 97 32767 81 38 
32767 33 97 32767 12 86 82 
42 1 32767 12 32767 86 26 
32767 32767 81 86 86 32767 32767 
24 82 38 82 26 32767 32767 
EOF