DIMENSION: 12
EDGE_WEIGHT_TYPE: EXPLICIT
EDGE_WEIGHT_FORMAT: FULL_MATRIX
EDGE_WEIGHT_SECTION:
32767 84 66 32767 87 1 91 32767 32767 98 62 32767 
84 32767 6 53 62 66 72 39 98 56 32767 93 
66 6 32767 44 7 47 21 11 15 39 3 32 
32767 53 44 32767 32767 32767 5 6 20 14 5 86 
87 62 7 32767 32767 32767 44 1 58 92 32767 42 
1 66 47 32767 32767 32767 80 80 32767 96 81 35 
91 72 21 5 44 80 32767 89 4 18 12 63 
32767 39 11 6 1 80 89 32767 55 37 59 32767 
32767 98 15 20 58 32767 4 55 32767 20 34 64 
98 56 39 14 92 96 18 37 20 32767 63 32767 
62 32767 3 5 32767 81 12 59 34 63 32767 92 
32767 93 32 86 42 35 63 32767 64 32767 92 32767 
EOF