DIMENSION: 12
EDGE_WEIGHT_TYPE: EXPLICIT
EDGE_WEIGHT_FORMAT: FULL_MATRIX
EDGE_WEIGHT_SECTION:
32767 32767 32767 95 95 38 85 81 65 22 53 32767 
32767 32767 90 44 44 46 4 59 32767 89 32767 35 
32767 90 32767 71 5 58 32767 32767 99 50 51 32767 
95 44 71 32767 46 23 75 58 74 32767 32767 95 
95 44 5 46 32767 32767 67 74 4 49 28 25 
38 46 58 23 32767 32767 90 21 32767 98 32767 72 
85 4 32767 75 67 90 32767 36 33 15 32767 48 
81 59 32767 58 74 21 36 32767 54 32767 77 32767 
65 32767 99 74 4 32767 33 54 32767 77 35 32767 
22 89 50 32767 49 98 15 32767 77 32767 64 32767 
53 32767 51 32767 28 32767 32767 77 35 64 32767 32767 
32767 35 32767 95 25 72 48 32767 32767 32767 32767 32767 
EOF