DIMENSION: 12
EDGE_WEIGHT_TYPE: EXPLICIT
EDGE_WEIGHT_FORMAT: FULL_MATRIX
EDGE_WEIGHT_SECTION:
32767 4 18 73 39 71 32767 74 57 40 32767 22 
4 32767 20 96 87 32767 74 74 52 32767 89 38 
18 20 32767 32767 60 16 16 76 60 76 68 79 
73 96 32767 32767 13 24 32767 49 68 23 32767 60 
39 87 60 13 32767 79 60 32767 75 79 28 9 
71 32767 16 24 79 32767 99 41 96 14 73 31 
32767 74 16 32767 60 99 32767 6 1 64 92 95 
74 74 76 49 32767 41 6 32767 38 32767 32767 53 
57 52 60 68 75 96 1 38 32767 32767 61 98 
40 32767 76 23 79 14 64 32767 32767 32767 87 43 
32767 89 68 32767 28 73 92 32767 61 87 32767 5 
22 38 79 60 9 31 95 53 98 43 5 32767 
EOF