DIMENSION: 7
EDGE_WEIGHT_TYPE: EXPLICIT
EDGE_WEIGHT_FORMAT: FULL_MATRIX
EDGE_WEIGHT_SECTION:
32767 86 88 50 90 17 48 
86 32767 66 68 90 90 71 
88 66 32767 69 60 32767 56 
50 68 69 32767 70 64 86 
90 90 60 70 32767 37 32767 
17 90 32767 64 37 32767 83 
48 71 56 86 32767 83 32767 
EOF