DIMENSION: 7
EDGE_WEIGHT_TYPE: EXPLICIT
EDGE_WEIGHT_FORMAT: FULL_MATRIX
EDGE_WEIGHT_SECTION:
32767 7 53 32767 47 15 52 
7 32767 23 39 39 30 87 
53 23 32767 70 100 88 32 
32767 39 70 32767 22 36 6 
47 39 100 22 32767 82 64 
15 30 88 36 82 32767 40 
52 87 32 6 64 40 32767 
EOF