DIMENSION: 7
EDGE_WEIGHT_TYPE: EXPLICIT
EDGE_WEIGHT_FORMAT: FULL_MATRIX
EDGE_WEIGHT_SECTION:
32767 38 21 54 20 32767 61 
38 32767 18 27 32767 94 19 
21 18 32767 83 80 69 36 
54 27 83 32767 22 88 81 
20 32767 80 22 32767 50 62 
32767 94 69 88 50 32767 66 
61 19 36 81 62 66 32767 
EOF