DIMENSION: 7
EDGE_WEIGHT_TYPE: EXPLICIT
EDGE_WEIGHT_FORMAT: FULL_MATRIX
EDGE_WEIGHT_SECTION:
32767 97 76 87 30 54 50 
97 32767 79 32767 45 54 32767 
76 79 32767 8 74 75 20 
87 32767 8 32767 46 40 57 
30 45 74 46 32767 48 73 
54 54 75 40 48 32767 21 
50 32767 20 57 73 21 32767 
EOF