DIMENSION: 7
EDGE_WEIGHT_TYPE: EXPLICIT
EDGE_WEIGHT_FORMAT: FULL_MATRIX
EDGE_WEIGHT_SECTION:
32767 11 29 30 11 12 37 
11 32767 32767 70 32767 75 11 
29 32767 32767 42 96 23 74 
30 70 42 32767 69 65 27 
11 32767 96 69 32767 36 96 
12 75 23 65 36 32767 34 
37 11 74 27 96 34 32767 
EOF