DIMENSION: 8
EDGE_WEIGHT_TYPE: EXPLICIT
EDGE_WEIGHT_FORMAT: FULL_MATRIX
EDGE_WEIGHT_SECTION:
32767 48 32767 17 32767 25 32767 46 
48 32767 32767 32767 32767 32767 32767 32767 
32767 32767 32767 43 92 60 9 76 
17 32767 43 32767 43 14 32767 93 
32767 32767 92 43 32767 97 32767 21 
25 32767 60 14 97 32767 69 32767 
32767 32767 9 32767 32767 69 32767 84 
46 32767 76 93 21 32767 84 32767 
EOF