DIMENSION: 8
EDGE_WEIGHT_TYPE: EXPLICIT
EDGE_WEIGHT_FORMAT: FULL_MATRIX
EDGE_WEIGHT_SECTION:
32767 31 69 94 76 17 99 84 
31 32767 57 41 92 99 38 32767 
69 57 32767 11 76 60 90 46 
94 41 11 32767 12 15 69 59 
76 92 76 12 32767 48 24 59 
17 99 60 15 48 32767 59 71 
99 38 90 69 24 59 32767 100 
84 32767 46 59 59 71 100 32767 
EOF