DIMENSION: 8
EDGE_WEIGHT_TYPE: EXPLICIT
EDGE_WEIGHT_FORMAT: FULL_MATRIX
EDGE_WEIGHT_SECTION:
32767 86 51 64 26 11 67 39 
86 32767 32767 10 47 5 51 23 
51 32767 32767 66 61 97 80 32767 
64 10 66 32767 65 41 9 95 
26 47 61 65 32767 25 92 94 
11 5 97 41 25 32767 37 47 
67 51 80 9 92 37 32767 25 
39 23 32767 95 94 47 25 32767 
EOF