DIMENSION: 8
EDGE_WEIGHT_TYPE: EXPLICIT
EDGE_WEIGHT_FORMAT: FULL_MATRIX
EDGE_WEIGHT_SECTION:
32767 49 44 28 32767 40 96 3 
49 32767 97 8 15 22 43 64 
44 97 32767 76 33 85 26 32767 
28 8 76 32767 32 88 16 48 
32767 15 33 32 32767 95 7 32767 
40 22 85 88 95 32767 84 52 
96 43 26 16 7 84 32767 55 
3 64 32767 48 32767 52 55 32767 
EOF