DIMENSION: 8
EDGE_WEIGHT_TYPE: EXPLICIT
EDGE_WEIGHT_FORMAT: FULL_MATRIX
EDGE_WEIGHT_SECTION:
32767 58 70 19 41 30 59 64 
58 32767 34 40 19 39 32 62 
70 34 32767 66 32767 75 47 32767 
19 40 66 32767 40 79 7 97 
41 19 32767 40 32767 32767 13 33 
30 39 75 79 32767 32767 59 47 
59 32 47 7 13 59 32767 96 
64 62 32767 97 33 47 96 32767 
EOF