DIMENSION: 12
EDGE_WEIGHT_TYPE: EXPLICIT
EDGE_WEIGHT_FORMAT: FULL_MATRIX
EDGE_WEIGHT_SECTION:
32767 59 4 32767 32767 32767 32767 33 32767 66 54 75 
59 32767 97 32767 32767 32767 59 32767 32767 32767 32767 32767 
4 97 32767 28 32767 98 32767 32767 32767 97 86 32767 
32767 32767 28 32767 3 32767 17 32767 32767 98 56 34 
32767 32767 32767 3 32767 27 59 32767 39 32767 36 32767 
32767 32767 98 32767 27 32767 58 32767 87 32767 32767 32767 
32767 59 32767 17 59 58 32767 56 32767 32767 32767 5 
33 32767 32767 32767 32767 32767 56 32767 32767 12 32767 32767 
32767 32767 32767 32767 39 87 32767 32767 32767 32767 32767 32767 
66 32767 97 98 32767 32767 32767 12 32767 32767 32767 32767 
54 32767 86 56 36 32767 32767 32767 32767 32767 32767 32767 
75 32767 32767 34 32767 32767 5 32767 32767 32767 32767 32767 
EOF