DIMENSION: 12
EDGE_WEIGHT_TYPE: EXPLICIT
EDGE_WEIGHT_FORMAT: FULL_MATRIX
EDGE_WEIGHT_SECTION:
32767 32767 32767 32767 32767 32767 32767 32767 32767 35 32767 32767 
32767 32767 32767 32767 8 32767 8 32767 32767 32767 46 9 
32767 32767 32767 32767 99 7 32767 32767 99 32767 32767 30 
32767 32767 32767 32767 32767 21 32767 32767 32767 32767 32767 32767 
32767 8 99 32767 32767 21 32767 32767 32767 85 27 72 
32767 32767 7 21 21 32767 32767 32767 99 46 19 80 
32767 8 32767 32767 32767 32767 32767 44 32767 92 71 16 
32767 32767 32767 32767 32767 32767 44 32767 97 50 95 20 
32767 32767 99 32767 32767 99 32767 97 32767 46 32767 22 
35 32767 32767 32767 85 46 92 50 46 32767 46 93 
32767 46 32767 32767 27 19 71 95 32767 46 32767 22 
32767 9 30 32767 72 80 16 20 22 93 22 32767 
EOF