DIMENSION: 18
EDGE_WEIGHT_TYPE: EXPLICIT
EDGE_WEIGHT_FORMAT: FULL_MATRIX
EDGE_WEIGHT_SECTION:
32767 32767 32767 74 66 32767 32767 87 18 3 6 32767 61 44 32767 85 32767 32767 
32767 32767 40 37 74 32767 32767 93 32767 32767 73 40 32767 32767 100 1 4 67 
32767 40 32767 4 89 77 8 75 53 32 32767 94 3 80 80 44 78 32767 
74 37 4 32767 17 73 36 78 32767 32767 25 70 32767 53 32767 46 32767 32767 
66 74 89 17 32767 46 32767 32767 32 1 18 32767 90 65 69 92 5 28 
32767 32767 77 73 46 32767 19 60 26 54 32767 42 32767 73 46 32767 32767 52 
32767 32767 8 36 32767 19 32767 53 84 96 27 85 86 32767 46 32767 32767 32767 
87 93 75 78 32767 60 53 32767 75 32767 32767 40 79 9 51 50 32767 85 
18 32767 53 32767 32 26 84 75 32767 23 32767 75 32767 13 45 69 32 81 
3 32767 32 32767 1 54 96 32767 23 32767 57 17 19 52 32767 32767 32767 10 
6 73 32767 25 18 32767 27 32767 32767 57 32767 74 32767 37 32767 35 4 95 
32767 40 94 70 32767 42 85 40 75 17 74 32767 9 32767 50 73 32767 32767 
61 32767 3 32767 90 32767 86 79 32767 19 32767 9 32767 1 32767 5 52 70 
44 32767 80 53 65 73 32767 9 13 52 37 32767 1 32767 32767 95 22 88 
32767 100 80 32767 69 46 46 51 45 32767 32767 50 32767 32767 32767 32767 38 57 
85 1 44 46 92 32767 32767 50 69 32767 35 73 5 95 32767 32767 32767 65 
32767 4 78 32767 5 32767 32767 32767 32 32767 4 32767 52 22 38 32767 32767 28 
32767 67 32767 32767 28 52 32767 85 81 10 95 32767 70 88 57 65 28 32767 
EOF