DIMENSION: 18
EDGE_WEIGHT_TYPE: EXPLICIT
EDGE_WEIGHT_FORMAT: FULL_MATRIX
EDGE_WEIGHT_SECTION:
32767 8 32767 32767 32767 92 81 66 32767 32767 81 32767 49 32767 39 9 23 50 
8 32767 26 55 77 53 80 32767 12 97 23 93 32767 41 58 36 13 9 
32767 26 32767 99 32767 54 11 29 32767 77 94 95 6 1 75 32767 84 77 
32767 55 99 32767 88 10 85 32767 32767 21 93 32767 32767 25 19 55 32767 75 
32767 77 32767 88 32767 32767 32767 69 32767 32767 54 31 99 32767 32767 32767 32767 66 
92 53 54 10 32767 32767 10 73 43 2 32767 29 10 8 76 46 42 49 
81 80 11 85 32767 10 32767 32767 32 78 77 32767 86 83 4 74 32767 2 
66 32767 29 32767 69 73 32767 32767 32767 32767 87 85 71 16 4 36 60 35 
32767 12 32767 32767 32767 43 32 32767 32767 8 32767 68 46 32767 32767 32 32767 12 
32767 97 77 21 32767 2 78 32767 8 32767 32767 32767 29 25 23 4 92 32767 
81 23 94 93 54 32767 77 87 32767 32767 32767 51 50 11 15 23 5 82 
32767 93 95 32767 31 29 32767 85 68 32767 51 32767 58 32767 32767 89 42 32767 
49 32767 6 32767 99 10 86 71 46 29 50 58 32767 32767 32767 16 32767 59 
32767 41 1 25 32767 8 83 16 32767 25 11 32767 32767 32767 32767 32767 37 32767 
39 58 75 19 32767 76 4 4 32767 23 15 32767 32767 32767 32767 99 65 38 
9 36 32767 55 32767 46 74 36 32 4 23 89 16 32767 99 32767 85 32767 
23 13 84 32767 32767 42 32767 60 32767 92 5 42 32767 37 65 85 32767 32767 
50 9 77 75 66 49 2 35 12 32767 82 32767 59 32767 38 32767 32767 32767 
EOF