DIMENSION: 18
EDGE_WEIGHT_TYPE: EXPLICIT
EDGE_WEIGHT_FORMAT: FULL_MATRIX
EDGE_WEIGHT_SECTION:
32767 95 32 34 92 3 42 32767 25 90 32767 32767 45 32767 32767 32767 32767 32767 
95 32767 52 45 89 33 1 24 32767 26 47 32767 24 13 32767 32767 32767 92 
32 52 32767 32767 32767 47 32767 97 36 71 9 37 68 61 32767 94 12 32767 
34 45 32767 32767 32767 85 28 18 98 32767 72 50 32767 32767 78 96 91 8 
92 89 32767 32767 32767 32767 32767 32767 47 97 32767 33 33 75 32767 38 32767 1 
3 33 47 85 32767 32767 39 32767 16 100 32767 32767 41 33 32767 32767 32767 32767 
42 1 32767 28 32767 39 32767 22 78 83 53 100 27 32767 8 32767 12 49 
32767 24 97 18 32767 32767 22 32767 19 25 99 94 32767 32767 32767 13 32767 32767 
25 32767 36 98 47 16 78 19 32767 32767 12 19 38 42 4 32767 16 20 
90 26 71 32767 97 100 83 25 32767 32767 32767 18 27 32767 72 3 11 51 
32767 47 9 72 32767 32767 53 99 12 32767 32767 58 95 32767 32767 32767 32767 32767 
32767 32767 37 50 33 32767 100 94 19 18 58 32767 32767 32767 14 32767 63 41 
45 24 68 32767 33 41 27 32767 38 27 95 32767 32767 85 61 32767 32 56 
32767 13 61 32767 75 33 32767 32767 42 32767 32767 32767 85 32767 32767 32767 97 80 
32767 32767 32767 78 32767 32767 8 32767 4 72 32767 14 61 32767 32767 32767 32767 17 
32767 32767 94 96 38 32767 32767 13 32767 3 32767 32767 32767 32767 32767 32767 32767 32767 
32767 32767 12 91 32767 32767 12 32767 16 11 32767 63 32 97 32767 32767 32767 21 
32767 92 32767 8 1 32767 49 32767 20 51 32767 41 56 80 17 32767 21 32767 
EOF