DIMENSION: 18
EDGE_WEIGHT_TYPE: EXPLICIT
EDGE_WEIGHT_FORMAT: FULL_MATRIX
EDGE_WEIGHT_SECTION:
32767 76 39 53 40 1 32767 32767 91 32767 32767 61 57 46 32767 32767 77 52 
76 32767 46 32767 22 32767 32767 16 2 25 44 86 32767 72 38 32767 32767 32 
39 46 32767 32767 60 83 32767 98 32767 9 32767 76 35 32767 30 32767 67 32767 
53 32767 32767 32767 32767 33 22 32767 53 32767 32767 32767 32767 56 79 91 4 32767 
40 22 60 32767 32767 24 9 32767 48 5 32767 32767 32767 32767 16 32767 32767 38 
1 32767 83 33 24 32767 32 18 34 96 32767 32767 32767 32767 75 32767 95 32767 
32767 32767 32767 22 9 32 32767 32767 98 37 48 58 32767 78 85 32767 54 44 
32767 16 98 32767 32767 18 32767 32767 99 32767 98 32767 24 32767 32767 13 12 45 
91 2 32767 53 48 34 98 99 32767 5 59 32767 32767 91 32767 32767 32767 98 
32767 25 9 32767 5 96 37 32767 5 32767 32767 99 32767 38 32767 32767 78 32767 
32767 44 32767 32767 32767 32767 48 98 59 32767 32767 95 92 39 32767 32767 32 56 
61 86 76 32767 32767 32767 58 32767 32767 99 95 32767 32767 32767 91 32767 5 32767 
57 32767 35 32767 32767 32767 32767 24 32767 32767 92 32767 32767 32767 65 32767 54 32767 
46 72 32767 56 32767 32767 78 32767 91 38 39 32767 32767 32767 86 95 42 11 
32767 38 30 79 16 75 85 32767 32767 32767 32767 91 65 86 32767 32767 99 3 
32767 32767 32767 91 32767 32767 32767 13 32767 32767 32767 32767 32767 95 32767 32767 75 21 
77 32767 67 4 32767 95 54 12 32767 78 32 5 54 42 99 75 32767 9 
52 32 32767 32767 38 32767 44 45 98 32767 56 32767 32767 11 3 21 9 32767 
EOF