DIMENSION: 10
EDGE_WEIGHT_TYPE: EXPLICIT
EDGE_WEIGHT_FORMAT: FULL_MATRIX
EDGE_WEIGHT_SECTION:
32767 44 7 27 32767 32767 77 57 32767 32767 
44 32767 13 48 32767 59 74 32767 3 32767 
7 13 32767 35 32767 12 33 14 32767 18 
27 48 35 32767 32767 32767 32767 25 32767 32767 
32767 32767 32767 32767 32767 76 32767 32767 32 14 
32767 59 12 32767 76 32767 32767 32767 32767 32767 
77 74 33 32767 32767 32767 32767 2 32767 32767 
57 32767 14 25 32767 32767 2 32767 32767 91 
32767 3 32767 32767 32 32767 32767 32767 32767 17 
32767 32767 18 32767 14 32767 32767 91 17 32767 
EOF