DIMENSION: 7
EDGE_WEIGHT_TYPE: EXPLICIT
EDGE_WEIGHT_FORMAT: FULL_MATRIX
EDGE_WEIGHT_SECTION:
32767 32767 32767 32767 32767 32767 32767 
32767 32767 24 32767 20 32767 19 
32767 24 32767 43 88 47 32767 
32767 32767 43 32767 92 56 32767 
32767 20 88 92 32767 35 32767 
32767 32767 47 56 35 32767 93 
32767 19 32767 32767 32767 93 32767 
EOF