DIMENSION: 22
EDGE_WEIGHT_TYPE: EXPLICIT
EDGE_WEIGHT_FORMAT: FULL_MATRIX
EDGE_WEIGHT_SECTION:
32767 22 77 95 44 86 73 21 40 34 79 34 34 32767 30 7 29 32767 32767 20 32767 32767 
22 32767 32767 45 20 7 17 61 32767 32767 32767 72 82 19 61 32767 89 2 32767 23 32767 91 
77 32767 32767 76 54 54 79 71 9 89 51 73 85 6 21 32767 32767 82 1 14 32767 19 
95 45 76 32767 91 87 32767 32767 17 44 32767 20 91 32767 96 17 72 32767 53 13 6 32767 
44 20 54 91 32767 32767 41 4 86 65 54 43 83 30 80 47 32767 25 38 87 32767 32767 
86 7 54 87 32767 32767 45 32767 32767 32767 32767 32767 32767 41 40 13 32767 45 92 56 10 62 
73 17 79 32767 41 45 32767 27 22 75 32767 47 50 32767 8 1 52 42 41 32767 32 17 
21 61 71 32767 4 32767 27 32767 23 32767 6 49 32767 23 32767 21 100 33 32767 85 32767 32767 
40 32767 9 17 86 32767 22 23 32767 32767 76 66 87 32767 59 11 6 40 14 32767 12 32767 
34 32767 89 44 65 32767 75 32767 32767 32767 32767 32767 32767 70 67 45 32767 32767 38 9 82 32767 
79 32767 51 32767 54 32767 32767 6 76 32767 32767 82 26 32767 18 82 32767 32767 13 9 32767 78 
34 72 73 20 43 32767 47 49 66 32767 82 32767 41 24 25 59 55 9 69 91 28 63 
34 82 85 91 83 32767 50 32767 87 32767 26 41 32767 93 99 58 98 17 80 14 31 1 
32767 19 6 32767 30 41 32767 23 32767 70 32767 24 93 32767 17 32767 32767 75 66 89 28 48 
30 61 21 96 80 40 8 32767 59 67 18 25 99 17 32767 32767 98 32767 32767 32767 5 32767 
7 32767 32767 17 47 13 1 21 11 45 82 59 58 32767 32767 32767 84 32767 32767 99 32767 88 
29 89 32767 72 32767 32767 52 100 6 32767 32767 55 98 32767 98 84 32767 46 31 5 32767 32767 
32767 2 82 32767 25 45 42 33 40 32767 32767 9 17 75 32767 32767 46 32767 44 32767 91 95 
32767 32767 1 53 38 92 41 32767 14 38 13 69 80 66 32767 32767 31 44 32767 97 32767 54 
20 23 14 13 87 56 32767 85 32767 9 9 91 14 89 32767 99 5 32767 97 32767 40 87 
32767 32767 32767 6 32767 10 32 32767 12 82 32767 28 31 28 5 32767 32767 91 32767 40 32767 32767 
32767 91 19 32767 32767 62 17 32767 32767 32767 78 63 1 48 32767 88 32767 95 54 87 32767 32767 
EOF