DIMENSION: 22
EDGE_WEIGHT_TYPE: EXPLICIT
EDGE_WEIGHT_FORMAT: FULL_MATRIX
EDGE_WEIGHT_SECTION:
32767 32767 90 32767 58 94 18 62 99 39 75 2 32767 5 34 57 12 32767 30 48 91 32767 
32767 32767 36 1 21 82 69 62 65 32767 69 1 12 85 77 43 50 33 21 37 63 84 
90 36 32767 35 59 32767 32767 6 39 6 32767 90 32767 8 79 43 41 54 32767 32767 44 13 
32767 1 35 32767 32767 23 63 32767 32767 97 100 58 32767 61 32767 91 66 50 32767 32767 32767 74 
58 21 59 32767 32767 32767 32767 5 61 14 50 16 60 89 32767 1 51 32767 68 12 32767 90 
94 82 32767 23 32767 32767 28 98 32767 32767 78 13 93 64 84 32767 36 64 62 2 2 32767 
18 69 32767 63 32767 28 32767 56 25 18 52 21 81 77 32767 92 89 12 32 15 32767 32767 
62 62 6 32767 5 98 56 32767 74 80 32767 86 32767 3 79 32767 60 51 96 80 44 7 
99 65 39 32767 61 32767 25 74 32767 35 86 71 32767 58 6 32767 32767 31 79 14 68 32767 
39 32767 6 97 14 32767 18 80 35 32767 32767 32 35 50 85 20 57 32767 10 50 10 32767 
75 69 32767 100 50 78 52 32767 86 32767 32767 91 32767 32767 32767 55 59 14 32767 32767 100 69 
2 1 90 58 16 13 21 86 71 32 91 32767 85 56 97 47 11 55 49 62 62 21 
32767 12 32767 32767 60 93 81 32767 32767 35 32767 85 32767 50 7 96 32767 32767 32 31 32767 87 
5 85 8 61 89 64 77 3 58 50 32767 56 50 32767 90 32767 32767 56 1 16 32767 98 
34 77 79 32767 32767 84 32767 79 6 85 32767 97 7 90 32767 22 32767 71 59 97 32767 43 
57 43 43 91 1 32767 92 32767 32767 20 55 47 96 32767 22 32767 21 32767 14 62 56 32767 
12 50 41 66 51 36 89 60 32767 57 59 11 32767 32767 32767 21 32767 32767 1 38 73 32767 
32767 33 54 50 32767 64 12 51 31 32767 14 55 32767 56 71 32767 32767 32767 6 36 32767 36 
30 21 32767 32767 68 62 32 96 79 10 32767 49 32 1 59 14 1 6 32767 32767 32767 55 
48 37 32767 32767 12 2 15 80 14 50 32767 62 31 16 97 62 38 36 32767 32767 27 49 
91 63 44 32767 32767 2 32767 44 68 10 100 62 32767 32767 32767 56 73 32767 32767 27 32767 64 
32767 84 13 74 90 32767 32767 7 32767 32767 69 21 87 98 43 32767 32767 36 55 49 64 32767 
EOF