DIMENSION: 22
EDGE_WEIGHT_TYPE: EXPLICIT
EDGE_WEIGHT_FORMAT: FULL_MATRIX
EDGE_WEIGHT_SECTION:
32767 21 76 65 40 32767 22 32767 73 100 32767 22 24 8 94 30 32767 50 32767 23 68 32767 
21 32767 32767 93 4 93 32767 75 99 50 32767 56 32767 49 37 56 38 60 64 24 57 32767 
76 32767 32767 32767 93 12 97 32767 98 32767 53 22 38 50 32767 32767 41 61 19 95 32767 89 
65 93 32767 32767 77 32767 96 32767 1 32767 67 32767 32767 63 97 32767 44 96 10 32767 93 46 
40 4 93 77 32767 85 32767 45 52 32767 32767 7 70 32767 32767 31 6 32767 49 90 54 69 
32767 93 12 32767 85 32767 88 32767 32767 59 17 37 45 32767 48 32767 24 26 28 53 32767 94 
22 32767 97 96 32767 88 32767 68 99 32767 64 32767 32767 29 39 32 32767 59 32767 32767 54 30 
32767 75 32767 32767 45 32767 68 32767 71 21 32767 14 32767 99 48 94 65 71 58 32767 93 32767 
73 99 98 1 52 32767 99 71 32767 22 32767 32767 32767 32767 95 32767 15 63 52 26 32767 96 
100 50 32767 32767 32767 59 32767 21 22 32767 32767 12 9 32767 32767 47 32767 64 32767 32767 44 36 
32767 32767 53 67 32767 17 64 32767 32767 32767 32767 32767 88 45 32767 48 9 92 5 32767 47 32767 
22 56 22 32767 7 37 32767 14 32767 12 32767 32767 98 53 71 7 52 32767 40 92 95 32767 
24 32767 38 32767 70 45 32767 32767 32767 9 88 98 32767 78 75 17 32767 21 9 32767 15 66 
8 49 50 63 32767 32767 29 99 32767 32767 45 53 78 32767 57 32767 32767 56 69 81 71 6 
94 37 32767 97 32767 48 39 48 95 32767 32767 71 75 57 32767 34 32767 60 13 63 32767 24 
30 56 32767 32767 31 32767 32 94 32767 47 48 7 17 32767 34 32767 32767 90 32767 32767 75 32767 
32767 38 41 44 6 24 32767 65 15 32767 9 52 32767 32767 32767 32767 32767 90 87 96 32767 66 
50 60 61 96 32767 26 59 71 63 64 92 32767 21 56 60 90 90 32767 74 32767 9 70 
32767 64 19 10 49 28 32767 58 52 32767 5 40 9 69 13 32767 87 74 32767 32767 32767 45 
23 24 95 32767 90 53 32767 32767 26 32767 32767 92 32767 81 63 32767 96 32767 32767 32767 32767 20 
68 57 32767 93 54 32767 54 93 32767 44 47 95 15 71 32767 75 32767 9 32767 32767 32767 25 
32767 32767 89 46 69 94 30 32767 96 36 32767 32767 66 6 24 32767 66 70 45 20 25 32767 
EOF