DIMENSION: 22
EDGE_WEIGHT_TYPE: EXPLICIT
EDGE_WEIGHT_FORMAT: FULL_MATRIX
EDGE_WEIGHT_SECTION:
32767 12 80 32767 38 32767 3 44 74 63 22 20 78 26 32767 6 32767 32767 50 63 46 90 
12 32767 90 37 32767 32767 99 54 61 32767 50 32767 32767 42 32 53 70 98 16 32767 32767 3 
80 90 32767 38 32767 30 32767 35 95 32767 32767 73 70 83 39 84 54 68 95 71 32767 32767 
32767 37 38 32767 77 32767 7 28 32767 69 59 25 58 29 32767 32767 8 32767 75 32767 43 93 
38 32767 32767 77 32767 4 32767 32767 27 72 56 83 32767 8 42 32767 89 85 32767 34 29 64 
32767 32767 30 32767 4 32767 32767 99 89 19 32767 42 19 32767 85 16 32767 82 51 87 50 72 
3 99 32767 7 32767 32767 32767 32767 32767 32767 32767 85 5 93 21 50 71 75 26 32767 7 3 
44 54 35 28 32767 99 32767 32767 93 32767 32767 72 32767 58 27 53 51 54 32767 32767 32767 5 
74 61 95 32767 27 89 32767 93 32767 88 38 32767 32767 49 96 99 57 32767 68 57 32767 32767 
63 32767 32767 69 72 19 32767 32767 88 32767 32767 28 34 91 32767 95 3 90 32767 85 32767 33 
22 50 32767 59 56 32767 32767 32767 38 32767 32767 81 47 8 32767 32767 32767 32767 32767 39 32767 32767 
20 32767 73 25 83 42 85 72 32767 28 81 32767 90 32767 52 32767 54 50 87 97 18 2 
78 32767 70 58 32767 19 5 32767 32767 34 47 90 32767 85 58 91 32767 4 99 82 32 31 
26 42 83 29 8 32767 93 58 49 91 8 32767 85 32767 21 32767 32767 92 32767 77 32767 47 
32767 32 39 32767 42 85 21 27 96 32767 32767 52 58 21 32767 34 32767 88 32767 31 70 31 
6 53 84 32767 32767 16 50 53 99 95 32767 32767 91 32767 34 32767 32767 32767 90 15 43 32767 
32767 70 54 8 89 32767 71 51 57 3 32767 54 32767 32767 32767 32767 32767 31 53 24 57 80 
32767 98 68 32767 85 82 75 54 32767 90 32767 50 4 92 88 32767 31 32767 89 32767 32767 33 
50 16 95 75 32767 51 26 32767 68 32767 32767 87 99 32767 32767 90 53 89 32767 32767 32767 23 
63 32767 71 32767 34 87 32767 32767 57 85 39 97 82 77 31 15 24 32767 32767 32767 44 71 
46 32767 32767 43 29 50 7 32767 32767 32767 32767 18 32 32767 70 43 57 32767 32767 44 32767 32767 
90 3 32767 93 64 72 3 5 32767 33 32767 2 31 47 31 32767 80 33 23 71 32767 32767 
EOF