DIMENSION: 22
EDGE_WEIGHT_TYPE: EXPLICIT
EDGE_WEIGHT_FORMAT: FULL_MATRIX
EDGE_WEIGHT_SECTION:
32767 32767 56 32767 92 4 32767 42 75 32767 48 50 36 73 39 32767 32767 87 89 6 14 62 
32767 32767 32767 32767 63 32767 38 60 1 11 38 32767 78 32767 18 24 99 32767 40 32767 1 5 
56 32767 32767 32767 32 32767 38 11 35 61 32767 7 69 71 67 30 86 89 21 2 3 32767 
32767 32767 32767 32767 52 32767 14 33 72 61 58 32767 80 41 32767 32767 32767 32767 28 28 17 32767 
92 63 32 52 32767 54 32767 76 37 12 32767 68 93 32767 67 22 37 46 32767 32767 32767 48 
4 32767 32767 32767 54 32767 34 14 97 15 25 32767 47 32767 32767 61 32767 27 32767 85 32767 82 
32767 38 38 14 32767 34 32767 32767 59 45 88 66 60 94 30 32767 32767 15 32767 76 53 13 
42 60 11 33 76 14 32767 32767 39 99 33 30 92 26 100 32767 5 32767 32767 44 15 58 
75 1 35 72 37 97 59 39 32767 38 76 39 81 95 66 34 32767 32767 30 67 32767 71 
32767 11 61 61 12 15 45 99 38 32767 32767 32767 32767 30 36 46 14 16 70 32767 17 3 
48 38 32767 58 32767 25 88 33 76 32767 32767 32767 55 1 32767 32767 17 32767 47 32767 32767 75 
50 32767 7 32767 68 32767 66 30 39 32767 32767 32767 8 32767 32 32767 47 60 63 32767 32767 32767 
36 78 69 80 93 47 60 92 81 32767 55 8 32767 79 80 6 32767 32767 52 20 32767 92 
73 32767 71 41 32767 32767 94 26 95 30 1 32767 79 32767 32767 51 32767 82 57 32767 32767 75 
39 18 67 32767 67 32767 30 100 66 36 32767 32 80 32767 32767 32767 20 29 38 32767 44 32767 
32767 24 30 32767 22 61 32767 32767 34 46 32767 32767 6 51 32767 32767 17 11 73 80 94 77 
32767 99 86 32767 37 32767 32767 5 32767 14 17 47 32767 32767 20 17 32767 63 17 73 17 29 
87 32767 89 32767 46 27 15 32767 32767 16 32767 60 32767 82 29 11 63 32767 90 35 17 23 
89 40 21 28 32767 32767 32767 32767 30 70 47 63 52 57 38 73 17 90 32767 40 32767 32767 
6 32767 2 28 32767 85 76 44 67 32767 32767 32767 20 32767 32767 80 73 35 40 32767 79 42 
14 1 3 17 32767 32767 53 15 32767 17 32767 32767 32767 32767 44 94 17 17 32767 79 32767 35 
62 5 32767 32767 48 82 13 58 71 3 75 32767 92 75 32767 77 29 23 32767 42 35 32767 
EOF