DIMENSION: 22
EDGE_WEIGHT_TYPE: EXPLICIT
EDGE_WEIGHT_FORMAT: FULL_MATRIX
EDGE_WEIGHT_SECTION:
32767 93 70 32767 32767 32767 32767 5 32767 100 68 32767 54 61 32767 32767 32767 5 32767 32767 18 85 
93 32767 54 32767 81 84 32767 32767 60 91 32767 59 66 27 10 69 65 32767 34 32767 34 32767 
70 54 32767 32767 38 87 64 32767 9 32767 21 76 1 74 97 76 32767 97 94 32767 51 32767 
32767 32767 32767 32767 88 74 44 56 32767 65 32767 93 100 32767 62 80 8 32767 58 32767 42 32767 
32767 81 38 88 32767 32767 53 55 92 54 78 32767 25 82 32767 32767 38 99 57 32767 32767 35 
32767 84 87 74 32767 32767 32767 100 32767 52 90 11 3 25 27 34 26 80 90 32767 32767 2 
32767 32767 64 44 53 32767 32767 64 32767 71 25 90 100 7 32767 64 14 24 2 40 15 32767 
5 32767 32767 56 55 100 64 32767 6 16 32767 32767 64 89 32767 30 73 90 63 93 47 27 
32767 60 9 32767 92 32767 32767 6 32767 32767 32767 32767 84 99 32767 32767 99 32767 14 8 8 32767 
100 91 32767 65 54 52 71 16 32767 32767 32 79 20 95 32767 63 33 92 14 67 68 5 
68 32767 21 32767 78 90 25 32767 32767 32 32767 51 74 72 99 32767 56 66 22 25 74 88 
32767 59 76 93 32767 11 90 32767 32767 79 51 32767 93 70 23 32767 32767 80 57 14 69 16 
54 66 1 100 25 3 100 64 84 20 74 93 32767 32767 32767 32767 28 41 26 13 32767 69 
61 27 74 32767 82 25 7 89 99 95 72 70 32767 32767 32767 39 16 4 94 29 58 32767 
32767 10 97 62 32767 27 32767 32767 32767 32767 99 23 32767 32767 32767 56 91 89 46 1 66 32767 
32767 69 76 80 32767 34 64 30 32767 63 32767 32767 32767 39 56 32767 41 32767 60 56 32767 69 
32767 65 32767 8 38 26 14 73 99 33 56 32767 28 16 91 41 32767 62 32767 42 70 32767 
5 32767 97 32767 99 80 24 90 32767 92 66 80 41 4 89 32767 62 32767 32767 54 43 32767 
32767 34 94 58 57 90 2 63 14 14 22 57 26 94 46 60 32767 32767 32767 40 17 48 
32767 32767 32767 32767 32767 32767 40 93 8 67 25 14 13 29 1 56 42 54 40 32767 73 1 
18 34 51 42 32767 32767 15 47 8 68 74 69 32767 58 66 32767 70 43 17 73 32767 32767 
85 32767 32767 32767 35 2 32767 27 32767 5 88 16 69 32767 32767 69 32767 32767 48 1 32767 32767 
EOF