DIMENSION: 22
EDGE_WEIGHT_TYPE: EXPLICIT
EDGE_WEIGHT_FORMAT: FULL_MATRIX
EDGE_WEIGHT_SECTION:
32767 69 68 32767 32767 25 65 36 52 32767 55 74 22 98 7 32767 94 42 88 29 62 50 
69 32767 15 73 32767 32767 81 79 32767 14 31 91 100 82 32767 83 23 19 81 26 33 97 
68 15 32767 22 43 98 65 50 32767 38 50 50 6 86 80 1 32767 47 96 71 76 20 
32767 73 22 32767 32 11 62 32767 32767 41 36 99 40 32767 13 26 32767 57 64 32767 39 96 
32767 32767 43 32 32767 24 74 92 78 5 32767 7 65 92 32767 63 72 24 95 5 94 96 
25 32767 98 11 24 32767 32767 69 27 2 32767 32767 32767 96 89 41 4 32767 75 74 81 8 
65 81 65 62 74 32767 32767 32767 60 38 30 68 32767 76 32767 100 41 91 32767 32767 36 68 
36 79 50 32767 92 69 32767 32767 32767 23 17 32767 90 32767 28 8 50 32767 32767 23 24 95 
52 32767 32767 32767 78 27 60 32767 32767 32767 32767 32767 32767 15 23 41 32767 9 57 66 78 94 
32767 14 38 41 5 2 38 23 32767 32767 32767 67 72 36 61 57 32767 89 32767 88 14 47 
55 31 50 36 32767 32767 30 17 32767 32767 32767 32767 32767 62 37 63 94 31 18 32767 53 64 
74 91 50 99 7 32767 68 32767 32767 67 32767 32767 5 100 32767 32767 32 41 62 47 32767 32 
22 100 6 40 65 32767 32767 90 32767 72 32767 5 32767 32767 32767 7 83 62 43 32767 91 91 
98 82 86 32767 92 96 76 32767 15 36 62 100 32767 32767 66 92 69 46 82 5 91 32767 
7 32767 80 13 32767 89 32767 28 23 61 37 32767 32767 66 32767 63 61 70 58 32767 100 32767 
32767 83 1 26 63 41 100 8 41 57 63 32767 7 92 63 32767 90 32767 88 81 70 2 
94 23 32767 32767 72 4 41 50 32767 32767 94 32 83 69 61 90 32767 9 73 14 32767 28 
42 19 47 57 24 32767 91 32767 9 89 31 41 62 46 70 32767 9 32767 99 46 31 2 
88 81 96 64 95 75 32767 32767 57 32767 18 62 43 82 58 88 73 99 32767 54 32767 95 
29 26 71 32767 5 74 32767 23 66 88 32767 47 32767 5 32767 81 14 46 54 32767 32767 82 
62 33 76 39 94 81 36 24 78 14 53 32767 91 91 100 70 32767 31 32767 32767 32767 32767 
50 97 20 96 96 8 68 95 94 47 64 32 91 32767 32767 2 28 2 95 82 32767 32767 
EOF