DIMENSION: 22
EDGE_WEIGHT_TYPE: EXPLICIT
EDGE_WEIGHT_FORMAT: FULL_MATRIX
EDGE_WEIGHT_SECTION:
32767 35 4 35 32767 41 32767 65 64 50 32767 32767 32767 11 48 12 32767 32767 80 32767 21 27 
35 32767 32767 13 32767 53 32767 70 32767 92 32767 46 10 71 24 33 34 7 84 90 47 98 
4 32767 32767 7 32767 32767 93 20 67 32767 76 40 32767 32767 65 8 8 11 13 55 18 73 
35 13 7 32767 32767 32767 32767 9 49 32767 70 13 87 35 14 31 17 29 32767 32767 47 28 
32767 32767 32767 32767 32767 96 71 11 32767 37 79 94 76 74 70 61 36 71 14 62 82 32767 
41 53 32767 32767 96 32767 36 48 32767 56 77 32767 22 51 51 100 41 57 32767 72 18 32767 
32767 32767 93 32767 71 36 32767 51 32767 86 37 14 16 30 64 32767 94 21 32767 32767 32767 32767 
65 70 20 9 11 48 51 32767 57 4 32767 32767 65 4 12 32767 95 38 28 32767 43 44 
64 32767 67 49 32767 32767 32767 57 32767 28 84 32767 74 89 92 52 72 32767 32767 89 32767 35 
50 92 32767 32767 37 56 86 4 28 32767 8 24 100 49 5 63 84 62 31 32767 32767 32767 
32767 32767 76 70 79 77 37 32767 84 8 32767 46 69 32767 58 55 83 88 32767 32767 23 35 
32767 46 40 13 94 32767 14 32767 32767 24 46 32767 67 14 91 21 68 10 81 28 1 50 
32767 10 32767 87 76 22 16 65 74 100 69 67 32767 76 72 41 7 32767 93 67 7 32 
11 71 32767 35 74 51 30 4 89 49 32767 14 76 32767 32767 56 22 32767 32767 32767 90 32767 
48 24 65 14 70 51 64 12 92 5 58 91 72 32767 32767 74 32767 1 64 91 32767 32767 
12 33 8 31 61 100 32767 32767 52 63 55 21 41 56 74 32767 32767 32767 32767 44 4 32767 
32767 34 8 17 36 41 94 95 72 84 83 68 7 22 32767 32767 32767 89 32767 40 14 73 
32767 7 11 29 71 57 21 38 32767 62 88 10 32767 32767 1 32767 89 32767 91 32767 16 32767 
80 84 13 32767 14 32767 32767 28 32767 31 32767 81 93 32767 64 32767 32767 91 32767 69 40 45 
32767 90 55 32767 62 72 32767 32767 89 32767 32767 28 67 32767 91 44 40 32767 69 32767 62 94 
21 47 18 47 82 18 32767 43 32767 32767 23 1 7 90 32767 4 14 16 40 62 32767 32767 
27 98 73 28 32767 32767 32767 44 35 32767 35 50 32 32767 32767 32767 73 32767 45 94 32767 32767 
EOF