DIMENSION: 22
EDGE_WEIGHT_TYPE: EXPLICIT
EDGE_WEIGHT_FORMAT: FULL_MATRIX
EDGE_WEIGHT_SECTION:
32767 14 24 32767 73 32 32767 86 82 54 32767 32767 58 85 32767 32767 32767 29 96 86 69 46 
14 32767 32767 32767 59 98 37 75 32767 32767 32767 82 32767 18 32767 32767 36 81 32767 32767 53 44 
24 32767 32767 32767 64 15 32767 7 24 66 94 32767 32767 1 42 79 32767 59 49 32767 83 64 
32767 32767 32767 32767 32767 31 32767 46 4 92 32767 37 32767 32767 100 32767 79 70 5 66 47 100 
73 59 64 32767 32767 39 93 32767 90 90 92 73 62 32767 14 19 66 61 72 2 79 33 
32 98 15 31 39 32767 32767 77 32767 32767 32767 64 99 57 32767 32767 32767 53 25 98 57 88 
32767 37 32767 32767 93 32767 32767 20 17 42 61 43 40 51 99 28 16 32 22 63 72 38 
86 75 7 46 32767 77 20 32767 57 69 32767 63 32767 32 80 100 94 59 75 14 93 13 
82 32767 24 4 90 32767 17 57 32767 54 78 32767 86 16 83 32767 80 32767 11 32767 93 32767 
54 32767 66 92 90 32767 42 69 54 32767 3 44 68 72 66 56 8 97 48 55 42 32767 
32767 32767 94 32767 92 32767 61 32767 78 3 32767 32767 95 90 17 84 25 99 32767 70 93 32767 
32767 82 32767 37 73 64 43 63 32767 44 32767 32767 46 32767 32767 32767 98 32767 32767 99 45 73 
58 32767 32767 32767 62 99 40 32767 86 68 95 46 32767 46 85 23 32767 32767 5 32767 75 32767 
85 18 1 32767 32767 57 51 32 16 72 90 32767 46 32767 32767 32767 67 34 32 18 32767 68 
32767 32767 42 100 14 32767 99 80 83 66 17 32767 85 32767 32767 60 32767 28 79 85 70 50 
32767 32767 79 32767 19 32767 28 100 32767 56 84 32767 23 32767 60 32767 32767 78 32767 32767 26 70 
32767 36 32767 79 66 32767 16 94 80 8 25 98 32767 67 32767 32767 32767 14 89 32767 32767 63 
29 81 59 70 61 53 32 59 32767 97 99 32767 32767 34 28 78 14 32767 41 41 1 58 
96 32767 49 5 72 25 22 75 11 48 32767 32767 5 32 79 32767 89 41 32767 32767 32767 86 
86 32767 32767 66 2 98 63 14 32767 55 70 99 32767 18 85 32767 32767 41 32767 32767 59 36 
69 53 83 47 79 57 72 93 93 42 93 45 75 32767 70 26 32767 1 32767 59 32767 12 
46 44 64 100 33 88 38 13 32767 32767 32767 73 32767 68 50 70 63 58 86 36 12 32767 
EOF