DIMENSION: 22
EDGE_WEIGHT_TYPE: EXPLICIT
EDGE_WEIGHT_FORMAT: FULL_MATRIX
EDGE_WEIGHT_SECTION:
32767 60 19 91 39 54 66 43 10 49 32767 16 60 32767 32767 26 32767 32767 32767 30 32767 32767 
60 32767 92 78 25 56 89 31 32767 32767 32767 32767 32767 54 89 77 76 32767 59 32767 71 73 
19 92 32767 90 32767 72 32767 60 69 19 13 97 88 50 100 96 35 1 21 32767 10 32767 
91 78 90 32767 32767 37 93 41 32767 40 87 32767 75 33 72 86 32767 93 52 68 27 32767 
39 25 32767 32767 32767 32767 83 4 32767 32767 44 22 32767 53 32767 37 1 32767 32767 92 32767 32767 
54 56 72 37 32767 32767 32767 5 32767 51 32767 32767 32767 33 9 32767 32767 63 82 32767 58 95 
66 89 32767 93 83 32767 32767 100 5 9 86 46 23 11 80 37 51 32767 32767 40 9 32767 
43 31 60 41 4 5 100 32767 32767 61 80 12 51 25 73 53 32767 32767 32767 32767 57 32767 
10 32767 69 32767 32767 32767 5 32767 32767 59 32767 86 82 32767 70 26 43 63 87 32767 75 71 
49 32767 19 40 32767 51 9 61 59 32767 1 32767 32767 32767 51 32767 9 13 32767 95 79 55 
32767 32767 13 87 44 32767 86 80 32767 1 32767 32767 97 30 27 23 70 32767 32767 32767 32767 32767 
16 32767 97 32767 22 32767 46 12 86 32767 32767 32767 32767 32767 66 36 32767 32767 87 21 58 21 
60 32767 88 75 32767 32767 23 51 82 32767 97 32767 32767 24 6 32767 22 44 17 32767 47 32767 
32767 54 50 33 53 33 11 25 32767 32767 30 32767 24 32767 59 32767 42 31 32767 18 19 40 
32767 89 100 72 32767 9 80 73 70 51 27 66 6 59 32767 55 21 32767 18 95 50 58 
26 77 96 86 37 32767 37 53 26 32767 23 36 32767 32767 55 32767 6 32767 99 32767 9 74 
32767 76 35 32767 1 32767 51 32767 43 9 70 32767 22 42 21 6 32767 32767 71 76 42 32767 
32767 32767 1 93 32767 63 32767 32767 63 13 32767 32767 44 31 32767 32767 32767 32767 97 7 56 70 
32767 59 21 52 32767 82 32767 32767 87 32767 32767 87 17 32767 18 99 71 97 32767 17 90 47 
30 32767 32767 68 92 32767 40 32767 32767 95 32767 21 32767 18 95 32767 76 7 17 32767 32767 32767 
32767 71 10 27 32767 58 9 57 75 79 32767 58 47 19 50 9 42 56 90 32767 32767 45 
32767 73 32767 32767 32767 95 32767 32767 71 55 32767 21 32767 40 58 74 32767 70 47 32767 45 32767 
EOF